0 0 0 0 0 0 1000 
0 0 0 0 0 0 0 0 1000 
0 0 0 0 0 0 0 59 343 149 
0 0 0 0 0 0 0 97 596 312 
0 0 0 0 0 0 57 50 131 581 
0 0 0 0 0 0 0 18 1000 
0 0 0 0 0 32 27 157 363 166 
0 0 0 0 0 0 1 271 540 182 
0 0 0 0 0 0 0 1000 
0 0 0 0 0 0 0 25 1000 
0 0 0 0 0 0 3 1000 
0 0 0 0 0 0 0 1000 
0 0 0 0 0 0 1000 
0 0 0 0 0 0 1000 
0 0 0 0 0 0 0 112 258 710 
0 0 0 0 0 0 0 1000 
0 0 0 0 0 0 4 1000 
0 0 0 0 0 0 1 63 506 253 
0 0 0 0 0 0 3 132 1000 
0 0 0 0 0 0 0 1000 
0 0 0 0 0 0 0 1000 
0 0 0 0 0 0 0 194 172 498 
0 0 0 0 0 0 0 67 1000 
0 0 0 0 0 0 4 45 1000 
0 0 0 0 0 0 0 1000 
0 0 0 0 0 0 0 43 1000 
0 0 0 0 0 0 0 1000 
0 0 0 0 0 0 5 72 1000 
0 0 0 0 0 25 14 172 1000 
0 0 0 0 0 0 0 1000 
0 0 0 0 0 0 6 1000 
0 0 0 0 0 0 1000 
0 0 0 0 0 0 1 252 174 634 
0 0 0 0 0 0 0 4 346 1000 
0 0 0 0 0 0 69 207 163 448 
0 0 0 0 0 1000 
0 0 0 0 0 0 1000 
0 0 0 0 0 0 5 198 674 267 
0 0 0 0 0 0 1000 
0 0 0 0 0 0 0 1000 
0 0 0 0 0 0 0 1000 
0 0 0 0 0 0 0 1000 
0 0 0 0 0 0 1000 
