0 0 0 0 0 0 0 6 4 36 
0 0 0 0 0 0 0 2 30 22 
0 0 0 0 0 0 0 1 23 1 
0 0 0 0 0 0 6 12 24 34 
0 0 0 0 0 0 100 
0 0 0 0 0 0 0 1 17 100 
0 0 0 0 0 0 0 2 1 37 
0 0 0 0 0 0 0 9 32 12 
0 0 0 0 0 0 1 11 11 15 
0 0 0 0 0 0 0 1 29 3 
0 0 0 0 0 0 0 1 15 22 
0 0 0 0 0 0 0 1 14 18 
0 0 0 0 0 0 1 8 27 26 
0 0 0 0 0 0 0 13 9 2 
0 0 0 0 0 0 0 1 2 4 
0 0 0 0 0 0 0 3 12 1 
0 0 0 0 0 0 6 2 11 46 
0 0 0 0 0 0 100 
0 0 0 0 0 0 1 11 10 12 
0 0 0 0 0 0 0 10 5 13 
0 0 0 0 0 0 0 5 3 36 
0 0 0 0 0 0 4 12 9 100 
0 0 0 0 0 0 7 8 18 1 
0 0 0 0 0 0 3 11 8 46 
0 0 0 0 0 100 
0 0 0 0 0 0 0 4 11 8 
0 0 0 0 0 0 0 1 17 100 
0 0 0 0 0 0 1 7 15 14 
0 0 0 0 0 0 0 4 23 100 
0 0 0 0 0 0 1 7 1 24 
0 0 0 0 0 0 1 12 7 33 
0 0 0 0 0 0 0 3 10 40 
0 0 0 0 0 0 0 8 4 35 
0 0 0 0 0 0 0 4 16 38 
0 0 0 0 0 0 0 2 25 3 
0 0 0 0 0 0 0 1 20 17 
0 0 0 0 0 0 3 22 5 15 
0 0 0 0 0 0 0 12 9 100 
0 0 0 0 0 0 1 11 20 25 
0 0 0 0 0 0 1 4 20 27 
0 0 0 0 0 0 0 1 22 29 
0 0 0 0 0 0 0 5 0 6 
0 0 0 0 0 0 5 11 8 41 
0 0 0 0 0 0 0 2 20 100 
0 0 0 0 0 0 0 7 5 39 
0 0 0 0 0 0 3 23 15 30 
0 0 0 0 0 0 1 14 24 34 
0 0 0 0 0 0 1 3 1 33 
0 0 0 0 0 0 2 8 8 100 
0 0 0 0 0 0 100 
0 0 0 0 0 0 1 3 6 23 
0 0 0 0 0 0 0 6 16 26 
0 0 0 0 0 0 0 1 17 29 
0 0 0 0 0 0 3 12 13 44 
0 0 0 0 0 0 1 100 
0 0 0 0 0 0 1 10 17 51 
0 0 0 0 0 0 1 6 12 19 
0 0 0 0 0 0 1 1 7 24 
0 0 0 0 0 0 1 22 13 13 
0 0 0 0 0 0 0 1 1 3 
0 0 0 0 0 0 0 8 26 12 
0 0 0 0 0 0 1 7 17 12 
0 0 0 0 0 0 0 6 10 16 
0 0 0 0 0 0 0 1 14 50 
0 0 0 0 0 0 0 8 6 100 
0 0 0 0 0 0 2 9 13 41 
0 0 0 0 0 0 0 0 12 24 
0 0 0 0 0 0 100 
0 0 0 0 0 0 14 18 1 100 
0 0 0 0 0 0 1 7 11 4 
0 0 0 0 0 0 4 9 25 9 
0 0 0 0 0 0 100 
0 0 0 0 0 0 0 100 
0 0 0 0 0 0 0 3 22 100 
0 0 0 0 0 0 4 16 5 100 
0 0 0 0 0 0 1 19 13 35 
0 0 0 0 0 0 7 4 10 100 
0 0 0 0 0 0 8 1 15 100 
0 0 0 0 0 0 0 15 5 100 
0 0 0 0 0 0 1 5 14 33 
0 0 0 0 0 0 1 2 13 17 
0 0 0 0 0 0 1 18 9 36 
0 0 0 0 0 0 0 3 7 44 
0 0 0 0 0 0 0 11 15 11 
0 0 0 0 0 0 1 13 3 100 
0 0 0 0 0 0 8 15 6 100 
0 0 0 0 0 0 0 2 6 28 
0 0 0 0 0 0 0 1 1 2 
0 0 0 0 0 0 5 17 6 24 
0 0 0 0 0 0 0 9 6 45 
0 0 0 0 0 0 0 6 17 12 
0 0 0 0 0 0 100 
0 0 0 0 0 0 1 8 3 20 
0 0 0 0 0 0 0 9 19 11 
0 0 0 0 0 0 4 1 100 
0 0 0 0 0 0 6 14 13 100 
0 0 0 0 0 0 0 3 1 17 
0 0 0 0 0 0 7 14 11 100 
0 0 0 0 0 0 6 1 2 57 
0 0 0 0 0 0 0 5 3 10 
0 0 0 0 0 0 1 8 100 
0 0 0 0 0 0 0 8 52 100 
0 0 0 0 0 0 0 6 32 100 
0 0 0 0 0 0 100 
0 0 0 0 0 0 3 1 11 100 
0 0 0 0 0 0 0 9 1 100 
0 0 0 0 0 0 0 1 13 100 
0 0 0 0 0 0 0 1 24 18 
0 0 0 0 0 0 0 5 3 25 
0 0 0 0 0 0 0 6 10 51 
0 0 0 0 0 0 1 12 24 8 
0 0 0 0 0 0 0 16 34 7 
0 0 0 0 0 0 0 1 16 16 
0 0 0 0 0 0 0 13 13 16 
0 0 0 0 0 0 7 12 5 100 
0 0 0 0 0 0 0 8 13 7 
0 0 0 0 0 100 
0 0 0 0 0 0 1 1 22 17 
0 0 0 0 0 0 0 1 7 1 
0 0 0 0 0 0 100 
0 0 0 0 0 0 5 1 8 17 
0 0 0 0 0 0 3 1 13 100 
0 0 0 0 0 0 0 1 10 31 
0 0 0 0 0 0 8 2 14 11 
0 0 0 0 0 0 6 9 2 100 
0 0 0 0 0 0 1 1 13 4 
0 0 0 0 0 0 3 1 7 2 
0 0 0 0 0 0 0 10 31 100 
0 0 0 0 0 0 0 2 22 23 
0 0 0 0 0 0 0 1 12 20 
0 0 0 0 0 0 0 2 10 100 
0 0 0 0 0 0 1 6 9 39 
0 0 0 0 0 0 1 1 20 100 
0 0 0 0 0 0 1 1 1 47 
0 0 0 0 0 0 14 1 12 49 
0 0 0 0 0 0 4 9 12 100 
0 0 0 0 0 0 1 11 9 25 
0 0 0 0 0 0 0 6 13 27 
0 0 0 0 0 0 100 
0 0 0 0 0 0 1 1 17 100 
0 0 0 0 0 0 1 9 27 36 
0 0 0 0 0 0 3 1 16 51 
0 0 0 0 0 0 0 3 2 100 
0 0 0 0 0 0 0 3 11 14 
0 0 0 0 0 0 5 6 22 28 
0 0 0 0 0 1 4 8 1 23 
0 0 0 0 0 0 0 4 3 27 
0 0 0 0 0 0 0 100 
0 0 0 0 0 0 5 15 13 27 
0 0 0 0 0 0 7 4 6 17 
0 0 0 0 0 0 2 1 2 9 
0 0 0 0 0 0 1 10 20 29 
0 0 0 0 0 0 0 5 25 100 
0 0 0 0 0 0 0 8 8 12 
0 0 0 0 0 0 0 6 10 30 
0 0 0 0 0 0 2 1 35 100 
0 0 0 0 0 0 1 14 10 6 
0 0 0 0 0 0 1 6 29 3 
0 0 0 0 0 0 0 1 7 23 
0 0 0 0 0 0 1 10 2 11 
0 0 0 0 0 0 2 7 4 100 
0 0 0 0 0 0 2 3 4 16 
0 0 0 0 0 0 0 9 7 35 
0 0 0 0 0 0 0 20 17 23 
0 0 0 0 0 0 0 1 23 13 
0 0 0 0 0 0 0 5 39 100 
0 0 0 0 0 0 8 12 1 27 
0 0 0 0 0 0 0 3 0 2 
0 0 0 0 0 0 0 6 18 35 
0 0 0 0 0 0 2 1 11 65 
0 0 0 0 0 0 100 
0 0 0 0 0 0 0 11 15 100 
0 0 0 0 0 0 0 18 13 100 
0 0 0 0 0 0 0 3 13 10 
0 0 0 0 0 0 1 6 13 32 
0 0 0 0 0 0 1 1 15 17 
0 0 0 0 0 0 5 7 2 5 
0 0 0 0 0 0 100 
0 0 0 0 0 0 0 1 17 28 
0 0 0 0 0 0 100 
0 0 0 0 0 0 1 13 6 38 
0 0 0 0 0 0 1 14 1 100 
0 0 0 0 0 0 100 
0 0 0 0 0 0 0 7 9 45 
0 0 0 0 0 0 4 5 13 100 
0 0 0 0 0 0 0 8 12 18 
0 0 0 0 0 0 4 16 15 32 
0 0 0 0 0 0 3 8 2 100 
0 0 0 0 0 0 1 20 11 1 
0 0 0 0 0 0 0 1 1 27 
0 0 0 0 0 0 1 15 14 14 
0 0 0 0 0 0 4 10 3 35 
0 0 0 0 0 0 0 1 3 10 
0 0 0 0 0 0 0 11 9 41 
0 0 0 0 0 0 1 9 10 40 
0 0 0 0 0 0 1 1 1 100 
0 0 0 0 0 0 0 2 16 1 
0 0 0 0 0 0 0 12 15 5 
0 0 0 0 0 0 0 15 20 32 
0 0 0 0 0 0 0 1 22 27 
0 0 0 0 0 0 0 1 6 19 
0 0 0 0 0 0 3 9 18 100 
0 0 0 0 0 0 4 18 6 100 
0 0 0 0 0 0 0 1 4 31 
0 0 0 0 0 0 1 1 1 8 
0 0 0 0 0 0 1 21 1 17 
0 0 0 0 0 0 3 9 4 10 
0 0 0 0 0 0 0 1 1 1 
0 0 0 0 0 0 0 14 11 100 
0 0 0 0 0 0 2 7 5 10 
0 0 0 0 0 0 0 1 6 27 
0 0 0 0 0 0 1 18 3 37 
0 0 0 0 0 0 0 23 39 100 
0 0 0 0 0 0 6 1 2 14 
0 0 0 0 0 0 0 5 13 16 
0 0 0 0 0 0 0 5 6 3 
0 0 0 0 0 0 1 4 26 100 
0 0 0 0 0 0 100 
0 0 0 0 0 0 0 1 1 1 
0 0 0 0 0 0 1 7 12 11 
0 0 0 0 0 0 8 5 7 12 
0 0 0 0 0 0 0 4 27 34 
0 0 0 0 0 0 0 100 
0 0 0 0 0 0 4 4 10 24 
0 0 0 0 0 0 1 4 1 48 
0 0 0 0 0 0 6 1 7 11 
0 0 0 0 0 0 0 5 37 6 
0 0 0 0 0 0 1 8 13 17 
0 0 0 0 0 0 1 8 11 68 
0 0 0 0 0 0 1 1 19 15 
0 0 0 0 0 0 11 0 10 25 
0 0 0 0 0 4 5 16 9 36 
0 0 0 0 0 0 0 5 26 6 
0 0 0 0 0 0 10 1 11 100 
0 0 0 0 0 0 3 1 1 1 
0 0 0 0 0 0 0 11 28 14 
0 0 0 0 0 0 0 4 14 17 
0 0 0 0 0 0 1 5 1 100 
0 0 0 0 0 0 0 6 14 21 
0 0 0 0 0 0 100 
0 0 0 0 0 0 11 3 13 27 
0 0 0 0 0 0 1 18 7 1 
0 0 0 0 0 0 1 8 7 33 
0 0 0 0 0 0 0 3 10 1 
0 0 0 0 0 0 3 11 17 33 
0 0 0 0 0 0 0 0 1 2 
0 0 0 0 0 0 1 2 16 3 
0 0 0 0 0 0 1 12 11 15 
0 0 0 0 0 0 0 2 5 25 
0 0 0 0 0 0 56 100 
0 0 0 0 0 0 0 1 9 100 
0 0 0 0 0 0 100 
0 0 0 0 0 0 0 1 0 39 
0 0 0 0 0 0 2 11 11 34 
0 0 0 0 0 0 0 4 30 23 
0 0 0 0 0 0 0 3 21 21 
0 0 0 0 0 0 1 12 10 70 
0 0 0 0 0 0 0 2 14 17 
0 0 0 0 0 0 1 13 3 37 
0 0 0 0 0 0 3 12 15 100 
0 0 0 0 0 0 4 1 18 100 
0 0 0 0 0 0 100 
0 0 0 0 0 0 1 12 9 40 
0 0 0 0 0 0 0 1 18 3 
0 0 0 0 0 0 0 6 14 100 
0 0 0 0 0 0 5 10 1 14 
0 0 0 0 0 0 7 1 7 100 
0 0 0 0 0 0 0 9 7 30 
0 0 0 0 0 0 1 5 8 6 
0 0 0 0 0 0 4 25 5 37 
0 0 0 0 0 0 2 5 11 5 
0 0 0 0 0 0 0 4 11 100 
0 0 0 0 0 0 0 12 23 100 
0 0 0 0 0 0 1 3 4 100 
0 0 0 0 0 0 0 13 2 13 
0 0 0 0 0 0 0 2 10 58 
0 0 0 0 0 0 8 11 1 41 
0 0 0 0 0 0 1 7 6 100 
0 0 0 0 0 0 1 4 18 100 
0 0 0 0 0 0 0 15 34 19 
0 0 0 0 0 0 3 10 16 100 
0 0 0 0 0 0 1 1 15 8 
0 0 0 0 0 0 0 6 27 18 
0 0 0 0 0 0 1 5 1 15 
0 0 0 0 0 0 100 
0 0 0 0 0 0 0 6 27 40 
0 0 0 0 0 8 0 1 100 
0 0 0 0 0 0 0 2 22 43 
0 0 0 0 0 0 0 4 7 42 
0 0 0 0 0 0 1 100 
0 0 0 0 0 0 0 17 1 11 
0 0 0 0 0 0 0 1 17 25 
0 0 0 0 0 1 5 18 40 4 
0 0 0 0 0 0 0 20 9 78 
0 0 0 0 0 0 0 5 13 1 
0 0 0 0 0 0 0 5 2 5 
0 0 0 0 0 0 0 3 4 13 
0 0 0 0 0 0 0 15 6 5 
0 0 0 0 0 0 0 9 19 26 
0 0 0 0 0 0 1 9 9 100 
0 0 0 0 0 0 0 1 1 1 
0 0 0 0 0 0 100 
0 0 0 0 0 0 3 100 
0 0 0 0 0 0 7 3 12 8 
0 0 0 0 0 0 1 17 2 17 
0 0 0 0 0 0 14 3 6 3 
0 0 0 0 0 0 3 15 51 100 
0 0 0 0 0 0 0 1 12 16 
0 0 0 0 0 0 0 15 6 19 
0 0 0 0 0 0 0 1 3 12 
0 0 0 0 0 0 0 1 17 7 
0 0 0 0 0 0 0 3 19 40 
0 0 0 0 0 0 6 5 23 21 
0 0 0 0 0 0 0 3 11 27 
0 0 0 0 0 0 4 16 1 25 
0 0 0 0 0 100 
0 0 0 0 0 0 0 17 11 16 
0 0 0 0 0 0 1 7 1 24 
0 0 0 0 0 0 0 5 9 12 
0 0 0 0 0 0 100 
0 0 0 0 0 0 0 14 8 32 
0 0 0 0 0 0 0 7 3 5 
0 0 0 0 0 0 0 7 27 0 
0 0 0 0 0 0 9 1 2 35 
0 0 0 0 0 0 0 1 4 13 
0 0 0 0 0 0 1 100 
0 0 0 0 0 0 4 2 5 11 
0 0 0 0 0 0 0 7 5 51 
0 0 0 0 0 0 1 13 23 25 
0 0 0 0 0 0 0 2 11 33 
0 0 0 0 0 0 1 15 9 5 
0 0 0 0 0 0 8 1 10 31 
0 0 0 0 0 0 0 5 7 100 
0 0 0 0 0 0 0 14 18 35 
0 0 0 0 0 0 0 7 20 100 
0 0 0 0 0 0 1 16 4 14 
0 0 0 0 0 0 1 5 8 47 
0 0 0 0 0 0 6 9 6 50 
0 0 0 0 0 0 0 3 1 17 
0 0 0 0 0 0 0 12 12 2 
0 0 0 0 0 0 1 1 13 26 
0 0 0 0 0 0 2 6 14 100 
0 0 0 0 0 0 1 14 11 2 
0 0 0 0 0 0 4 7 1 24 
0 0 0 0 0 0 1 9 15 7 
0 0 0 0 0 5 0 12 2 2 
0 0 0 0 0 0 0 4 19 10 
0 0 0 0 0 1 6 10 3 5 
0 0 0 0 0 1 0 10 23 13 
0 0 0 0 0 0 50 0 1 0 
0 0 0 0 0 0 0 17 5 43 
0 0 0 0 0 0 0 1 13 8 
0 0 0 0 0 0 100 
0 0 0 0 0 0 3 5 17 13 
0 0 0 0 0 0 0 100 
0 0 0 0 0 0 0 19 10 15 
0 0 0 0 0 0 0 2 15 18 
0 0 0 0 0 0 100 
0 0 0 0 0 0 0 1 1 11 
0 0 0 0 0 0 0 2 13 0 
0 0 0 0 0 0 0 6 20 17 
0 0 0 0 0 0 4 6 4 21 
0 0 0 0 0 0 6 22 3 43 
0 0 0 0 0 0 0 2 11 100 
0 0 0 0 0 0 1 8 20 2 
0 0 0 0 0 0 4 16 100 
0 0 0 0 0 0 0 16 2 100 
0 0 0 0 0 0 1 10 8 44 
0 0 0 0 0 0 0 1 8 100 
0 0 0 0 0 0 0 100 
0 0 0 0 0 1 1 9 19 100 
0 0 0 0 0 0 100 
0 0 0 0 0 0 1 14 9 2 
0 0 0 0 0 0 1 4 24 30 
0 0 0 0 0 0 0 2 17 11 
0 0 0 0 0 0 0 6 8 20 
0 0 0 0 0 0 1 14 3 100 
0 0 0 0 0 0 0 4 5 24 
0 0 0 0 0 0 2 5 8 15 
0 0 0 0 0 0 4 12 6 38 
0 0 0 0 0 0 0 1 11 58 
0 0 0 0 0 0 1 1 23 100 
0 0 0 0 0 0 0 3 14 1 
0 0 0 0 0 0 1 10 1 16 
0 0 0 0 0 0 0 100 
0 0 0 0 0 0 0 5 35 36 
0 0 0 0 0 0 10 2 1 29 
0 0 0 0 0 0 0 3 30 4 
0 0 0 0 0 0 0 13 11 9 
0 0 0 0 0 0 0 11 2 15 
0 0 0 0 0 0 0 17 2 21 
0 0 0 0 0 0 3 9 23 13 
0 0 0 0 0 0 0 2 21 4 
0 0 0 0 0 0 1 1 35 17 
0 0 0 0 0 0 4 25 3 27 
0 0 0 0 0 0 6 4 26 3 
0 0 0 0 0 0 0 15 14 1 
0 0 0 0 0 0 0 2 25 32 
0 0 0 0 0 0 0 2 15 1 
0 0 0 0 0 0 0 12 12 23 
0 0 0 0 0 0 3 4 3 33 
0 0 0 0 0 0 8 3 33 8 
0 0 0 0 0 0 2 23 24 14 
0 0 0 0 0 0 0 13 15 100 
0 0 0 0 0 1 10 5 26 21 
0 0 0 0 0 0 0 1 100 
0 0 0 0 0 0 2 3 17 36 
0 0 0 0 0 0 5 5 28 100 
0 0 0 0 0 0 0 12 8 2 
0 0 0 0 0 0 0 8 26 39 
0 0 0 0 0 0 5 18 4 7 
0 0 0 0 0 0 1 1 1 1 
0 0 0 0 0 0 0 5 5 48 
0 0 0 0 0 0 4 10 9 52 
0 0 0 0 0 0 11 9 23 100 
0 0 0 0 0 0 0 9 18 33 
0 0 0 0 0 0 0 9 10 10 
0 0 0 0 0 0 6 9 24 18 
0 0 0 0 0 0 0 7 14 11 
0 0 0 0 0 0 100 
0 0 0 0 0 0 0 3 12 33 
0 0 0 0 0 0 2 9 17 44 
0 0 0 0 0 0 1 4 2 44 
0 0 0 0 0 0 0 4 19 100 
0 0 0 0 0 0 1 6 12 46 
0 0 0 0 0 0 100 
0 0 0 0 0 0 0 3 18 20 
0 0 0 0 0 0 1 5 7 100 
0 0 0 0 0 0 1 10 11 24 
0 0 0 0 0 0 0 7 21 49 
0 0 0 0 0 0 0 1 8 100 
