0 0.0484226 0 0 0 0 0 0 0 0 0 0 0 -0.00410838 0 0 -0.00469753 0 0 -0.00456749 0 0 -0.00316825 0 0 0 0 0 
0 0 0 0 0 0 0 0 0 0 0 0 0 0 0 0 -0.00468917 0 0 0 0 0 0 0 0 0 0 0 
0.0402397 0.0478825 0 0 0.0410291 0 0.0198009 0 0 0 0 0 0 0 0 0 0 0 0 0 0 0 0 0 0 0.00910896 0 0 
0.0396354 0 0 0 0 0 0 0 0 0 0 0 0 0 0 0 0 0 -0.00434301 0 -0.00415023 0 0 0 0 0 0 0 
0 0 0 0 0 0 0 0 0 0 -0.00173486 0 -0.00334863 0 0 0 0 0 0 0 0 -0.00368998 0 0 0 0 0 0 
0 0 0 0 0 0 0 0 0.00394682 0 0 0 0 0 0 0 0 0 0 0 0 0 0 0 0 0 0 0 
0 0 0 0 0 0 0 0 0 0 0 0 -0.00277191 0 0 0 0 0 0 -0.00357242 0 0 0 0 0 0 0.0168623 0 
0 0 0.0432075 0 0.0350003 0 0.0171381 0.00924947 0.00382414 0 0 0 -0.00263894 0 0 0 -0.00319071 0 0 0 0 0 0 0 0 0 0 0 
0 0 0 0.0384416 0 0 0.016115 0 0 0 0 0 0 -0.00227443 0 0 0 0 0 -0.00273489 0 0 0 0 0 0.00794093 0 0 
0 0 0 0 0.0300683 0 0 0 0.00381646 0 0 0 0 -0.00171785 0 0 0 0 -0.00216083 0 -0.00208674 0 0 0 0 0 0 0 
0 0 0 0 0 0 0 0 0 0 0 -0.000821098 0 0 0 0 0 0 0 0 0 0 0 0 0 0 0 0 
0 0 0 0 0 0 0 0 0 0 0 0 0 0 0 0 -0.000792995 0 0 0 0 0 0 0 0 0 0 0 
0 0 0.0255675 0 0 0 0 0 0 0.00155289 0 0 0 0 0 0 0 0 -8.70239e-05 -5.5045e-05 0 0 0 0 0 0 0 0.0159084 
0 0 0 0 0 0 0 0 0 0 0 0 0.000695031 0 0 0 0 0.000492343 0 0 0 0 0 0 0.00321121 0 0 0 
0 0 0 0.0172552 0 0 0 0 0 0 0.00142197 0 0 0.00102833 0 0 0 0 0 0 0 0 0 0 0.00336744 0 0.00823044 0 
0 0 0 0 0 0 0 0.00481298 0.00326995 0 0 0 0.00155468 0 0.00155871 0.00159928 0 0 0 0 0 0 0 0 0 0 0 0 
0.0100952 0 0 0 0 0 0.00629365 0 0 0 0 0 0 0 0 0 0 0 0.00215128 0 0 0 0 0 0.00340253 0 0 0 
0 0 0 0 0 0 0 0 0 0 0 0 0 0 0 0 0 0 0 0 0.00260424 0 0 0 0.00339665 0 0 0.00686537 
0.00678819 0 0 0 0 0 0 0.00405868 0 0 0 0 0 0.00255855 0 0 0.00283939 0 0 0 0 0.00288502 0 0 0 0 0 0 
0 0.00635916 0 0 0 0 0 0 0 0.00294705 0 0 0 0 0 0 0 0 0 0 0 0 0 0 0 0 0 0.00519768 
0 0 0 0 0.00614984 0 0 0 0 0 0 0 0 0 0 0 0 0 0.00309026 0 0 0 0 0 0 0 0.00405362 0 
0 0 0 0 0 0 0 0 0 0 0 0 0 0 0 0 0.00314825 0 0 0 0 0 0.00315054 0 0.00328973 0 0.00372906 0 
0 0 0 0 0 0.00708655 0 0 0 0 0 0 0 0.0018934 0 0 0 0 0 0 0 0 0 0 0 0.00341507 0 0 
0.00397585 0.00476325 0 0.00692188 0 0 0 0 0 0 0 0 0 0 0.00210717 0 0 0 0 0 0 0 0 0 0 0 0 0 
0 0 0 0 0.00954407 0 0.0100066 0 0 0.00471419 0 0 0 0 0 0 0 0 0 0 0 0 0 0 0 0 0 0 
0.0041839 0 0 0 0 0 0 0 0 0 0 0 0 0 0 0 0 0 0 0 0 0.0024267 0 0.00245837 0 0 0 0 
0 0.00637661 0.00911931 0 0 0 0.0160346 0 0 0.00617845 0 0 -0.00111807 0 -0.000222114 0 0 0 0 0.00196881 0 0.00196309 0 0 0 0.00220118 0 0 
0 0 0 0 0 0 0 0 0 0 0 0 0 0 0 0 0 0 0 0 0.00174893 0.001796 0 0 0 0 0 0 
0 0 0 0 0 0 0.0240296 0.0204609 0 0 0 0 0 0 0 -0.00118563 0 0 0 0 0.00112198 0 0 0 0 0 0 0 
0 0 0 0 0 0 0 0 0 0 0 -0.00329542 0 0 0 0 0 0 0 0 0 0 0 0 0 0 0 0 
0 0 0 0 0.0302525 0 0 0 0 0 0 0 0 0 0 0 0 0 0 0 -2.30284e-05 0 0 0 0 0 0 0.00248912 
0 0 0 0.0268624 0.034202 0 0 0.0318665 0.0222814 0 0.0012273 0 0 0 0 0 0 0 0 0 0 0 0 0 0 0 0 0 
0 0.0116607 0 0 0 0 0 0 0 0 0 0 0 0 0 0 0 0 0 -0.00101825 -0.000930854 0 0 0 0 0 0 0 
0 0 0 0 0 0 0 0 0 0 0.00120976 0 0 0 0 -0.00571179 0 0 -0.00164501 0 0 0 0 0 -0.00100346 -0.00063378 0 0 
0 0 0.0227784 0 0 0 0 0 0 0 0 0 0 0 0 0 0 -0.00287515 0 0 0 0 0 0 0 0 0 0 
0 0 0 0 0.0460327 0 0 0 0.0306099 0 0 0 0 0 0 0 0 0 -0.00258967 0 0 -0.00199236 0 0 0 -0.00124597 0 0 
0 0 0 0 0 0 0 0 0.0321939 0 0 0 0 0 0 0 0 -0.00365083 0 0 0 0 0 0 0 0 0 0 
0.00558849 0 0 0 0 0 0 0 0 0 0 -0.0069154 0 0 0 0 0 0 0 0 0 0 0 0 0 0 0 0 
0 0 0 0 0 0 0 0 0 0 0 0 0 0 0 0 0 0 0 0 0 0 0 0 0 0 0 0 
0 0 0 0 0 0.0550835 0 0 0 0.020933 0 0 0 0 0 0 0 0 0 0 0 -0.00317311 0 0 0 0 0 0.000669326 
0 0 0 0 0 0 0 0 0 0 0 0 0 0 0 0 0 0 0 0 0 0 0 0 0 0 0 0.000272459 
0.00420605 0 0 0 0 0 0 0 0 0 0 0 0 0 0 0 0 -0.00435266 0 0 0 0 0 0 0 0 0 0 
0 0 0.0207511 0 0 0 0 0 0 0 0 0 0 0 0 0 0 0 0 0 -0.00395964 0 0 0 0 0 0 0 
0 0 0.0191188 0 0 0 0 0 0 0 0 0 0 0 0 0 0 -0.00424418 0 0 -0.00413726 0 0 0 0 -0.00348589 0 0 
0 0 0 0 0 0.045589 0 0 0 0 0 0 0 0 0 -0.0031512 0 0 -0.00437218 0 0 0 0 0 0 0 0 0 
0 0.00704921 0.0151659 0 0.0345846 0 0 0 0 0 0 0 0 0 0 0 0 0 0 0 0 0 0 0 0 0 0 0 
0 0 0 0.0222598 0 0 0 0 0 0 0 0 0 0 0 0 0 0 0 -0.0045453 0 0 0 0 0 0 0 0 
0 0.004395 0 0 0 0 0 0 0 0 0 0 0 0 0 0 0 0 0 0 -0.00463231 0 0 0 0 0 0 0 
0 0 0 0 0 0 0 0.0407671 0 0 0 0.0275908 0 0.0131712 0 0 0 0 0 0 -0.00455662 0 -0.00447499 0 -0.0044769 0 -0.00387066 0 
0 0 0 0.0128168 0.0197111 0 0 0 0 0 0.0368115 0 0 0 0.00876985 0 0 0 0 0 0 -0.00450142 0 -0.00441573 0 -0.00422667 -0.00393179 0 
0 0 0 0 0 0 0 0 0 0 0 0 0 0.0190104 0 0 0 0 0 0 0 0 -0.00431582 0 0 -0.0042525 0 0 
0 -0.000886985 0 0 0 0.0180092 0 0 0 0 0 0 0 0 0 0 0 0 0 0 0 0 0 0 0 0 0 0 
0 -0.00207914 0 0 0 0 0 0 0 0 0 0 0 0 0 0 0 -0.00155913 0 0 0 -0.0039349 0 0 -0.00394861 0 0 0 
-0.00363823 0 0 -0.000468601 0 0.00919003 0 0.0277189 0 0.0435457 0.0458049 0 0 0 0 0 0.00229315 -0.00107195 -0.00278023 0 0 0 -0.003663 0 0 0 0 0 
0 0 0 0 0 0 0 0.025048 0 0 0 0 0 0.0289435 0 0 0 0 0 0 0 -0.0034962 0 0 0 0 0 0 
0 0 0 0 0 0 0.0105193 0 0.0345239 0 0 0 0 0 0 0 0.00365907 0 0 0 -0.00304526 0 0 -0.00322413 0 0 0 0 
0 0 0 -0.00840947 0 0 0 0 0.0332104 0 0 0 0 0.0324056 0 0 0 0 0 0 0 0 0 0 -0.00299645 0 0 0 
0 0 0 0 0 0 0.00483995 0 0 0 0 0 0 0 0.0220155 0.0117368 0 0.000622715 0 0 0 0 0 0 0 0 -0.00315596 0 
0 0 0 0 0 0 0 0 0 0 0 0 0.0449351 0 0 0 0 0 -0.00121514 0 -0.00223377 0 0 0 0 0 0 0 
-0.00503559 0 0 -0.0127563 0 0 0 0 0 0 0 0 0 0 0 0 0 0 0 0 0 0 0 -0.00234909 0 0 0 0 
0 -0.00774825 0 0 0 0 0 0.0138073 0 0 0 0 0 0 0 0 0 0 0 0 0 0 0 0 0 0 0 -0.00351502 
0 0 0 -0.013635 0 0 0 0 0 0 0 0 0 0.0344906 0 0 0 0 0 0 -0.00165768 -0.00179775 0 0 0 0 0 0 
0 0 0 0 0 0 0 0 0 0.0396388 0 0 0 0 0 0 0 0 0 0 0 -0.00154602 0 0 0 -0.00184842 0 0 
0 0 0 0 0 0 0 0 0 0 0.0458616 0 0 0 0 0 0 0.00163284 0 0 0 0 -0.00152267 0 0 -0.0016503 -0.00196443 0 
0 0 0 0 0 0 0 0 0 0 0.0433485 0 0 0 0 0 0 0 0 0 0 -0.00103814 0 0 0 0 0 0 
0 0 0 -0.0112092 0 0 0 0 0 0 0 0 0 0 0 0 0 0 0 0 0 0 0 0 -0.000894064 0 0 0 
0 0 0 0 0 0 -0.000619537 0 0.0210066 0 0 0 0 0 0 0.010644 0 0 0 0 -0.000159696 0 -0.000390139 0 0 0 -0.000782752 0 
0 0 0 0 0 0 0 0 0 0 0 0 0 0 0 0 0 0.00225891 0 0 0 0 0 0 0 0 0 -0.0008351 
0 0 0 -0.00694008 0 0 0 0 0 0.024542 0 0 0.0273111 0 0 0 0 0.00248669 0 0 0 0.000560227 0 0 0 0 0 0 
-0.000542729 0 0 -0.00535539 0 -0.00393672 0 0 0 0 0 0 0 0 0.0130673 0 0 0 0.00161354 0.00122978 0 0 0 0 0 0.000965551 0 0 
0 0 0 0 0 0 0 0 0 0 0.0213296 0 0 0.0159513 0 0 0 0 0 0 0 0 0 0 0 0 0 0 
0 0 0 0 -0.00260543 -0.00144371 0.0014575 0 0 0 0 0 0 0 0 0 0 0 0 0 0 0 0 0 0 0 0 0 
0 0 -0.000115883 0 0 -0.000348651 0 0 0 0 0 0 0 0 0 0 0.00408554 0 0 0 0.00230742 0 0.00226943 0 0.00228005 0 0 0 
0 0 0 0.000203438 0 0 0 0 0 0 0 0 0 0 0.00700244 0 0 0 0 0 0 0 0 0 0 0.00256119 0 0.00231958 
0 0.00197982 0 0 0.000937266 0 0 0 0 0 0 0.00923932 0.00866715 0 0 0.00481276 0.0039525 0 0.00311438 0 0 0.00286441 0 0.00277419 0 0 0.00267219 0 
0 0 0 0 0 0 0 0 0 0 0 0.00734216 0 0 0 0 0.00378816 0 0 0 0 0 0 0 0 0.00298203 0 0 
0 0 0 0.00226171 0 0 0 0 0 0 0 0.0059224 0 0 0 0 0 0 0 0 0 0 0 0 0 0 0 0 
0 0 0 0.00287509 0 0 0 0 0.00378203 0.00424757 0 0 0 0.00428431 0 0.00363582 0 0 0 0 0.00331675 0 0 0 0 0 0 0 
0 0 0 0 0 0 0 0.00314366 0 0 0 0 0 0 0 0 0 0 0.00346751 0 0 0 0 0 0 0 0.00339706 0 
0 0.00330445 0 0 0 0 0 0 0.00344162 0 0 0 0 0.00370611 0 0 0 0 0 0 0 0 0 0 0 0 0.00340181 0 
0 0 0 0 0 0 0.00322232 0 0 0 0 0 0 0 0 0 0 0 0 0 0 0 0.00354889 0 0 0 0 0 
0 0.00345928 0 0 0 0 0 0 0 0 0.00325733 0 0 0 0 0 0 0 0 0 0.00349083 0 0 0 0 0 0 0 
0 0 0 0 0 0 0 0 0 0 0 0 0 0 0 0 0 0 0 0 0 0 0 0.00347771 0 0.00341107 0.00338657 0.00336263 
0 0 0 0 0 0 0 0 0 0 0.00295634 0 0 0 0 0 0 0 0.00354803 0 0 0 0.00357493 0 0 0 0 0 
0 0 0.00339119 0 0 0 0 0 0 0 0 0 0 0 0.00338582 0 0 0.00363179 0.00365259 0 0 0 0 0 0 0 0 0 
0.00352193 0 0 0 0 0 0.00304438 0 0 0 0 0 0 0 0 0 0 0 0 0 0 0 0 0.00359051 0 0 0 0 
0 0 0.00343346 0 0 0.00321284 0 0 0 0 0 0 0 0 0 0 0 0 0 0 0 0 0 0 0 0 0 0 
0 0 0 0 0 0 0.00301506 0 0.00286485 0.00286034 0 0 0 0.00325356 0 0 0 0 0.00351332 0 0 0 0 0 0 0 0 0 
0 0 0.00343295 0 0.00322008 0 0 0.00292414 0 0 0 0 0 0 0 0 0 0 0 0 0 0 0 0 0 0 0 0.00353219 
0 0.00347371 0.00340501 0.00333581 0 0 0 0 0 0.00275154 0 0 0 0 0 0 0.00358487 0.00360979 0 0 0 0 0 0 0 0.00350842 0 0 
0 0 0 0 0 0 0 0 0 0 0 0 0.00313141 0.00326815 0 0 0.00361187 0 0 0 0 0 0 0 0 0 0 0 
0 0 0 0 0 0.0032453 0 0 0 0.00287553 0 0 0 0 0 0 0 0 0 0.00357797 0 0 0.0035593 0 0.00354918 0 0.00356277 0 
0 0.00341376 0 0 0 0 0.00304508 0 0 0 0 0 0 0.00322904 0 0 0 0 0.00354929 0 0 0 0 0 0 0.00349081 0 0 
0 0 0 0 0 0 0 0 0 0 0 0 0 0 0 0 0 0 0 0 0 0 0 0 0 0 0 0 
0 0 0 0 0 0 0 0.00301788 0.00292187 0 0 0 0 0 0 0 0 0 0 0 0 0.003512 0 0.00353647 0 0 0.00365824 0 
0 0 0 0.00334113 0 0 0 0 0 0 0 0 0 0 0 0.00355467 0 0 0 0 0 0 0 0 0 0 0 0 
0 0 0 0.00340369 0.00327411 0.00313404 0 0 0.00282731 0 0.00291408 0.00305785 0 0 0.00359416 0 0 0.00371477 0 0 0.00356402 0 0 0 0 0 0 0 
0 0.00356755 0 0 0 0 0 0 0 0 0 0 0.00345957 0 0 0 0 0 0 0 0.00346506 0 0 0 0 0 0 0 
0 0 0.00356337 0 0 0 0 0 0.00293231 0.00295758 0 0 0 0 0 0 0 0 0 0 0.00355648 0 0 0 0 0 0 0 
0 0.0034479 0 0 0.00319522 0 0 0.00299894 0 0 0 0 0 0 0 0.0044687 0 0 0 0 0 0.00332262 0 0 0 0 0 0 
0 0 0 0 0 0 0 0 0 0 0 0.00391153 0 0.00484841 0.00510013 0 0 0 0.00410973 0.00371857 0 0 0 0 0 0 0 0 
0 0 0 0 0.00292641 0 0.00284424 0.00287517 0 0 0 0 0 0.00591901 0 0 0 0 0 0 0 0 0 0 0 0 0 0 
0 0 0 0 0 0 0 0 0 0 0.00435883 0 0 0 0 0 0 0 0 0 0 0 0 0 0 0 0 0 
0 0 0.002558 0 0 0 0 0.00258927 0 0 0 0.00651712 0 0 0 0 0 0 0 0 0 0 0 0 0 0 0 0 
0 0 0 0 0 0 0 0 0 0.00422653 0.0058437 0 0 0 0 0 0 0 0 0 0 0 0 0 0 0 0.00211107 0 
0 0 0 0 0 0.00176582 0 0 0 0 0 0.00964211 0 0 0 0 0 0 0 0.00485182 0 0 0 0 0 0.00169996 0 0 
0.00125001 0 0 0 0 0 0 0 0 0.00528903 0 0 0.0147581 0 0 0 0 0 0 0 0 0 0 0 0 0 0 0 
0 0 0 0 0 0 0 0.00188891 0 0 0 0 0 0 0 0 0 0 0.00936853 0 0 0 0 0 0 0 0 0 
0 0 0 0 0 0 0 0 0 0 0 0 0 0 0 0 0 0 0 0 0 0.00140458 0 0 0 0 0 0 
0 0 0 0 0 0 0 0 0 0 0 0 0 0 0 0 0.0237421 0 0 0 0 0 0 0 0 0 0 0 
0 0 0 0 0 0 -0.000169557 0 0 0 0.0137452 0 0 0 0 0 0 0 0 0.00706006 0 0 0 0 0 0 0 0 
0 0 0 0 0 -0.00118244 0 0 0 0 0.0149946 0 0 0 0 0 0 0 0.0141649 0 0 0 0 0 0 0 0 0 
0 0 0 0 0 0 0 0 0 0 0 0 0 0 0 0 0 0 0 0 0 0 0 0 0 0 0 0 
0 0 0 -0.00267551 0 0 -0.00109878 0 0 0 0 0 0 0 0.0430557 0 0 0 0 0 0 -0.000515768 0 0 0 0 0 0 
0 0 0 0 0 -0.00254153 0 0 0 0 0 0 0 0 0 0 0 0 0 0.00852307 0 0 0 0 0 0 0 0 
0 0 0 0 0 0 0 0 0 0 0 0 0 0 0 0 0 0 0 0 0 -0.000923823 0 0 0 0 0 0 
0 0 0 -0.00366737 0 0 0 0 0.00391311 0 0 0 0 0 0 0 0 0 0 0 0.0027372 0 0 -0.00365996 0 0 0 0 
0 0 0 0 0 0 0 0 0 0 0 0 0 0.047611 0 0 0 0 0 0.00904935 0 0 0 0 -0.00408234 -0.00428968 0 0 
0 0 0 -0.00388439 0 0 0 0 0 0 0 0 0 0.0482288 0 0 0 0 0 0 0 0 0 0 0 -0.00433216 0 0 
0 0 0 0 0 0 0 0 0 0 0 0 0 0 0 0 0 0 0 0 0.00271408 0 0 0 0 0 0 0 
0 0 -0.00428165 -0.00393786 0 0 0 0 0 0.0106953 0 0.0309036 0 0 0 0 0 0 0 0 0 0 0 0 0 0 0 0 
0 0 0 0 0 -0.00317765 -0.00200313 0 0 0 0 0 0 0.048597 0 0 0 0 0 0 0 0 0 0 -0.00421209 0 -0.00437161 0 
0 0 0 0 0 -0.00314446 0 0 0 0 0 0 0 0.0482905 0 0 0 0 0 0 0 0 0 0 0 0 0 0 
0 0 0 0 0 0 0 0 0.00385507 0 0 0 0 0 0 0 0 0 0 0 0 0 0 0 0 0 0 0 
0 0 -0.00385196 0 0 -0.00288806 0 0 0 0 0 0 0 0 0 0 0.0388454 0 0 0 0 0 0 0 0 0 0 0 
0 0 0 0 0 0 0 0 0 0 0 0 0 0 0 0.0447408 0 0 0 0 0 0 0 0 0 0 0 0 
0 0 0 0 0 0 0 0 0 0 0 0 0.0367704 0 0 0 0 0 0 0 0 0 0 0 0 -0.00358383 0 0 
0 0 0 0 0 0 0 0 0 0 0 0 0 0 0 0 0 0.0254637 0 0.00829385 0 -0.000423573 0 0 0 0 0 0 
0 0 -0.00257119 0 -0.00218006 0 0 0 0 0 0.016226 0 0 0 0 0 0 0 0 0 0 0 0 0 0 -0.00261705 0 -0.00254992 
0 0 0 0 0 0 0 0 0 0 0.0150866 0 0.0300844 0 0 0 0 0 0.0141842 0 0 0 0 0 0 0 0 0 
0 0 0 -0.0012121 0 0 0 0 0 0 0 0 0 0 0 0 0 0 0 0 0 0 0 0 0 0 0 0 
0 0 0 0 0 0 0 0 0 0 0.0123203 0 0 0 0.0293578 0 0 0 0 0 0.00315043 0 0 0 0 0 0 0 
-4.17512e-05 0 0 6.65048e-05 0 0 0 0 0 0.00664633 0 0 0 0 0 0.0241077 0 0 0 0 0 0 0 0 0 0 0 0 
0 0 0 0 0 0 0 0 0 0 0 0 0 0.0205403 0 0 0 0 0.00940055 0 0 0 0 0 0 0 0 0 
0.00118575 0.0011607 0 0 0 0.00127681 0 0.00208957 0 0 0 0 0 0.017062 0 0 0 0 0.00831167 0 0 0 0 0 0 0 0 0.00115579 
0.00187502 0.00179862 0 0 0.00167773 0 0.00185883 0 0 0 0 0 0 0 0 0 0 0 0 0 0.00338823 0.00248418 0 0 0 0 0 0 
0 0 0 0.00215424 0 0 0 0 0 0 0.00598102 0 0 0 0 0 0 0 0 0 0 0 0 0 0.00223376 0 0 0 
0 0 0 0 0 0 0 0 0.0031035 0.00398031 0 0 0 0 0 0 0 0 0 0 0 0.00282559 0 0 0 0 0 0.00259079 
0 0 0 0.00275768 0 0 0 0 0 0 0 0 0 0 0.00752781 0 0.00670253 0 0 0 0 0 0 0 0 0 0 0 
0 0 0 0 0.00286125 0.00279992 0 0 0 0 0 0 0 0.00590987 0 0 0 0 0 0 0 0 0 0 0 0 0 0 
0 0 0 0 0 0 0 0 0 0 0 0.00402861 0 0 0 0 0 0 0 0 0 0 0 0.00321997 0 0 0 0 
0 0 0 0.00328525 0 0 0 0 0 0.00303902 0 0 0 0.00422596 0 0 0 0 0 0 0 0 0 0 0 0 0 0.003363 
0 0 0.003304 0 0 0 0 0 0 0 0 0 0 0 0 0 0 0.00393658 0 0.0036945 0 0 0 0 0 0 0 0 
0 0 0 0 0 0 0 0 0 0 0 0 0 0.00363933 0 0 0 0 0 0 0.00344696 0 0 0.00338528 0 0 0 0.00351811 
0 0 0.00358054 0 0 0.00331692 0 0 0 0 0 0 0 0 0 0 0 0 0 0 0 0 0.00346173 0 0 0 0 0 
0 0 0 0 0 0 0 0 0 0 0 0.00297481 0 0 0 0.00362611 0.00372599 0 0 0 0 0.00356244 0 0.00343466 0.00340279 0 0 0.00343545 
0 0.00356008 0 0.00344506 0 0.00318102 0 0 0 0 0 0 0 0 0 0.0034612 0 0 0.00352885 0 0.0035268 0 0 0 0 0 0 0 
0 0 0.00330303 0 0 0 0 0 0 0 0 0 0 0 0 0 0 0 0 0 0 0 0 0.00356766 0 0.00352464 0 0 
0 0 0 0 0 0 0.00321076 0 0 0.00298632 0 0 0 0.00338123 0 0.00360361 0.00367792 0 0 0 0 0 0 0 0.00340445 0 0.0034564 0 
0 0 0 0 0 0.00329997 0 0.00310364 0 0 0 0 0 0.00322315 0 0 0 0 0.00353726 0 0 0 0 0 0 0 0 0 
0 0 0 0.00337493 0 0 0 0 0 0 0 0 0 0 0 0 0 0 0 0 0 0 0 0 0 0 0 0 
0 0.00352175 0 0 0 0 0 0 0 0 0 0 0 0 0 0 0 0.0034697 0 0 0 0 0 0.00343292 0 0 0 0 
0 0 0 0 0 0 0 0 0 0 0 0 0 0 0 0 0 0 0 0 0 0 0 0 0 0 0 0 
0 0 0.00333562 0.00330651 0 0 0 0 0 0 0 0 0 0 0 0 0 0 0 0 0 0.00343139 0 0 0 0.0034617 0 0.00343487 
0 0 0 0 0 0 0.00324195 0.00310899 0 0 0 0 0 0 0 0.00340239 0 0.00353572 0 0 0 0 0 0 0 0 0.00354054 0 
0 0 0 0 0 0 0 0 0 0 0 0 0.00320108 0 0.00346813 0 0 0 0 0 0.00343349 0 0 0 0.0034093 0.00343854 0 0 
0 0.0035469 0 0 0 0 0 0 0 0 0.00294964 0 0 0 0 0 0 0 0.00357123 0 0 0 0.00353208 0 0 0 0 0 
0 0 0 0 0 0 0 0 0 0 0 0 0 0 0 0 0 0.00350881 0 0 0 0 0 0.00346311 0 0 0 0 
0 0 0 0 0 0 0.00302611 0 0 0 0 0 0 0 0 0 0 0 0 0 0 0 0 0 0.00361458 0.00365103 0.00367146 0 
0 0 0 0 0 0 0 0 0 0 0 0 0 0 0 0.00345917 0 0 0 0.00356885 0 0 0 0 0 0 0 0.00359762 
0 0 0 0.00339453 0 0 0 0 0.00305096 0 0 0 0 0 0 0 0 0 0 0 0 0.0034594 0 0 0 0 0 0 
0 0 0 0 0 0 0 0.00299399 0.00293586 0 0 0 0 0 0.00333318 0 0 0 0 0 0 0 0 0.00347583 0 0 0.00353847 0.0035432 
0 0 0 0 0 0 0 0.0029796 0 0 0 0 0 0 0 0 0 0 0 0 0 0 0 0 0 0 0 0 
0 0 0 0 0 0 0 0 0 0.00290698 0 0 0 0 0 0.00331132 0 0 0 0 0 0 0 0 0.00362178 0 0.00374525 0 
0.0034888 0 0.00341282 0 0 0 0 0 0 0 0 0 0 0 0.0034306 0 0 0 0 0 0 0 0 0 0 0 0 0 
0 0 0 0 0 0 0 0 0 0 0 0 0 0 0 0 0 0 0 0.00352401 0 0 0 0 0.00360872 0 0 0 
0 0 0.00345013 0 0 0.00316126 0 0 0 0 0 0 0 0 0.00333492 0 0 0 0.00353955 0 0.00358115 0 0 0.00361399 0 0 0 0 
0 0 0 0 0 0 0 0 0 0 0 0 0 0 0 0 0 0 0 0.00353605 0 0 0 0 0.00354255 0 0 0 
0 0 0 0 0 0 0 0 0 0 0 0 0.00307779 0 0 0 0 0 0 0 0 0 0 0.00360915 0 0 0 0 
0 0 0 0 0 0 0 0 0 0 0.00296141 0 0 0 0 0 0 0 0 0 0 0 0 0 0 0 0 0 
0.00367321 0 0 0 0.00326971 0 0 0 0 0 0.00302183 0 0 0 0.00339297 0 0 0 0 0.00343456 0 0 0 0 0 0 0 0 
0 0 0 0 0 0 0 0 0 0 0 0 0 0 0 0 0 0 0 0 0 0 0 0 0 0 0 0 
0 0 0 0.00348508 0 0 0 0 0 0 0.00283819 0 0 0 0 0 0 0 0 0 0 0 0 0 0 0 0 0 
0 0 0 0 0 0 0 0 0.00300808 0 0 0 0 0 0 0 0 0 0 0.00335933 0 0 0 0 0.00340127 0 0.00349484 0 
0.003592 0 0 0 0 0.00332689 0 0 0 0 0 0 0 0.00323325 0 0.00347281 0 0 0 0 0 0 0 0 0 0 0 0 
0 0 0 0 0 0.00313216 0 0.00296777 0 0 0 0 0 0 0 0.00338389 0 0 0 0 0.00355325 0 0 0 0 0 0 0 
0 0 0 0 0 0 0 0 0 0 0 0 0 0 0 0 0 0 0 0 0.00354264 0 0 0 0 0 0.00352715 0 
0.00357083 0 0.00345357 0 0 0.0031263 0 0 0 0 0 0 0.00317426 0 0 0.00359347 0 0 0 0.00363484 0 0 0 0 0 0.00356344 0 0 
0 0 0 0 0 0 0 0 0.00284931 0 0 0 0 0 0 0 0 0 0 0 0 0 0 0.00347011 0 0 0.0035199 0 
0 0 0 0 0 0 0 0.00286705 0 0 0 0 0 0 0.00359237 0 0 0.00363879 0 0 0.0035132 0 0 0 0 0 0 0 
0 0 0 0 0.00344653 0 0.00323008 0 0 0 0 0 0 0 0 0 0 0 0.00369941 0 0 0 0 0 0 0 0 0 
0 0 0 0 0 0.00316657 0 0 0 0 0.00297473 0 0.0032003 0 0 0 0 0 0 0 0.00360134 0.00357446 0 0 0 0 0 0 
0.00354238 0.00347619 0 0 0 0 0 0 0 0 0 0 0 0 0 0 0 0 0 0 0 0 0 0 0 0 0 0 
0.0036352 0.00360196 0 0 0 0 0 0 0 0 0 0 0 0 0 0 0 0.00350123 0 0 0 0.00333732 0 0 0.00343204 0 0 0 
0.00353766 0 0 0 0 0 0 0 0.00300613 0 0 0 0 0 0.00345376 0.00350957 0 0 0 0 0 0 0 0 0 0 0 0 
0.00364508 0 0 0 0 0 0.00311673 0 0.00300285 0 0 0 0 0 0 0 0 0 0 0 0 0 0 0 0 0 0 0 
0 0 0 0 0 0.00325271 0.00313546 0 0 0 0 0 0 0 0 0 0 0 0 0.00357901 0 0 0 0 0 0.0036434 0.00363114 0 
0 0 0 0.00348098 0 0 0 0 0 0 0.00284837 0 0 0 0 0 0 0 0 0 0 0 0 0 0 0 0 0 
0 0 0 0 0 0 0 0.0029023 0 0.0028574 0 0 0 0 0 0 0 0 0 0 0 0 0 0 0 0 0 0 
0 0 0 0 0 0 0.00311709 0 0 0 0 0 0 0 0 0 0.00340471 0 0 0 0 0 0 0 0 0 0 0 
0 0 0 0 0 0 0 0 0 0.00288848 0.00291193 0 0 0.00323077 0 0 0.00361034 0.00365894 0 0 0 0 0 0 0.00357513 0 0 0.00356735 
0 0 0.00350574 0 0.00332947 0.00320594 0 0.00297037 0 0 0 0.00298659 0 0 0 0 0 0 0 0 0 0 0 0 0 0.00357599 0 0 
0 0 0 0 0 0 0 0.00291241 0 0 0 0 0 0 0.00337074 0 0 0 0 0 0 0 0 0 0 0 0 0.00366238 
0.003545 0 0 0 0 0 0.00315391 0.00307075 0 0 0 0 0 0 0 0 0 0 0 0 0 0.00347705 0 0 0 0 0 0 
0 0 0 0 0 0 0 0 0 0 0 0 0.00331554 0 0 0 0 0 0 0.00352329 0.00348269 0 0 0 0 0 0.00345221 0 
0 0 0 0 0 0 0 0 0 0.00297912 0 0 0 0.00327016 0 0 0 0.00350864 0 0 0 0 0 0 0.00346835 0 0 0.00352184 
0 0 0 0 0 0 0 0 0 0 0 0 0 0 0 0.00341782 0 0.00359771 0 0 0.00371373 0 0 0 0 0 0.00351464 0 
0 0 0 0 0 0 0 0 0.00296761 0 0 0.00296574 0 0 0 0 0 0.00349305 0 0 0 0 0 0 0 0 0 0 
0 0 0 0 0 0 0 0.00293892 0 0 0 0 0 0.00337449 0 0 0 0 0 0.00357385 0 0.00355053 0 0 0 0.00356409 0 0 
0.00373688 0 0.00359892 0 0 0 0 0.00295608 0.0028502 0 0 0.00286775 0 0.00314613 0 0.0034291 0 0 0 0 0 0 0 0 0 0 0 0.00373597 
0.00350129 0 0 0 0 0 0 0 0 0.00284273 0 0 0 0 0 0 0 0 0 0 0 0 0 0 0 0.00345504 0 0.00348509 
0 0 0 0 0 0 0 0 0 0 0 0 0 0 0 0 0 0 0 0 0 0 0 0 0.00346997 0 0 0 
0 0 0.00352596 0 0 0 0 0.00291063 0.00282894 0 0 0 0.00303696 0 0.00330118 0 0.00345926 0 0 0 0 0 0 0 0 0 0 0.00362114 
0.00356266 0 0 0 0 0 0 0.00303967 0 0 0 0 0 0 0 0 0 0 0 0 0 0.0034554 0.00347958 0 0 0 0 0 
0 0 0 0 0 0 0 0 0 0 0 0 0 0 0 0 0 0 0.00358813 0 0 0 0 0.00346328 0 0 0 0.00358412 
0.00354063 0 0.00337509 0.00329533 0 0.00306587 0 0 0 0 0 0 0 0 0 0 0 0 0 0.003698 0 0 0 0 0.003674 0 0 0 
0 0 0 0 0 0 0 0 0 0 0 0 0.00304207 0.00314167 0.00324992 0 0.00342241 0 0 0 0.00354767 0 0 0.0035472 0.00354778 0 0.00355447 0 
0.00357773 0 0 0 0.00351565 0 0 0 0 0 0 0 0 0.0030774 0 0 0 0 0 0 0 0 0 0.00339881 0 0.00342592 0 0 
0 0 0 0 0 0 0 0 0 0.00294315 0 0 0 0 0 0 0.00346987 0 0 0 0 0 0 0 0 0 0 0 
0 0.00358336 0 0.00349504 0 0 0 0 0 0.00298865 0 0 0 0 0 0 0 0 0 0 0 0 0 0 0 0 0 0 
0.00356346 0 0.00344537 0.00337309 0 0 0 0.00286624 0 0 0 0 0 0 0 0 0.00363466 0 0 0 0 0 0 0 0 0 0 0 
0 0 0 0 0 0 0 0 0 0 0 0 0 0 0 0 0 0 0 0 0 0.00361443 0 0 0 0 0 0.00354291 
0 0.00362778 0 0 0 0 0 0 0 0 0 0 0 0 0 0 0 0 0 0 0 0 0 0 0 0 0 0 
0 0 0 0 0 0 0 0 0 0 0 0 0 0 0 0 0 0 0 0 0.00364322 0 0 0 0.00349028 0 0 0 
0 0 0 0 0 0 0 0 0 0 0 0 0 0 0 0 0 0 0 0 0 0 0 0 0 0 0 0 
0 0 0 0 0 0 0 0 0 0 0 0 0 0 0 0 0 0 0 0 0 0 0 0 0 0 0 0 
0 0.00338996 0 0 0 0.00316926 0 0 0 0 0 0.00298701 0.00312494 0 0 0 0 0 0 0 0 0 0 0.00357323 0 0 0 0 
0.00336188 0 0 0 0 0 0 0.00298196 0.00293266 0.00291495 0.00294749 0 0 0 0 0 0 0.00406453 0 0 0 0 0 0 0 0.00343728 0 0 
0 0.00331446 0 0 0 0 0 0 0 0 0 0 0 0 0 0 0 0 0 0 0 0 0 0 0 0 0 0 
0 0 0 0 0.00317398 0 0 0 0 0 0 0 0.00311159 0 0 0 0 0 0 0 0 0 0 0.00361021 0 0 0 0 
0 0 0.0031466 0 0 0 0.00279813 0.00272087 0 0 0.00274723 0 0 0 0 0 0 0 0 0 0.00499101 0.0045668 0 0 0 0 0 0.00322218 
0 0 0 0 0 0 0 0 0 0.00265881 0 0 0 0 0 0 0 0 0 0.00602654 0 0 0 0 0 0 0 0 
0 0 0 0 0 0 0 0 0 0 0 0 0 0 0.00478466 0 0 0 0 0 0 0 0.00474555 0 0 0 0 0 
0 0 0 0 0.00256107 0 0 0 0 0.0022017 0 0 0 0 0 0 0 0 0 0 0 0.0070025 0 0 0 0 0 0 
0 0 0.00217094 0 0 0 0 0 0 0 0 0 0.00322029 0.00444138 0.00618304 0 0 0 0 0 0 0 0 0 0 0 0 0 
0 0 0 0 0 0 0 0 0.00153307 0 0 0 0 0 0 0.00967409 0 0.0140219 0 0 0 0 0 0 0.00335532 0 0 0 
0.00122737 0 0.00123728 0 0 0 0 0.0011993 0 0.00120687 0 0.00199081 0 0 0.0082093 0.0115985 0 0 0 0 0 0 0 0 0 0 0 0 
0 0 0 0 0 0.000708757 0.000696063 0 0 0 0 0 0 0.0057063 0 0 0 0 0 0 0 0 0 0 0.00319384 0 0 0 
0 0 0 0 0 0 0 0 0 0 0 0.00147085 0 0 0 0 0 0 0 0 0 0 0 0 0 0.0013905 0 0.000138613 
0 0 0 0 -0.000560428 0 -0.000350065 0 0 0 0 0.00115392 0 0 0 0 0.0237801 0 0 0 0 0 0 0 0 0 0 -0.000549077 
0 0 0 0 0 0 0 -0.000798962 0 0 -4.80028e-05 0 0.00328476 0 0 0 0 0.031457 0.0331516 0 0 0.0199863 0.0128824 0 0 0 0 0 
0 -0.00199423 0 0 0 0 0 0 0 0 0 0 0 0 0 0.022147 0.029645 0 0 0 0 0 0.0140877 0 0 0 0 -0.00180488 
-0.00248422 -0.00247814 0 0 0 0 0 0 0 -0.00134484 0 0.00046066 0 0 0 0 0 0 0 0 0 0 0 0 0 0 -0.00174945 0 
0 0 0 0 0 0 0 0 0 0 0 0 0 0 0 0 0 0 0 0 0 0 0.0160317 0 0.00272577 0 -0.00209235 0 
0 0 0 0 0 0 -0.00247062 0 0 0 0 0 0 0 0 0 0 0 0 0 0 0 0 0 0 0 0 0 
0 0 0 0 0 0 0 0 0 0 0 0 0 0 0 0 0 0 0 0 0 0 0 0 0 0 -0.00272042 0 
-0.00388776 0 0 0 0 0 0 0 0 0 0 0 0 0 0 0.0286449 0 0 0.0484707 0 0 0 0 0 0 -0.00105634 0 0 
0 0 0 0 -0.00359167 0 0 0 0 0 0 0 0 0 0 0.0293459 0 0 0 0 0 0 0 0 0.00246882 0 0 -0.00392247 
0 0 0 0 0 0 0 0 0 0 0 0 0 0 0 0 0 0 0 0.0477581 0 0 0 0 0 0 0 0 
0 0 0 -0.00404593 0 0 -0.00324041 0 0 0 0 0 0 0 0 0 0 0.048051 0.0507887 0 0 0 0 0 0 0 0 0 
0 0 0 0 0 0 0 0 0 0 0 0 0.00335203 0 0 0 0 0 0 0.048242 0.0403839 0 0 0 0 0 0 0 
-0.00433119 -0.00435112 0 0 -0.00380922 0 0 0 0 0 0 0 0 0 0 0 0 0.0480097 0 0.0480867 0 0 0 0 0 0 0 0 
0 0 0 0 0 -0.00335455 0 0 0 0 0 0 0 0.00952796 0 0 0 0 0 0 0 0 0 0 0 -0.0013471 -0.0032833 0 
-0.004179 0 0 0 0 0 0 0 0 0 0 0 0.00315886 0 0.0185971 0 0 0 0 0 0 0 0 0 0.00254146 0 0 0 
0 0 0 0 0 0 0 0 0 0 0 0 0.00326985 0 0 0 0 0 0 0 0 0 0.017697 0 0.00246549 0 -0.00298815 0 
0 0 0 0 0 0 -0.00272553 0 0 0 0 0 0.00324312 0 0.0178107 0 0 0 0 0 0 0 0 0 0 -0.000898267 -0.00273322 0 
0 0 -0.00333119 -0.00323644 0 0 -0.00262365 -0.00249808 0 0 0 0 0.0032926 0 0 0 0.0363205 0 0 0 0 0.0267314 0 0 0 0 0 0 
0 0 0 0 0 -0.00225201 0 -0.00199974 0 0 0 0.000200218 0 0 0 0 0 0 0 0 0 0 0 0 0 0 0 0 
0 -0.00240185 0 0 0 0 0 0 0 -0.00136159 0 0.000436428 0 0 0 0 0 0 0 0 0 0.0238746 0.0151384 0 0 0 0 0 
-0.00193991 0 0 -0.00183869 0 0 0 0 0 0 0 0 0.00331049 0 0 0 0.0295312 0 0.0367238 0 0 0 0 0 0.00292243 0 -0.00117217 0 
0 0 0 -0.00132684 0 0 0 -0.000920766 0 -0.000664149 0 0 0 0 0 0 0 0 0 0 0 0 0 0 0 0 0 0 
0 0 -0.000577586 0 0 0 0 0 0 -0.000125693 0.000296284 0 0 0 0 0.0179242 0 0 0 0 0.0238174 0 0 0 0 0 0 0 
0 0 0 -5.78084e-05 0 0.000119412 0 0.000206489 0 0 0.000683512 0 0 0.00611167 0 0 0 0 0 0 0 0 0 0 0 0 0 0.00013858 
0.000634658 0 0 0 0 0 0.000653657 0 0 0 0.000976605 0 0.00300468 0 0 0 0 0 0.0217187 0 0 0 0 0 0 0 0 0 
0 0 0 0 0.00102492 0 0 0 0 0 0 0 0 0 0 0 0.0147046 0 0 0 0 0 0 0 0 0 0 0 
0 0 0 0 0 0 0.0014386 0 0.00139436 0 0 0 0.00288514 0 0 0 0 0 0 0 0 0 0 0 0 0 0 0 
0 0.00174991 0 0 0 0 0 0 0.00159707 0 0.00173059 0 0 0 0 0 0.00986682 0 0 0 0 0 0 0 0 0.00473271 0 0 
0 0 0 0 0 0 0 0 0 0 0 0 0 0 0 0.00630757 0 0 0.0113271 0.0123255 0 0 0 0 0 0 0 0 
0.00247202 0.00192565 0 0 0 0 0 0 0 0 0 0 0 0 0 0 0 0 0 0 0 0 0 0 0 0 0 0 
0 0 0 0 0 0 0 0.00139418 0.00132302 0 0 0 0 0 0.00277862 0 0 0 0 0 0 0 0 0.0138876 0 0 0 0 
0 0 0 0 0 0 0 0 0 0 0.0010274 0.00113373 0 0.00157354 0 0 0.00463501 0 0 0 0.016064 0 0.0182491 0 0 0 0 0 
0 0.000914626 0 0 0 0 0 0 0 0 0 0 0 0 0 0 0 0 0 0 0 0.0209905 0 0 0.0168063 0 0 0 
0 0.000539126 0 0 0 0.000279594 0 0 0 0 0 0 0 0 0 0 0.00368879 0 0 0 0.0211147 0 0 0 0 0 0.00911583 0 
0 0 0 0 0 0 0 -2.3009e-05 0 0 0 0 0 0 0 0 0 0 0 0 0 0 0 0.0272158 0 0 0 0 
0 0 0 0 0 -0.000937414 0 0 0 -0.00063118 0 -0.000773594 0 0 0 0 0 0 0 0.020511 0 0 0 0 0 0.0185917 0 0 
0.00133783 0 0 0 0 0 0 0 0 0 0 0 0 -0.0012475 0 0 0 0 0 0 0 0 0.0365181 0 0 0 0 0 
0 0 0 0 -0.00208371 0 0 -0.00149647 0 0 0 0 0 0 0 0 0 0 0 0 0 0 0 0 0 0 0 0 
0 0 0 0 -0.00244848 0 0 0 0 -0.00170865 0 0 0 0 0 0 0 0 0 0 0 0 0.0424883 0 0 0 0 0 
0 0 0 0 0 0 0 0 0 -0.00195397 0 0 -0.00235746 0 0 0 0 0 0 0 0 0 0 0.0418805 0 0.0245754 0 0 
0 0 0 0 0 0 0 0 0 0 0 -0.00251406 -0.00260808 0 0 -0.000797377 0 0.00881431 0 0 0 0 0.0467294 0 0 0 0 0.00607102 
0 -0.00259291 0 0 0 0 0 0 0 0 0 0 0 -0.00296903 0 0 0.00272324 0 0 0 0 0 0 0 0.0370364 0 0 0 
0 0 0 0 0 0 0 0 0 0 0 0 0 0 0 0 0.00283439 0 0 0 0 0 0 0 0 0 0 0.0061474 
0 0 0 0 0 0 -0.00288666 0 0 0 -0.00295746 0 0 0 0 0 0 0 0 0 0 0 0 0 0 0 0 0 
0 0 0 0 0 0 0 0 0 0 0 0 0 0 0 0 0 0 0 0.030227 0 0 0 0 0 0 0 0 
0 0 0 0 0 0 0 0 0 0 -0.00290233 0 -0.00313174 -0.00334664 0 -0.00128397 0 0 0 0 0 0.0482047 0 0 0 0 0 0 
0 0 0 0 -0.0036682 0 0 0 0 -0.00273669 0 0 0 0 0 0 0 0 0 0 0 0 0 0 0 0 0 0 
0 0 0 0 0 0 0 0 0 0 0 0 0 0 -0.0024609 0 0 0 0 0 0 0 0.049992 0 0 0 0 0 
0 0 0 0 0 0 0 0 0 0 0 0 0 -0.00317767 0 0 0 0.00902787 0 0 0 0 0 0 0.0379706 0.0271783 0 0 
0 0 0 0 0 -0.00297302 -0.00262039 0 0 0 0 0 -0.00290584 -0.00307352 0 0 0.00265483 0.0088929 0 0 0 0 0.0481377 0 0 0 0 0 
0 0 -0.00303686 0 0 0 0 0 0 0 0 0 0 0 0 0 0 0 0 0.027904 0.0376218 0 0 0 0 0 0 0 
0 0 -0.00253437 0 0 0 -0.00234254 0 0 0 0 0 0 -0.00267532 0 0 0 0 0 0 0 0 0 0 0 0 0 0.0073305 
0 0 0 0 0 0 -0.00207223 0 0 0 -0.00205554 -0.00212209 0 0 -0.00177645 0 0 0 0 0 0 0 0 0 0.0339719 0 0 0 
0 0.000706263 -0.000924622 0 -0.00192431 -0.00201733 0 0 0 0 0 0 0 -0.0022162 0 0 0 0 0 0.0231975 0.0314111 0 0 0 0 0.0249539 0 0 
0 0 0 0 0 0 0 0 0 0 0 0 0 0 0 -0.000619537 0 0 0 0 0 0 0 0 0 0 0 0.0102492 
0 0 0 0 0 0 -0.00121847 0 0 0 0 0 0 0 0 0 0 0 0 0.0185921 0 0 0 0 0 0 0 0 
0.00962582 0 0 0 0 0 0 -0.00101091 0 -0.00110883 -0.00125598 0 0 0 -0.0011888 0 0 0 0 0 0 0 0.0303881 0 0 0 0 0 
0 0 0 0 0 0 0 0 0 0 0 0 0 0 0 0 0 0 0 0 0 0 0 0 0 0 0 0 
0 0.0107936 0 0 0 0 0 0 0 0 0 -0.00125211 0 0 0 0 0.00051065 0 0 0 0 0 0 0 0 0 0 0 
0 0 0 0 0 0 0 0 0 0 0 0 0 0 0 0 0 0 0 0 0 0 0 0 0 0 0 0.0236611 
0 0 0 0 0 0 0 -0.000881687 0 0 0 0 0 -0.0018295 -0.00183549 0 0 0 0 0.00538536 0 0 0 0 0 0 0 0 
0 0 0 0 0 0.000258745 0 0 0 0 -0.00155386 0 0 -0.00200055 0 0 -0.00139396 0 0 0 0 0 0 0 0 0 0 0 
0 0 0 0 0 0.000281109 0 0 0 0 0 -0.00190628 -0.00204711 -0.00222666 0 0 0 0 0 0 0 0.0101488 0 0 0 0.0357821 0 0 
0 0 0 0 0 0 0 0 0 0 0 0 -0.00224936 0 0 0 0 0 0 0.000290561 0.00367488 0 0.0163446 0 0 0 0.0399983 0.0375655 
0 0 0 0 0 0 -0.00117401 0 0 0 0 0 0 0 0 0 0 -0.00295269 0 0 0 0.0078326 0 0 0.0338496 0 0 0 
0 0 0.0170666 0 0 0 0 0 0 -0.0022843 -0.0024435 0 -0.0028461 0 0 0 0 0 0 0 0 0 0 0 0 0 0 0 
0 0 0 0 0 0 0 0 0 0 0 -0.00272376 0 0 0 0 -0.00385446 0 0 0 0 0 0 0 0 0 0 0 
0.0391278 0 0 0 0 0 0 0 0 0 0 0 0 0 0 0 0 0 0 -0.00277097 0 0 0 0 0 0.0448947 0 0 
0 0 0 0 0 0 0 0 -0.00259348 0 0 0 0 0 0 0 0 0 0 0 0 0 0 0 0 0 0 0 
0 0 0 0 0 0 -0.0017049 0 -0.00263978 0 0 -0.00328177 0 0 0 0 0 0 0 0 0 0 0 0 0.0382679 0 0 0 
0 0 0 0 0 0 -0.00178265 0 0 -0.00283552 0 0 0 0 0 0 0 0 0 0 0 0 0 0 0.0384956 0 0 0 
0 0 0 0 0.00358155 0 0 0 0 0 0 0 0 0 0 0 0 0 0 -0.00341651 0 0 0 0 0 0 0 0 
0 0 0 0 0 0 0 0 0 -0.00285036 0 0 0 0 0 0 0 0 0 0 0 0.00618772 0 0.0271522 0.0384491 0 0 0 
0 0 0 0 0 0 0 -0.00242564 0 0 0 0 0 0 0 -0.0042496 0 0 0 0 0 0 0.0157144 0 0 0 0.0500114 0.0477566 
0 0 0 0 0 2.68075e-06 -0.00165129 0 0 0 0 0 0 0 -0.00384494 0 0 -0.00450358 -0.00437881 0 0 0.00613147 0.0154182 0 0 0 0 0.0470082 
0 0 0 0 0.00355249 0 0 0 0 0 0 0 0 0 0 -0.00383219 0 0 -0.00420045 0 0 0.00603876 0 0 0 0 0.0481161 0.0459936 
0 0 0 0 0 9.45763e-05 0 0 0 -0.00238131 0 0 -0.00295318 0 0 0 0 0 0 0 0 0 0 0 0 0.0434932 0 0.0447432 
0 0 0 0 0 0 0 0 0 0 0 0 0 0 0 0 0 0 0 0 0 0 0 0 0 0.0415816 0 0 
0 0 0 0 0 0 -0.000856996 0 0 0 0 0 0 -0.00263176 0 0 0 0 0 0 0 0 0 0 0 0 0 0 
0 0 0 0 0 0.000704156 0 0 -0.00135054 0 0 0 0 0 0 0 0 0 -0.0026318 0 0 0 0 0.0217768 0 0 0 0 
0 0 0 0 0 0 0 0 -0.000969352 0 0 0 0 -0.0016955 0 0 0 0 -0.0020839 -0.00129728 0 0 0.0121394 0 0 0 0 0 
0 0 0 0 0 0 7.41819e-05 0 0 0 0 0 0 0 0 0 -0.00139366 0 -0.00153401 0 0 0 0 0 0 0 0 0 
0 0 0 0 0 0 0 0 0 0 0 0 0 0 0 0 -0.000737238 0 0 0 0 0 0.0102116 0 0 0 0.0290862 0 
0 0 0 0 0 0 0 0 0 0 0 0 0 0.000147999 7.62441e-05 0 0 0 0 0 0 0 0 0.0145069 0 0 0 0.0240991 
0 0 0 0 0 0 0 0.000950668 0 0.000779113 0.000741607 0 0 0 0 0 0 0 0 0 0 0 0 0 0 0 0.0214511 0 
0 0.0118299 0 0.00566013 0 0.00247654 0 0 0 0 0 0 0 0 0 0 0 0 0 0 0 0 0 0 0 0 0 0 
0 0 0 0 0 0 0 0 0 0 0 0 0 0 0 0 0 0 0 0 0 0 0.00650258 0 0 0 0.0144397 0 
0 0 0 0 0 0 0 0 0.00192256 0 0 0 0.00199671 0.00206465 0 0 0 0.00222478 0 0.00249248 0 0 0 0 0 0 0 0 
0.0081385 0.00679457 0 0 0 0 0.00242716 0 0 0 0 0.00224198 0.00234036 0.00244103 0.00253311 0 0 0 0 0 0 0 0 0 0 0 0 0 
0.00688299 0 0 0 0.00341689 0.00298552 0 0.00254113 0 0.0023392 0 0 0 0 0 0.00277638 0 0 0 0 0 0 0 0 0 0 0 0 
0 0 0.00444795 0 0 0 0.00284324 0 0 0 0.00263071 0 0 0 0.00304371 0 0 0 0 0 0 0 0 0.00476632 0 0 0 0.0060672 
0 0 0.00420255 0 0 0 0 0.00283474 0 0.00265571 0 0 0 0.00289257 0.00299159 0.00305549 0 0 0 0 0.00337391 0.00362488 0 0 0 0 0 0 
0 0 0 0 0 0 0.00298514 0 0.00284336 0.00282366 0 0 0 0 0 0 0 0 0 0 0 0 0 0 0.00438215 0.00459962 0 0 
0 0.00389781 0 0 0 0 0.00298909 0 0 0 0 0 0 0 0 0 0 0 0 0.00342848 0 0 0 0.00378824 0 0.00411259 0 0 
0 0 0 0 0 0 0 0 0 0.00286234 0 0 0 0 0 0.00344621 0 0 0 0 0 0 0.00365218 0 0 0.00390881 0 0.00392005 
0 0.00360363 0 0 0 0 0 0 0 0 0 0 0 0 0 0 0 0 0 0 0 0 0 0 0 0 0 0 
0 0 0 0 0 0 0 0 0 0 0 0 0.00325037 0 0 0 0 0 0 0 0 0 0 0 0 0 0 0 
0 0 0.00359394 0 0.00334822 0 0 0 0 0 0 0 0 0.00312791 0 0 0 0.00350139 0 0.00353651 0 0.00355125 0 0 0 0 0 0 
0 0 0 0 0 0 0 0 0 0.00287667 0 0 0 0 0 0.00346538 0 0 0 0 0 0.00352922 0 0 0 0 0 0.00356528 
0.00360355 0 0.00352353 0 0 0 0.00308023 0 0 0 0 0 0.00302049 0 0 0.00348297 0 0 0 0 0 0 0 0 0 0 0 0 
0.00366794 0 0 0 0 0 0 0.00313674 0 0 0 0 0 0 0.00330449 0 0 0 0 0 0 0.00352172 0 0 0 0 0 0 
0 0.0034072 0 0.00332979 0.00324323 0 0.00306462 0 0 0 0 0.00304504 0 0.00328745 0 0 0 0 0.00368369 0 0 0 0 0 0 0 0 0.00342774 
0 0.00350806 0 0 0 0 0 0 0 0 0.00297311 0 0 0 0 0 0 0 0 0 0 0.0035292 0 0 0 0 0 0 
0 0 0 0 0 0 0 0 0 0.00296003 0 0.00300469 0 0 0 0 0 0 0 0 0 0 0 0 0 0 0 0 
0 0 0 0 0 0 0 0 0.00297947 0 0 0 0 0 0 0.00342408 0 0 0 0 0 0 0 0.00350803 0 0 0 0 
0 0 0 0 0 0 0 0.00299984 0 0 0 0 0 0 0 0 0 0 0.00361724 0.00362948 0 0 0.00359238 0 0 0 0 0 
0 0 0 0 0 0 0 0 0 0.00294954 0 0 0.00321165 0.00332098 0 0 0 0 0 0.00347859 0 0 0.00350101 0 0 0 0 0 
0 0 0 0 0 0 0 0.00307828 0 0 0 0 0 0 0 0.00337139 0 0 0 0 0.00350275 0 0 0 0 0 0.00354474 0 
0.00378068 0 0 0 0 0 0 0 0 0 0 0 0 0 0 0 0 0 0 0.00349337 0 0 0 0 0 0 0 0 
0 0 0 0 0.00381031 0 0.00326653 0 0 0 0 0.00283599 0.00297042 0 0 0 0 0.00349538 0 0 0.00346433 0.00344636 0 0 0 0 0 0 
0 0.00457486 0 0 0 0 0.00354924 0 0 0 0 0 0 0 0 0 0 0 0 0 0 0 0 0.00329131 0 0 0.00384848 0 
0 0 0 0 0 0 0 0 0 0 0 0 0 0 0 0.00301016 0.00309662 0 0 0 0 0 0 0 0.0034987 0 0 0 
0 0 0 0 0 0 0 0 0 0 0 0.00255386 0 0 0 0 0.00315265 0 0 0 0 0 0 0.00321076 0 0 0 0.00512495 
0 0.00740345 0 0 0 0.0055919 0 0 0 0 0 0 0 0.00262319 0 0.00279897 0.00289294 0 0 0 0 0 0 0 0 0 0 0 
0 0 0 0 0 0 0 0 0 0 0 0 0 0 0 0 0 0 0 0 0 0 0 0 0 0 0 0 
0 0 0 0 0 0.00815474 0 0 0 0.00226806 0 0 0 0 0 0 0 0 0 0 0.00227081 0 0 0 0 0 0.00624033 0 
0 0 0 0 0.0121046 0 0 0 0 0 0 0 0 0 0 0 0 0 0 0 0 0 0.00201499 0.00242416 0 0 0 0 
0 0.0170629 0 0 0 0.011676 0 0 0 0.00204582 0 0 0 0 0.00112817 0 0 0 0.00126017 0 0 0 0 0 0.0032719 0 0 0 
0 0 0 0 0.0178727 0 0 0 0 0 0 0 0 0 0 0 0 0 0 0 0 0 0 0 0 0 0.00937622 0 
0 0 0 0 0.0210004 0 0.0109785 0 0 0 0.000662334 0 0 0 0 0 0 0 0 0 0 0 0 0 0 0 0 0 
0 0 0 0 0 0 0.012172 0 0 0 0 0 0 0 0 0 0 0 0 -0.000679064 0 0 0 0 0.00323777 0 0 0 
0 0 0 0 0.0272479 0 0 0 0 0 0 0 0 0 0 0 0 0 0 0 0 0 0 0 0 0 0 0 
0 0 0 0 0 0.0226542 0 0 0.00374404 0 0 0 0 0 0 -0.00199953 0 0 0 0 0 0 0 0 0 0 0 0 
0 0.0381021 0 0 0 0.0246428 0 0 0 0 0 -0.00165595 0 0 -0.00255428 0 0 0 0 0 0 0 0 0 0 0 0 0.0240204 
0 0.0407088 0.0430759 0 0 0 0.0170991 0 0 0 0 0 0 -0.00268984 0 0 0 0 0 0 -0.00296191 0 0 0 0 0.00829874 0 0 
0 0 0 0.0434571 0 0 0.018051 0 0 0 0 0 -0.00293112 0 0 0 0 0 0 0 0 -0.00306925 0 0 0.00277111 0.00860312 0.01697 0 
0 0 0 0 0 0 0 0 0 0 0 0 -0.00317032 0 0 0 0 0 0 -0.0039028 0 0 0 0 0 0 0 0 
0.038802 0 0 0 0 0 0 0 0.00393006 5.21446e-05 0 0 0 -0.00360424 0 0 0 0 0 0 0 0 0 0 0 0 0 0 
0 0 0 0 0 0 0 0 0 0 0 0 0 0 0 -0.00425173 -0.00436347 0 0 0 0 -0.00381422 0 0 0 0 0 0 
0.0402721 0.0478562 0 0 0 0 0 0 0 0 0 0 0 0 0 0 0 0 0 0 0 0 0 -0.00130461 0 0 0 0 
0 0 0 0 0 0 0 0 0 0 0 -0.00311471 -0.00367103 0 0 0 0 0 0 0 0 0 0 0 0 0 0 0.0299436 
