0 0.0629869 0 0 0 0 0 0 0 0 0 0 0 -0.0038655 0 0 -0.00434748 0 0 -0.00429829 0 0 -0.0030732 0 0 0 0 0 
0 0 0 0 0 0 0 0 0 0 0 0 0 0 0 0 -0.00434224 0 0 0 0 0 0 0 0 0 0 0 
0.0513888 0.0619953 0 0 0.0536934 0 0.0219327 0 0 0 0 0 0 0 0 0 0 0 0 0 0 0 0 0 0 0.00858317 0 0 
0.0503294 0 0 0 0 0 0 0 0 0 0 0 0 0 0 0 0 0 -0.00421768 0 -0.00399971 0 0 0 0 0 0 0 
0 0 0 0 0 0 0 0 0 0 -0.00169391 0 -0.0030712 0 0 0 0 0 0 0 0 -0.00350567 0 0 0 0 0 0 
0 0 0 0 0 0 0 0 0.0037509 0 0 0 0 0 0 0 0 0 0 0 0 0 0 0 0 0 0 0 
0 0 0 0 0 0 0 0 0 0 0 0 -0.00255724 0 0 0 0 0 0 -0.00339577 0 0 0 0 0 0 0.0188437 0 
0 0 0.0535246 0 0.0422823 0 0.018373 0.00914133 0.00368632 0 0 0 -0.00246501 0 0 0 -0.00300499 0 0 0 0 0 0 0 0 0 0 0 
0 0 0 0.0456152 0 0 0.0170392 0 0 0 0 0 0 -0.00218169 0 0 0 0 0 -0.00263127 0 0 0 0 0 0.00772157 0 0 
0 0 0 0 0.0333862 0 0 0 0.00375392 0 0 0 0 -0.00166274 0 0 0 0 -0.00213236 0 -0.00205114 0 0 0 0 0 0 0 
0 0 0 0 0 0 0 0 0 0 0 -0.000813909 0 0 0 0 0 0 0 0 0 0 0 0 0 0 0 0 
0 0 0 0 0 0 0 0 0 0 0 0 0 0 0 0 -0.000792995 0 0 0 0 0 0 0 0 0 0 0 
0 0 0.0255675 0 0 0 0 0 0 0.00155289 0 0 0 0 0 0 0 0 -8.70239e-05 -5.5045e-05 0 0 0 0 0 0 0 0.0159084 
0 0 0 0 0 0 0 0 0 0 0 0 0.000695031 0 0 0 0 0.000492343 0 0 0 0 0 0 0.00321121 0 0 0 
0 0 0 0.0172552 0 0 0 0 0 0 0.00142197 0 0 0.00102833 0 0 0 0 0 0 0 0 0 0 0.00336744 0 0.00823044 0 
0 0 0 0 0 0 0 0.00481298 0.00326995 0 0 0 0.00155468 0 0.00155871 0.00159928 0 0 0 0 0 0 0 0 0 0 0 0 
0.0100952 0 0 0 0 0 0.00629365 0 0 0 0 0 0 0 0 0 0 0 0.00215128 0 0 0 0 0 0.00340253 0 0 0 
0 0 0 0 0 0 0 0 0 0 0 0 0 0 0 0 0 0 0 0 0.00260424 0 0 0 0.00339665 0 0 0.00686537 
0.00678819 0 0 0 0 0 0 0.00405868 0 0 0 0 0 0.00255855 0 0 0.00283939 0 0 0 0 0.00288502 0 0 0 0 0 0 
0 0.00635916 0 0 0 0 0 0 0 0.00294705 0 0 0 0 0 0 0 0 0 0 0 0 0 0 0 0 0 0.00519768 
0 0 0 0 0.00614984 0 0 0 0 0 0 0 0 0 0 0 0 0 0.00309026 0 0 0 0 0 0 0 0.00405362 0 
0 0 0 0 0 0 0 0 0 0 0 0 0 0 0 0 0.00314825 0 0 0 0 0 0.00315054 0 0.00328973 0 0.00372906 0 
0 0 0 0 0 0.00708655 0 0 0 0 0 0 0 0.0018934 0 0 0 0 0 0 0 0 0 0 0 0.00341507 0 0 
0.00397585 0.00476325 0 0.00692188 0 0 0 0 0 0 0 0 0 0 0.00210717 0 0 0 0 0 0 0 0 0 0 0 0 0 
0 0 0 0 0.00954407 0 0.0100066 0 0 0.00471419 0 0 0 0 0 0 0 0 0 0 0 0 0 0 0 0 0 0 
0.0041839 0 0 0 0 0 0 0 0 0 0 0 0 0 0 0 0 0 0 0 0 0.0024267 0 0.00245837 0 0 0 0 
0 0.00637661 0.00911931 0 0 0 0.0160346 0 0 0.00617845 0 0 -0.00111807 0 -0.000222114 0 0 0 0 0.00196881 0 0.00196309 0 0 0 0.00220118 0 0 
0 0 0 0 0 0 0 0 0 0 0 0 0 0 0 0 0 0 0 0 0.00174893 0.001796 0 0 0 0 0 0 
0 0 0 0 0 0 0.0240296 0.0204609 0 0 0 0 0 0 0 -0.00118563 0 0 0 0 0.00112198 0 0 0 0 0 0 0 
0 0 0 0 0 0 0 0 0 0 0 -0.00329542 0 0 0 0 0 0 0 0 0 0 0 0 0 0 0 0 
0 0 0 0 0.0308834 0 0 0 0 0 0 0 0 0 0 0 0 0 0 0 -1.31127e-05 0 0 0 0 0 0 0.00248663 
0 0 0 0.0344556 0.0449091 0 0 0.0481556 0.0338652 0 0.00417009 0 0 0 0 0 0 0 0 0 0 0 0 0 0 0 0 0 
0 0.0108053 0 0 0 0 0 0 0 0 0 0 0 0 0 0 0 0 0 -0.000808532 -0.000362482 0 0 0 0 0 0 0 
0 0 0 0 0 0 0 0 0 0 0.0140959 0 0 0 0 -0.00508469 0 0 -0.0011227 0 0 0 0 0 -0.000728808 -0.000100643 0 0 
0 0 0.0312952 0 0 0 0 0 0 0 0 0 0 0 0 0 0 -0.00166037 0 0 0 0 0 0 0 0 0 0 
0 0 0 0 0.121448 0 0 0 0.112388 0 0 0 0 0 0 0 0 0 -0.00168971 0 0 -0.00114752 0 0 0 -0.000348465 0 0 
0 0 0 0 0 0 0 0 0.12561 0 0 0 0 0 0 0 0 -0.00191025 0 0 0 0 0 0 0 0 0 0 
0.00388749 0 0 0 0 0 0 0 0 0 0 -0.00780011 0 0 0 0 0 0 0 0 0 0 0 0 0 0 0 0 
0 0 0 0 0 0 0 0 0 0 0 0 0 0 0 0 0 0 0 0 0 0 0 0 0 0 0 0 
0 0 0 0 0 0.182422 0 0 0 0.0965476 0 0 0 0 0 0 0 0 0 0 0 -0.00188386 0 0 0 0 0 0.000467948 
0 0 0 0 0 0 0 0 0 0 0 0 0 0 0 0 0 0 0 0 0 0 0 0 0 0 0 0.000103664 
0.00238627 0 0 0 0 0 0 0 0 0 0 0 0 0 0 0 0 -0.00208821 0 0 0 0 0 0 0 0 0 0 
0 0 0.0357328 0 0 0 0 0 0 0 0 0 0 0 0 0 0 0 0 0 -0.00158441 0 0 0 0 0 0 0 
0 0 0.0339266 0 0 0 0 0 0 0 0 0 0 0 0 0 0 -0.00205396 0 0 -0.00179677 0 0 0 0 -0.00201694 0 0 
0 0 0 0 0 0.169214 0 0 0 0 0 0 0 0 0 -0.00203035 0 0 -0.00300247 0 0 0 0 0 0 0 0 0 
0 0.00469402 0.0288727 0 0.131044 0 0 0 0 0 0 0 0 0 0 0 0 0 0 0 0 0 0 0 0 0 0 0 
0 0 0 0.0846905 0 0 0 0 0 0 0 0 0 0 0 0 0 0 0 -0.00365684 0 0 0 0 0 0 0 0 
0 0.0026802 0 0 0 0 0 0 0 0 0 0 0 0 0 0 0 0 0 0 -0.00289519 0 0 0 0 0 0 0 
0 0 0 0 0 0 0 0.136984 0 0 0 0.0250494 0 0.0109085 0 0 0 0 0 0 -0.00311477 0 -0.00382458 0 -0.00390678 0 -0.00324058 0 
0 0 0 0.0478968 0.0693945 0 0 0 0 0 0.0485363 0 0 0 0.00808014 0 0 0 0 0 0 -0.00384745 0 -0.00406845 0 -0.00351625 -0.00344909 0 
0 0 0 0 0 0 0 0 0 0 0 0 0 0.0225418 0 0 0 0 0 0 0 0 -0.00391179 0 0 -0.00371379 0 0 
0 -0.000749002 0 0 0 0.0333057 0 0 0 0 0 0 0 0 0 0 0 0 0 0 0 0 0 0 0 0 0 0 
0 -0.00146416 0 0 0 0 0 0 0 0 0 0 0 0 0 0 0 -0.00165486 0 0 0 -0.0033433 0 0 -0.00348244 0 0 0 
-0.00285372 0 0 0.00281575 0 0.00793479 0 0.0628854 0 0.11677 0.119013 0 0 0 0 0 0.00181564 -0.00125972 -0.00244737 0 0 0 -0.00314227 0 0 0 0 0 
0 0 0 0 0 0 0 0.0680405 0 0 0 0 0 0.0664827 0 0 0 0 0 0 0 -0.00258869 0 0 0 0 0 0 
0 0 0 0 0 0 0.0292657 0 0.112146 0 0 0 0 0 0 0 0.00289844 0 0 0 -0.00218131 0 0 -0.0024399 0 0 0 0 
0 0 0 -0.00277327 0 0 0 0 0.11866 0 0 0 0 0.0794863 0 0 0 0 0 0 0 0 0 0 -0.002135 0 0 0 
0 0 0 0 0 0 0.0272887 0 0 0 0 0 0 0 0.0433808 0.00827047 0 0.000179384 0 0 0 0 0 0 0 0 -0.0022172 0 
0 0 0 0 0 0 0 0 0 0 0 0 0.147305 0 0 0 0 0 -0.000776055 0 -0.00124313 0 0 0 0 0 0 0 
-0.00353995 0 0 -0.00595283 0 0 0 0 0 0 0 0 0 0 0 0 0 0 0 0 0 0 0 -0.00143994 0 0 0 0 
0 -0.00574547 0 0 0 0 0 0.0771534 0 0 0 0 0 0 0 0 0 0 0 0 0 0 0 0 0 0 0 -0.00261482 
0 0 0 -0.00675561 0 0 0 0 0 0 0 0 0 0.0880453 0 0 0 0 0 0 -0.000692784 -0.000637907 0 0 0 0 0 0 
0 0 0 0 0 0 0 0 0 0.165254 0 0 0 0 0 0 0 0 0 0 0 -0.000435402 0 0 0 -0.0012155 0 0 
0 0 0 0 0 0 0 0 0 0 0.166073 0 0 0 0 0 0 0.0011075 0 0 0 0 -0.000839298 0 0 -0.00105862 -0.00111964 0 
0 0 0 0 0 0 0 0 0 0 0.155967 0 0 0 0 0 0 0 0 0 0 -7.8856e-05 0 0 0 0 0 0 
0 0 0 -0.00589278 0 0 0 0 0 0 0 0 0 0 0 0 0 0 0 0 0 0 0 0 -0.000254556 0 0 0 
0 0 0 0 0 0 0.0163774 0 0.0894411 0 0 0 0 0 0 0.00813536 0 0 0 0 0.00042142 0 4.89492e-05 0 0 0 -0.000226803 0 
0 0 0 0 0 0 0 0 0 0 0 0 0 0 0 0 0 0.00190904 0 0 0 0 0 0 0 0 0 -0.000457653 
0 0 0 -0.00424805 0 0 0 0 0 0.0799597 0 0 0.0726071 0 0 0 0 0.00221632 0 0 0 0.000969098 0 0 0 0 0 0 
-0.000249446 0 0 -0.00372284 0 -0.00422088 0 0 0 0 0 0 0 0 0.0193037 0 0 0 0.00166823 0.00118802 0 0 0 0 0 0.00107323 0 0 
0 0 0 0 0 0 0 0 0 0 0.0330521 0 0 0.0209081 0 0 0 0 0 0 0 0 0 0 0 0 0 0 
0 0 0 0 -0.00260543 -0.00144371 0.0014575 0 0 0 0 0 0 0 0 0 0 0 0 0 0 0 0 0 0 0 0 0 
0 0 -0.000115883 0 0 -0.000348651 0 0 0 0 0 0 0 0 0 0 0.00408554 0 0 0 0.00230742 0 0.00226943 0 0.00228005 0 0 0 
0 0 0 0.000203438 0 0 0 0 0 0 0 0 0 0 0.00700244 0 0 0 0 0 0 0 0 0 0 0.00256119 0 0.00231958 
0 0.00197982 0 0 0.000937266 0 0 0 0 0 0 0.00923932 0.00866715 0 0 0.00481276 0.0039525 0 0.00311438 0 0 0.00286441 0 0.00277419 0 0 0.00267219 0 
0 0 0 0 0 0 0 0 0 0 0 0.00734216 0 0 0 0 0.00378816 0 0 0 0 0 0 0 0 0.00298203 0 0 
0 0 0 0.00226171 0 0 0 0 0 0 0 0.0059224 0 0 0 0 0 0 0 0 0 0 0 0 0 0 0 0 
0 0 0 0.00287509 0 0 0 0 0.00378203 0.00424757 0 0 0 0.00428431 0 0.00363582 0 0 0 0 0.00331675 0 0 0 0 0 0 0 
0 0 0 0 0 0 0 0.00314366 0 0 0 0 0 0 0 0 0 0 0.00346751 0 0 0 0 0 0 0 0.00339706 0 
0 0.00330445 0 0 0 0 0 0 0.00344162 0 0 0 0 0.00370611 0 0 0 0 0 0 0 0 0 0 0 0 0.00340181 0 
0 0 0 0 0 0 0.00322232 0 0 0 0 0 0 0 0 0 0 0 0 0 0 0 0.00354889 0 0 0 0 0 
0 0.00345928 0 0 0 0 0 0 0 0 0.00325733 0 0 0 0 0 0 0 0 0 0.00349083 0 0 0 0 0 0 0 
0 0 0 0 0 0 0 0 0 0 0 0 0 0 0 0 0 0 0 0 0 0 0 0.00347771 0 0.00341107 0.00338657 0.00336263 
0 0 0 0 0 0 0 0 0 0 0.00295634 0 0 0 0 0 0 0 0.00354803 0 0 0 0.00357493 0 0 0 0 0 
0 0 0.00339119 0 0 0 0 0 0 0 0 0 0 0 0.00338582 0 0 0.00363179 0.00365259 0 0 0 0 0 0 0 0 0 
0.00352193 0 0 0 0 0 0.00304438 0 0 0 0 0 0 0 0 0 0 0 0 0 0 0 0 0.00359051 0 0 0 0 
0 0 0.00343346 0 0 0.00321284 0 0 0 0 0 0 0 0 0 0 0 0 0 0 0 0 0 0 0 0 0 0 
0 0 0 0 0 0 0.00301506 0 0.00286485 0.00286034 0 0 0 0.00325356 0 0 0 0 0.00351332 0 0 0 0 0 0 0 0 0 
0 0 0.00343295 0 0.00322008 0 0 0.00292414 0 0 0 0 0 0 0 0 0 0 0 0 0 0 0 0 0 0 0 0.00353219 
0 0.00347371 0.00340501 0.00333581 0 0 0 0 0 0.00275154 0 0 0 0 0 0 0.00358487 0.00360979 0 0 0 0 0 0 0 0.00350842 0 0 
0 0 0 0 0 0 0 0 0 0 0 0 0.00313141 0.00326815 0 0 0.00361187 0 0 0 0 0 0 0 0 0 0 0 
0 0 0 0 0 0.0032453 0 0 0 0.00287553 0 0 0 0 0 0 0 0 0 0.00357797 0 0 0.0035593 0 0.00354918 0 0.00356277 0 
0 0.00341376 0 0 0 0 0.00304508 0 0 0 0 0 0 0.00322904 0 0 0 0 0.00354929 0 0 0 0 0 0 0.00349081 0 0 
0 0 0 0 0 0 0 0 0 0 0 0 0 0 0 0 0 0 0 0 0 0 0 0 0 0 0 0 
0 0 0 0 0 0 0 0.00301788 0.00292187 0 0 0 0 0 0 0 0 0 0 0 0 0.003512 0 0.00353647 0 0 0.00365824 0 
0 0 0 0.00334113 0 0 0 0 0 0 0 0 0 0 0 0.00355467 0 0 0 0 0 0 0 0 0 0 0 0 
0 0 0 0.00340369 0.00327411 0.00313404 0 0 0.00282731 0 0.00291408 0.00305785 0 0 0.00359416 0 0 0.00371477 0 0 0.00356402 0 0 0 0 0 0 0 
0 0.00356755 0 0 0 0 0 0 0 0 0 0 0.00345957 0 0 0 0 0 0 0 0.00346506 0 0 0 0 0 0 0 
0 0 0.00356337 0 0 0 0 0 0.00293231 0.00295758 0 0 0 0 0 0 0 0 0 0 0.00355648 0 0 0 0 0 0 0 
0 0.0034479 0 0 0.00319522 0 0 0.00299894 0 0 0 0 0 0 0 0.0044687 0 0 0 0 0 0.00332262 0 0 0 0 0 0 
0 0 0 0 0 0 0 0 0 0 0 0.00391153 0 0.00484841 0.00510013 0 0 0 0.00410973 0.00371857 0 0 0 0 0 0 0 0 
0 0 0 0 0.00292641 0 0.00284424 0.00287517 0 0 0 0 0 0.00591901 0 0 0 0 0 0 0 0 0 0 0 0 0 0 
0 0 0 0 0 0 0 0 0 0 0.00435883 0 0 0 0 0 0 0 0 0 0 0 0 0 0 0 0 0 
0 0 0.002558 0 0 0 0 0.00258927 0 0 0 0.00651712 0 0 0 0 0 0 0 0 0 0 0 0 0 0 0 0 
0 0 0 0 0 0 0 0 0 0.00422653 0.0058437 0 0 0 0 0 0 0 0 0 0 0 0 0 0 0 0.00211107 0 
0 0 0 0 0 0.00176582 0 0 0 0 0 0.00964211 0 0 0 0 0 0 0 0.00485182 0 0 0 0 0 0.00169996 0 0 
0.00125001 0 0 0 0 0 0 0 0 0.00528903 0 0 0.0147581 0 0 0 0 0 0 0 0 0 0 0 0 0 0 0 
0 0 0 0 0 0 0 0.00188891 0 0 0 0 0 0 0 0 0 0 0.00936853 0 0 0 0 0 0 0 0 0 
0 0 0 0 0 0 0 0 0 0 0 0 0 0 0 0 0 0 0 0 0 0.00140458 0 0 0 0 0 0 
0 0 0 0 0 0 0 0 0 0 0 0 0 0 0 0 0.0237421 0 0 0 0 0 0 0 0 0 0 0 
0 0 0 0 0 0 -0.000155951 0 0 0 0.0145513 0 0 0 0 0 0 0 0 0.00694454 0 0 0 0 0 0 0 0 
0 0 0 0 0 -0.00102201 0 0 0 0 0.0173355 0 0 0 0 0 0 0 0.0166488 0 0 0 0 0 0 0 0 0 
0 0 0 0 0 0 0 0 0 0 0 0 0 0 0 0 0 0 0 0 0 0 0 0 0 0 0 0 
0 0 0 -0.00224678 0 0 -0.000997074 0 0 0 0 0 0 0 0.0744778 0 0 0 0 0 0 -0.000467268 0 0 0 0 0 0 
0 0 0 0 0 -0.00208794 0 0 0 0 0 0 0 0 0 0 0 0 0 0.00759876 0 0 0 0 0 0 0 0 
0 0 0 0 0 0 0 0 0 0 0 0 0 0 0 0 0 0 0 0 0 -0.000845954 0 0 0 0 0 0 
0 0 0 -0.00297763 0 0 0 0 0.00347116 0 0 0 0 0 0 0 0 0 0 0 0.00241897 0 0 -0.00340773 0 0 0 0 
0 0 0 0 0 0 0 0 0 0 0 0 0 0.0845165 0 0 0 0 0 0.00777772 0 0 0 0 -0.00355266 -0.00356628 0 0 
0 0 0 -0.00310689 0 0 0 0 0 0 0 0 0 0.0867181 0 0 0 0 0 0 0 0 0 0 0 -0.00357607 0 0 
0 0 0 0 0 0 0 0 0 0 0 0 0 0 0 0 0 0 0 0 0.00234989 0 0 0 0 0 0 0 
0 0 -0.00366396 -0.00313153 0 0 0 0 0 0.0097613 0 0.0557308 0 0 0 0 0 0 0 0 0 0 0 0 0 0 0 0 
0 0 0 0 0 -0.00249814 -0.00179557 0 0 0 0 0 0 0.0880964 0 0 0 0 0 0 0 0 0 0 -0.00364086 0 -0.00399485 0 
0 0 0 0 0 -0.00248313 0 0 0 0 0 0 0 0.0867975 0 0 0 0 0 0 0 0 0 0 0 0 0 0 
0 0 0 0 0 0 0 0 0.00338415 0 0 0 0 0 0 0 0 0 0 0 0 0 0 0 0 0 0 0 
0 0 -0.00332961 0 0 -0.00230392 0 0 0 0 0 0 0 0 0 0 0.0737443 0 0 0 0 0 0 0 0 0 0 0 
0 0 0 0 0 0 0 0 0 0 0 0 0 0 0 0.0850098 0 0 0 0 0 0 0 0 0 0 0 0 
0 0 0 0 0 0 0 0 0 0 0 0 0.0645107 0 0 0 0 0 0 0 0 0 0 0 0 -0.00306632 0 0 
0 0 0 0 0 0 0 0 0 0 0 0 0 0 0 0 0 0.0401627 0 0.00754222 0 -0.000376704 0 0 0 0 0 0 
0 0 -0.00233687 0 -0.00213146 0 0 0 0 0 0.0199872 0 0 0 0 0 0 0 0 0 0 0 0 0 0 -0.00231464 0 -0.00249307 
0 0 0 0 0 0 0 0 0 0 0.0174314 0 0.0406004 0 0 0 0 0 0.0166729 0 0 0 0 0 0 0 0 0 
0 0 0 -0.00114804 0 0 0 0 0 0 0 0 0 0 0 0 0 0 0 0 0 0 0 0 0 0 0 0 
0 0 0 0 0 0 0 0 0 0 0.0123203 0 0 0 0.0293578 0 0 0 0 0 0.00315043 0 0 0 0 0 0 0 
-4.17512e-05 0 0 6.65048e-05 0 0 0 0 0 0.00664633 0 0 0 0 0 0.0241077 0 0 0 0 0 0 0 0 0 0 0 0 
0 0 0 0 0 0 0 0 0 0 0 0 0 0.0205403 0 0 0 0 0.00940055 0 0 0 0 0 0 0 0 0 
0.00118575 0.0011607 0 0 0 0.00127681 0 0.00208957 0 0 0 0 0 0.017062 0 0 0 0 0.00831167 0 0 0 0 0 0 0 0 0.00115579 
0.00187502 0.00179862 0 0 0.00167773 0 0.00185883 0 0 0 0 0 0 0 0 0 0 0 0 0 0.00338823 0.00248418 0 0 0 0 0 0 
0 0 0 0.00215424 0 0 0 0 0 0 0.00598102 0 0 0 0 0 0 0 0 0 0 0 0 0 0.00223376 0 0 0 
0 0 0 0 0 0 0 0 0.0031035 0.00398031 0 0 0 0 0 0 0 0 0 0 0 0.00282559 0 0 0 0 0 0.00259079 
0 0 0 0.00275768 0 0 0 0 0 0 0 0 0 0 0.00752781 0 0.00670253 0 0 0 0 0 0 0 0 0 0 0 
0 0 0 0 0.00286125 0.00279992 0 0 0 0 0 0 0 0.00590987 0 0 0 0 0 0 0 0 0 0 0 0 0 0 
0 0 0 0 0 0 0 0 0 0 0 0.00402861 0 0 0 0 0 0 0 0 0 0 0 0.00321997 0 0 0 0 
0 0 0 0.00328525 0 0 0 0 0 0.00303902 0 0 0 0.00422596 0 0 0 0 0 0 0 0 0 0 0 0 0 0.003363 
0 0 0.003304 0 0 0 0 0 0 0 0 0 0 0 0 0 0 0.00393658 0 0.0036945 0 0 0 0 0 0 0 0 
0 0 0 0 0 0 0 0 0 0 0 0 0 0.00363933 0 0 0 0 0 0 0.00344696 0 0 0.00338528 0 0 0 0.00351811 
0 0 0.00358054 0 0 0.00331692 0 0 0 0 0 0 0 0 0 0 0 0 0 0 0 0 0.00346173 0 0 0 0 0 
0 0 0 0 0 0 0 0 0 0 0 0.00297481 0 0 0 0.00362611 0.00372599 0 0 0 0 0.00356244 0 0.00343466 0.00340279 0 0 0.00343545 
0 0.00356008 0 0.00344506 0 0.00318102 0 0 0 0 0 0 0 0 0 0.0034612 0 0 0.00352885 0 0.0035268 0 0 0 0 0 0 0 
0 0 0.00330303 0 0 0 0 0 0 0 0 0 0 0 0 0 0 0 0 0 0 0 0 0.00356766 0 0.00352464 0 0 
0 0 0 0 0 0 0.00321076 0 0 0.00298632 0 0 0 0.00338123 0 0.00360361 0.00367792 0 0 0 0 0 0 0 0.00340445 0 0.0034564 0 
0 0 0 0 0 0.00329997 0 0.00310364 0 0 0 0 0 0.00322315 0 0 0 0 0.00353726 0 0 0 0 0 0 0 0 0 
0 0 0 0.00337493 0 0 0 0 0 0 0 0 0 0 0 0 0 0 0 0 0 0 0 0 0 0 0 0 
0 0.00352175 0 0 0 0 0 0 0 0 0 0 0 0 0 0 0 0.0034697 0 0 0 0 0 0.00343292 0 0 0 0 
0 0 0 0 0 0 0 0 0 0 0 0 0 0 0 0 0 0 0 0 0 0 0 0 0 0 0 0 
0 0 0.00333562 0.00330651 0 0 0 0 0 0 0 0 0 0 0 0 0 0 0 0 0 0.00343139 0 0 0 0.0034617 0 0.00343487 
0 0 0 0 0 0 0.00324195 0.00310899 0 0 0 0 0 0 0 0.00340239 0 0.00353572 0 0 0 0 0 0 0 0 0.00354054 0 
0 0 0 0 0 0 0 0 0 0 0 0 0.00320108 0 0.00346813 0 0 0 0 0 0.00343349 0 0 0 0.0034093 0.00343854 0 0 
0 0.0035469 0 0 0 0 0 0 0 0 0.00294964 0 0 0 0 0 0 0 0.00357123 0 0 0 0.00353208 0 0 0 0 0 
0 0 0 0 0 0 0 0 0 0 0 0 0 0 0 0 0 0.00350881 0 0 0 0 0 0.00346311 0 0 0 0 
0 0 0 0 0 0 0.00302611 0 0 0 0 0 0 0 0 0 0 0 0 0 0 0 0 0 0.00361458 0.00365103 0.00367146 0 
0 0 0 0 0 0 0 0 0 0 0 0 0 0 0 0.00345917 0 0 0 0.00356885 0 0 0 0 0 0 0 0.00359762 
0 0 0 0.00339453 0 0 0 0 0.00305096 0 0 0 0 0 0 0 0 0 0 0 0 0.0034594 0 0 0 0 0 0 
0 0 0 0 0 0 0 0.00299399 0.00293586 0 0 0 0 0 0.00333318 0 0 0 0 0 0 0 0 0.00347583 0 0 0.00353847 0.0035432 
0 0 0 0 0 0 0 0.0029796 0 0 0 0 0 0 0 0 0 0 0 0 0 0 0 0 0 0 0 0 
0 0 0 0 0 0 0 0 0 0.00290698 0 0 0 0 0 0.00331132 0 0 0 0 0 0 0 0 0.00362178 0 0.00374525 0 
0.0034888 0 0.00341282 0 0 0 0 0 0 0 0 0 0 0 0.0034306 0 0 0 0 0 0 0 0 0 0 0 0 0 
0 0 0 0 0 0 0 0 0 0 0 0 0 0 0 0 0 0 0 0.00352401 0 0 0 0 0.00360872 0 0 0 
0 0 0.00345013 0 0 0.00316126 0 0 0 0 0 0 0 0 0.00333492 0 0 0 0.00353955 0 0.00358115 0 0 0.00361399 0 0 0 0 
0 0 0 0 0 0 0 0 0 0 0 0 0 0 0 0 0 0 0 0.00353605 0 0 0 0 0.00354255 0 0 0 
0 0 0 0 0 0 0 0 0 0 0 0 0.00307779 0 0 0 0 0 0 0 0 0 0 0.00360915 0 0 0 0 
0 0 0 0 0 0 0 0 0 0 0.00296141 0 0 0 0 0 0 0 0 0 0 0 0 0 0 0 0 0 
0.00367321 0 0 0 0.00326971 0 0 0 0 0 0.00302183 0 0 0 0.00339297 0 0 0 0 0.00343456 0 0 0 0 0 0 0 0 
0 0 0 0 0 0 0 0 0 0 0 0 0 0 0 0 0 0 0 0 0 0 0 0 0 0 0 0 
0 0 0 0.00348508 0 0 0 0 0 0 0.00283819 0 0 0 0 0 0 0 0 0 0 0 0 0 0 0 0 0 
0 0 0 0 0 0 0 0 0.00300808 0 0 0 0 0 0 0 0 0 0 0.00335933 0 0 0 0 0.00340127 0 0.00349484 0 
0.003592 0 0 0 0 0.00332689 0 0 0 0 0 0 0 0.00323325 0 0.00347281 0 0 0 0 0 0 0 0 0 0 0 0 
0 0 0 0 0 0.00313216 0 0.00296777 0 0 0 0 0 0 0 0.00338389 0 0 0 0 0.00355325 0 0 0 0 0 0 0 
0 0 0 0 0 0 0 0 0 0 0 0 0 0 0 0 0 0 0 0 0.00354264 0 0 0 0 0 0.00352715 0 
0.00357083 0 0.00345357 0 0 0.0031263 0 0 0 0 0 0 0.00317426 0 0 0.00359347 0 0 0 0.00363484 0 0 0 0 0 0.00356344 0 0 
0 0 0 0 0 0 0 0 0.00284931 0 0 0 0 0 0 0 0 0 0 0 0 0 0 0.00347011 0 0 0.0035199 0 
0 0 0 0 0 0 0 0.00286705 0 0 0 0 0 0 0.00359237 0 0 0.00363879 0 0 0.0035132 0 0 0 0 0 0 0 
0 0 0 0 0.00344653 0 0.00323008 0 0 0 0 0 0 0 0 0 0 0 0.00369941 0 0 0 0 0 0 0 0 0 
0 0 0 0 0 0.00316657 0 0 0 0 0.00297473 0 0.0032003 0 0 0 0 0 0 0 0.00360134 0.00357446 0 0 0 0 0 0 
0.00354238 0.00347619 0 0 0 0 0 0 0 0 0 0 0 0 0 0 0 0 0 0 0 0 0 0 0 0 0 0 
0.0036352 0.00360196 0 0 0 0 0 0 0 0 0 0 0 0 0 0 0 0.00350123 0 0 0 0.00333732 0 0 0.00343204 0 0 0 
0.00353766 0 0 0 0 0 0 0 0.00300613 0 0 0 0 0 0.00345376 0.00350957 0 0 0 0 0 0 0 0 0 0 0 0 
0.00364508 0 0 0 0 0 0.00311673 0 0.00300285 0 0 0 0 0 0 0 0 0 0 0 0 0 0 0 0 0 0 0 
0 0 0 0 0 0.00325271 0.00313546 0 0 0 0 0 0 0 0 0 0 0 0 0.00357901 0 0 0 0 0 0.0036434 0.00363114 0 
0 0 0 0.00348098 0 0 0 0 0 0 0.00284837 0 0 0 0 0 0 0 0 0 0 0 0 0 0 0 0 0 
0 0 0 0 0 0 0 0.0029023 0 0.0028574 0 0 0 0 0 0 0 0 0 0 0 0 0 0 0 0 0 0 
0 0 0 0 0 0 0.00311709 0 0 0 0 0 0 0 0 0 0.00340471 0 0 0 0 0 0 0 0 0 0 0 
0 0 0 0 0 0 0 0 0 0.00288848 0.00291193 0 0 0.00323077 0 0 0.00361034 0.00365894 0 0 0 0 0 0 0.00357513 0 0 0.00356735 
0 0 0.00350574 0 0.00332947 0.00320594 0 0.00297037 0 0 0 0.00298659 0 0 0 0 0 0 0 0 0 0 0 0 0 0.00357599 0 0 
0 0 0 0 0 0 0 0.00291241 0 0 0 0 0 0 0.00337074 0 0 0 0 0 0 0 0 0 0 0 0 0.00366238 
0.003545 0 0 0 0 0 0.00315391 0.00307075 0 0 0 0 0 0 0 0 0 0 0 0 0 0.00347705 0 0 0 0 0 0 
0 0 0 0 0 0 0 0 0 0 0 0 0.00331554 0 0 0 0 0 0 0.00352329 0.00348269 0 0 0 0 0 0.00345221 0 
0 0 0 0 0 0 0 0 0 0.00297912 0 0 0 0.00327016 0 0 0 0.00350864 0 0 0 0 0 0 0.00346835 0 0 0.00352184 
0 0 0 0 0 0 0 0 0 0 0 0 0 0 0 0.00341782 0 0.00359771 0 0 0.00371373 0 0 0 0 0 0.00351464 0 
0 0 0 0 0 0 0 0 0.00296761 0 0 0.00296574 0 0 0 0 0 0.00349305 0 0 0 0 0 0 0 0 0 0 
0 0 0 0 0 0 0 0.00293892 0 0 0 0 0 0.00337449 0 0 0 0 0 0.00357385 0 0.00355053 0 0 0 0.00356409 0 0 
0.00373688 0 0.00359892 0 0 0 0 0.00295608 0.0028502 0 0 0.00286775 0 0.00314613 0 0.0034291 0 0 0 0 0 0 0 0 0 0 0 0.00373597 
0.00350129 0 0 0 0 0 0 0 0 0.00284273 0 0 0 0 0 0 0 0 0 0 0 0 0 0 0 0.00345504 0 0.00348509 
0 0 0 0 0 0 0 0 0 0 0 0 0 0 0 0 0 0 0 0 0 0 0 0 0.00346997 0 0 0 
0 0 0.00352596 0 0 0 0 0.00291063 0.00282894 0 0 0 0.00303696 0 0.00330118 0 0.00345926 0 0 0 0 0 0 0 0 0 0 0.00362114 
0.00356266 0 0 0 0 0 0 0.00303967 0 0 0 0 0 0 0 0 0 0 0 0 0 0.0034554 0.00347958 0 0 0 0 0 
0 0 0 0 0 0 0 0 0 0 0 0 0 0 0 0 0 0 0.00358813 0 0 0 0 0.00346328 0 0 0 0.00358412 
0.00354063 0 0.00337509 0.00329533 0 0.00306587 0 0 0 0 0 0 0 0 0 0 0 0 0 0.003698 0 0 0 0 0.003674 0 0 0 
0 0 0 0 0 0 0 0 0 0 0 0 0.00304207 0.00314167 0.00324992 0 0.00342241 0 0 0 0.00354767 0 0 0.0035472 0.00354778 0 0.00355447 0 
0.00357773 0 0 0 0.00351565 0 0 0 0 0 0 0 0 0.0030774 0 0 0 0 0 0 0 0 0 0.00339881 0 0.00342592 0 0 
0 0 0 0 0 0 0 0 0 0.00294315 0 0 0 0 0 0 0.00346987 0 0 0 0 0 0 0 0 0 0 0 
0 0.00358336 0 0.00349504 0 0 0 0 0 0.00298865 0 0 0 0 0 0 0 0 0 0 0 0 0 0 0 0 0 0 
0.00356346 0 0.00344537 0.00337309 0 0 0 0.00286624 0 0 0 0 0 0 0 0 0.00363466 0 0 0 0 0 0 0 0 0 0 0 
0 0 0 0 0 0 0 0 0 0 0 0 0 0 0 0 0 0 0 0 0 0.00361443 0 0 0 0 0 0.00354291 
0 0.00362778 0 0 0 0 0 0 0 0 0 0 0 0 0 0 0 0 0 0 0 0 0 0 0 0 0 0 
0 0 0 0 0 0 0 0 0 0 0 0 0 0 0 0 0 0 0 0 0.00364322 0 0 0 0.00349028 0 0 0 
0 0 0 0 0 0 0 0 0 0 0 0 0 0 0 0 0 0 0 0 0 0 0 0 0 0 0 0 
0 0 0 0 0 0 0 0 0 0 0 0 0 0 0 0 0 0 0 0 0 0 0 0 0 0 0 0 
0 0.00338996 0 0 0 0.00316926 0 0 0 0 0 0.00298701 0.00312494 0 0 0 0 0 0 0 0 0 0 0.00357323 0 0 0 0 
0.00336188 0 0 0 0 0 0 0.00298196 0.00293266 0.00291495 0.00294749 0 0 0 0 0 0 0.00406453 0 0 0 0 0 0 0 0.00343728 0 0 
0 0.00331446 0 0 0 0 0 0 0 0 0 0 0 0 0 0 0 0 0 0 0 0 0 0 0 0 0 0 
0 0 0 0 0.00317398 0 0 0 0 0 0 0 0.00311159 0 0 0 0 0 0 0 0 0 0 0.00361021 0 0 0 0 
0 0 0.0031466 0 0 0 0.00279813 0.00272087 0 0 0.00274723 0 0 0 0 0 0 0 0 0 0.00499101 0.0045668 0 0 0 0 0 0.00322218 
0 0 0 0 0 0 0 0 0 0.00265881 0 0 0 0 0 0 0 0 0 0.00602654 0 0 0 0 0 0 0 0 
0 0 0 0 0 0 0 0 0 0 0 0 0 0 0.00478466 0 0 0 0 0 0 0 0.00474555 0 0 0 0 0 
0 0 0 0 0.00256107 0 0 0 0 0.0022017 0 0 0 0 0 0 0 0 0 0 0 0.0070025 0 0 0 0 0 0 
0 0 0.00217094 0 0 0 0 0 0 0 0 0 0.00322029 0.00444138 0.00618304 0 0 0 0 0 0 0 0 0 0 0 0 0 
0 0 0 0 0 0 0 0 0.00153307 0 0 0 0 0 0 0.00967409 0 0.0140219 0 0 0 0 0 0 0.00335532 0 0 0 
0.00122737 0 0.00123728 0 0 0 0 0.0011993 0 0.00120687 0 0.00199081 0 0 0.0082093 0.0115985 0 0 0 0 0 0 0 0 0 0 0 0 
0 0 0 0 0 0.000708757 0.000696063 0 0 0 0 0 0 0.0057063 0 0 0 0 0 0 0 0 0 0 0.00319384 0 0 0 
0 0 0 0 0 0 0 0 0 0 0 0.00147085 0 0 0 0 0 0 0 0 0 0 0 0 0 0.0013905 0 0.000138613 
0 0 0 0 -0.000560428 0 -0.000350065 0 0 0 0 0.00115392 0 0 0 0 0.0237801 0 0 0 0 0 0 0 0 0 0 -0.000549077 
0 0 0 0 0 0 0 -0.000772133 0 0 -4.78006e-05 0 0.00316674 0 0 0 0 0.0376041 0.0397984 0 0 0.0234015 0.0139201 0 0 0 0 0 
0 -0.00180916 0 0 0 0 0 0 0 0 0 0 0 0 0 0.0316545 0.0464263 0 0 0 0 0 0.0172689 0 0 0 0 -0.00168573 
-0.00196894 -0.00216906 0 0 0 0 0 0 0 -0.0012695 0 0.000432124 0 0 0 0 0 0 0 0 0 0 0 0 0 0 -0.00128786 0 
0 0 0 0 0 0 0 0 0 0 0 0 0 0 0 0 0 0 0 0 0 0 0.0229299 0 0.00221298 0 -0.00145931 0 
0 0 0 0 0 0 -0.00186365 0 0 0 0 0 0 0 0 0 0 0 0 0 0 0 0 0 0 0 0 0 
0 0 0 0 0 0 0 0 0 0 0 0 0 0 0 0 0 0 0 0 0 0 0 0 0 0 -0.00180749 0 
-0.00275033 0 0 0 0 0 0 0 0 0 0 0 0 0 0 0.0605441 0 0 0.11707 0 0 0 0 0 0 -0.0007892 0 0 
0 0 0 0 -0.00284295 0 0 0 0 0 0 0 0 0 0 0.0634573 0 0 0 0 0 0 0 0 0.00163057 0 0 -0.00339486 
0 0 0 0 0 0 0 0 0 0 0 0 0 0 0 0 0 0 0 0.112343 0 0 0 0 0 0 0 0 
0 0 0 -0.00322655 0 0 -0.00231711 0 0 0 0 0 0 0 0 0 0 0.120718 0.129373 0 0 0 0 0 0 0 0 0 
0 0 0 0 0 0 0 0 0 0 0 0 0.00192709 0 0 0 0 0 0 0.115032 0.104695 0 0 0 0 0 0 0 
-0.00300317 -0.00351646 0 0 -0.00299502 0 0 0 0 0 0 0 0 0 0 0 0 0.120779 0 0.11439 0 0 0 0 0 0 0 0 
0 0 0 0 0 -0.00278918 0 0 0 0 0 0 0 0.00824142 0 0 0 0 0 0 0 0 0 0 0 -0.00103279 -0.00212475 0 
-0.00293853 0 0 0 0 0 0 0 0 0 0 0 0.00183909 0 0.0303796 0 0 0 0 0 0 0 0 0 0.00169295 0 0 0 
0 0 0 0 0 0 0 0 0 0 0 0 0.00202513 0 0 0 0 0 0 0 0 0 0.0284591 0 0.00167148 0 -0.00195662 0 
0 0 0 0 0 0 -0.00200085 0 0 0 0 0 0.00210817 0 0.0279473 0 0 0 0 0 0 0 0 0 0 -0.00065725 -0.0018019 0 
0 0 -0.00306199 -0.00268517 0 0 -0.00199352 -0.00221086 0 0 0 0 0.00229862 0 0 0 0.0821181 0 0 0 0 0.0553615 0 0 0 0 0 0 
0 0 0 0 0 -0.0019459 0 -0.00177568 0 0 0 0.000167375 0 0 0 0 0 0 0 0 0 0 0 0 0 0 0 0 
0 -0.00207384 0 0 0 0 0 0 0 -0.00128018 0 0.000406345 0 0 0 0 0 0 0 0 0 0.0419404 0.0205918 0 0 0 0 0 
-0.00159696 0 0 -0.00163483 0 0 0 0 0 0 0 0 0.00291038 0 0 0 0.0481196 0 0.0592386 0 0 0 0 0 0.00266074 0 -0.00086682 0 
0 0 0 -0.00124577 0 0 0 -0.000881167 0 -0.000646215 0 0 0 0 0 0 0 0 0 0 0 0 0 0 0 0 0 0 
0 0 -0.000574239 0 0 0 0 0 0 -0.000123942 0.000296083 0 0 0 0 0.0183655 0 0 0 0 0.0246078 0 0 0 0 0 0 0 
0 0 0 -5.78084e-05 0 0.000119412 0 0.000206489 0 0 0.000683512 0 0 0.00611167 0 0 0 0 0 0 0 0 0 0 0 0 0 0.00013858 
0.000634658 0 0 0 0 0 0.000653657 0 0 0 0.000976605 0 0.00300468 0 0 0 0 0 0.0217187 0 0 0 0 0 0 0 0 0 
0 0 0 0 0.00102492 0 0 0 0 0 0 0 0 0 0 0 0.0147046 0 0 0 0 0 0 0 0 0 0 0 
0 0 0 0 0 0 0.0014386 0 0.00139436 0 0 0 0.00288514 0 0 0 0 0 0 0 0 0 0 0 0 0 0 0 
0 0.00174991 0 0 0 0 0 0 0.00159707 0 0.00173059 0 0 0 0 0 0.00986682 0 0 0 0 0 0 0 0 0.00473271 0 0 
0 0 0 0 0 0 0 0 0 0 0 0 0 0 0 0.00630757 0 0 0.0113271 0.0123255 0 0 0 0 0 0 0 0 
0.00247202 0.00192565 0 0 0 0 0 0 0 0 0 0 0 0 0 0 0 0 0 0 0 0 0 0 0 0 0 0 
0 0 0 0 0 0 0 0.00139418 0.00132302 0 0 0 0 0 0.00277862 0 0 0 0 0 0 0 0 0.0138876 0 0 0 0 
0 0 0 0 0 0 0 0 0 0 0.0010274 0.00113373 0 0.00157354 0 0 0.00463501 0 0 0 0.016064 0 0.0182491 0 0 0 0 0 
0 0.000914626 0 0 0 0 0 0 0 0 0 0 0 0 0 0 0 0 0 0 0 0.0209905 0 0 0.0168063 0 0 0 
0 0.000539126 0 0 0 0.000279594 0 0 0 0 0 0 0 0 0 0 0.00368879 0 0 0 0.0211147 0 0 0 0 0 0.00911583 0 
0 0 0 0 0 0 0 -2.3009e-05 0 0 0 0 0 0 0 0 0 0 0 0 0 0 0 0.0272158 0 0 0 0 
0 0 0 0 0 -0.000901982 0 0 0 -0.000586135 0 -0.000741653 0 0 0 0 0 0 0 0.0238976 0 0 0 0 0 0.0221313 0 0 
0.00130273 0 0 0 0 0 0 0 0 0 0 0 0 -0.00087976 0 0 0 0 0 0 0 0 0.0578702 0 0 0 0 0 
0 0 0 0 -0.00174069 0 0 -0.00143054 0 0 0 0 0 0 0 0 0 0 0 0 0 0 0 0 0 0 0 0 
0 0 0 0 -0.00197399 0 0 0 0 -0.00135788 0 0 0 0 0 0 0 0 0 0 0 0 0.0891632 0 0 0 0 0 
0 0 0 0 0 0 0 0 0 -0.00151629 0 0 -0.00163585 0 0 0 0 0 0 0 0 0 0 0.11047 0 0.0545755 0 0 
0 0 0 0 0 0 0 0 0 0 0 -0.00211912 -0.001766 0 0 -0.000589163 0 0.00656202 0 0 0 0 0.112071 0 0 0 0 0.00428171 
0 -0.00228307 0 0 0 0 0 0 0 0 0 0 0 -0.00163349 0 0 0.001948 0 0 0 0 0 0 0 0.0954182 0 0 0 
0 0 0 0 0 0 0 0 0 0 0 0 0 0 0 0 0.00199969 0 0 0 0 0 0 0 0 0 0 0.00403484 
0 0 0 0 0 0 -0.00193199 0 0 0 -0.00210181 0 0 0 0 0 0 0 0 0 0 0 0 0 0 0 0 0 
0 0 0 0 0 0 0 0 0 0 0 0 0 0 0 0 0 0 0 0.0718388 0 0 0 0 0 0 0 0 
0 0 0 0 0 0 0 0 0 0 -0.00201933 0 -0.00202442 -0.00177493 0 -0.00098924 0 0 0 0 0 0.143843 0 0 0 0 0 0 
0 0 0 0 -0.00274961 0 0 0 0 -0.00205044 0 0 0 0 0 0 0 0 0 0 0 0 0 0 0 0 0 0 
0 0 0 0 0 0 0 0 0 0 0 0 0 0 -0.00195827 0 0 0 0 0 0 0 0.131163 0 0 0 0 0 
0 0 0 0 0 0 0 0 0 0 0 0 0 -0.00171172 0 0 0 0.00631339 0 0 0 0 0 0 0.10146 0.0684618 0 0 
0 0 0 0 0 -0.00247086 -0.00175968 0 0 0 0 0 -0.00193915 -0.0016983 0 0 0.00186372 0.00634373 0 0 0 0 0.121872 0 0 0 0 0 
0 0 -0.00248711 0 0 0 0 0 0 0 0 0 0 0 0 0 0 0 0 0.0619687 0.0992787 0 0 0 0 0 0 0 
0 0 -0.00206902 0 0 0 -0.00165608 0 0 0 0 0 0 -0.00157725 0 0 0 0 0 0 0 0 0 0 0 0 0 0.00563542 
0 0 0 0 0 0 -0.00150848 0 0 0 -0.00155724 -0.0018339 0 0 -0.00149156 0 0 0 0 0 0 0 0 0 0.0744941 0 0 0 
0 0.0007826 -0.000667248 0 -0.00154486 -0.00178005 0 0 0 0 0 0 0 -0.00151969 0 0 0 0 0 0.0427085 0.0666806 0 0 0 0 0.0452933 0 0 
0 0 0 0 0 0 0 0 0 0 0 0 0 0 0 -0.000541135 0 0 0 0 0 0 0 0 0 0 0 0.00946899 
0 0 0 0 0 0 -0.00109369 0 0 0 0 0 0 0 0 0 0 0 0 0.0244071 0 0 0 0 0 0 0 0 
0.00961172 0 0 0 0 0 0 -0.0010081 0 -0.0010963 -0.00123902 0 0 0 -0.00117903 0 0 0 0 0 0 0 0.0321612 0 0 0 0 0 
0 0 0 0 0 0 0 0 0 0 0 0 0 0 0 0 0 0 0 0 0 0 0 0 0 0 0 0 
0 0.0107936 0 0 0 0 0 0 0 0 0 -0.00125211 0 0 0 0 0.00051065 0 0 0 0 0 0 0 0 0 0 0 
0 0 0 0 0 0 0 0 0 0 0 0 0 0 0 0 0 0 0 0 0 0 0 0 0 0 0 0.0236611 
0 0 0 0 0 0 0 -0.000875301 0 0 0 0 0 -0.00181916 -0.0018251 0 0 0 0 0.00539229 0 0 0 0 0 0 0 0 
0 0 0 0 0 0.000249757 0 0 0 0 -0.00151708 0 0 -0.00194239 0 0 -0.00133758 0 0 0 0 0 0 0 0 0 0 0 
0 0 0 0 0 0.000265154 0 0 0 0 0 -0.001754 -0.0018856 -0.00212251 0 0 0 0 0 0 0 0.00949653 0 0 0 0.0526559 0 0 
0 0 0 0 0 0 0 0 0 0 0 0 -0.00202304 0 0 0 0 0 0 0.000461381 0.00356105 0 0.0200476 0 0 0 0.0655307 0.0582387 
0 0 0 0 0 0 -0.000930968 0 0 0 0 0 0 0 0 0 0 -0.00266939 0 0 0 0.00675386 0 0 0.0549739 0 0 0 
0 0 0.0239038 0 0 0 0 0 0 -0.00184783 -0.00229486 0 -0.00250459 0 0 0 0 0 0 0 0 0 0 0 0 0 0 0 
0 0 0 0 0 0 0 0 0 0 0 -0.00236396 0 0 0 0 -0.00357376 0 0 0 0 0 0 0 0 0 0 0 
0.0752441 0 0 0 0 0 0 0 0 0 0 0 0 0 0 0 0 0 0 -0.00239241 0 0 0 0 0 0.0851836 0 0 
0 0 0 0 0 0 0 0 -0.00219658 0 0 0 0 0 0 0 0 0 0 0 0 0 0 0 0 0 0 0 
0 0 0 0 0 0 -0.00132196 0 -0.00223008 0 0 -0.00284536 0 0 0 0 0 0 0 0 0 0 0 0 0.0700899 0 0 0 
0 0 0 0 0 0 -0.00139038 0 0 -0.00224171 0 0 0 0 0 0 0 0 0 0 0 0 0 0 0.0708969 0 0 0 
0 0 0 0 0.00309095 0 0 0 0 0 0 0 0 0 0 0 0 0 0 -0.00297595 0 0 0 0 0 0 0 0 
0 0 0 0 0 0 0 0 0 -0.00225565 0 0 0 0 0 0 0 0 0 0 0 0.00457331 0 0.0514438 0.070877 0 0 0 
0 0 0 0 0 0 0 -0.00221985 0 0 0 0 0 0 0 -0.00370513 0 0 0 0 0 0 0.0227304 0 0 0 0.0979739 0.086528 
0 0 0 0 0 -2.97718e-05 -0.00128188 0 0 0 0 0 0 0 -0.00353561 0 0 -0.00404502 -0.00370452 0 0 0.00459874 0.0222032 0 0 0 0 0.0844772 
0 0 0 0 0.0031118 0 0 0 0 0 0 0 0 0 0 -0.00334176 0 0 -0.00356212 0 0 0.00457939 0 0 0 0 0.0923503 0.0817571 
0 0 0 0 0 6.3598e-05 0 0 0 -0.00189304 0 0 -0.00257038 0 0 0 0 0 0 0 0 0 0 0 0 0.08095 0 0.0779389 
0 0 0 0 0 0 0 0 0 0 0 0 0 0 0 0 0 0 0 0 0 0 0 0 0 0.0752875 0 0 
0 0 0 0 0 0 -0.000619169 0 0 0 0 0 0 -0.00244397 0 0 0 0 0 0 0 0 0 0 0 0 0 0 
0 0 0 0 0 0.000675424 0 0 -0.00115164 0 0 0 0 0 0 0 0 0 -0.00228699 0 0 0 0 0.0345876 0 0 0 0 
0 0 0 0 0 0 0 0 -0.000830663 0 0 0 0 -0.00159727 0 0 0 0 -0.00184222 -0.00115611 0 0 0.014864 0 0 0 0 0 
0 0 0 0 0 0 0.000146369 0 0 0 0 0 0 0 0 0 -0.00133778 0 -0.00140036 0 0 0 0 0 0 0 0 0 
0 0 0 0 0 0 0 0 0 0 0 0 0 0 0 0 -0.000727583 0 0 0 0 0 0.0105023 0 0 0 0.0310535 0 
0 0 0 0 0 0 0 0 0 0 0 0 0 0.000147999 7.62441e-05 0 0 0 0 0 0 0 0 0.0145069 0 0 0 0.0240991 
0 0 0 0 0 0 0 0.000950668 0 0.000779113 0.000741607 0 0 0 0 0 0 0 0 0 0 0 0 0 0 0 0.0214511 0 
0 0.0118299 0 0.00566013 0 0.00247654 0 0 0 0 0 0 0 0 0 0 0 0 0 0 0 0 0 0 0 0 0 0 
0 0 0 0 0 0 0 0 0 0 0 0 0 0 0 0 0 0 0 0 0 0 0.00650258 0 0 0 0.0144397 0 
0 0 0 0 0 0 0 0 0.00192256 0 0 0 0.00199671 0.00206465 0 0 0 0.00222478 0 0.00249248 0 0 0 0 0 0 0 0 
0.0081385 0.00679457 0 0 0 0 0.00242716 0 0 0 0 0.00224198 0.00234036 0.00244103 0.00253311 0 0 0 0 0 0 0 0 0 0 0 0 0 
0.00688299 0 0 0 0.00341689 0.00298552 0 0.00254113 0 0.0023392 0 0 0 0 0 0.00277638 0 0 0 0 0 0 0 0 0 0 0 0 
0 0 0.00444795 0 0 0 0.00284324 0 0 0 0.00263071 0 0 0 0.00304371 0 0 0 0 0 0 0 0 0.00476632 0 0 0 0.0060672 
0 0 0.00420255 0 0 0 0 0.00283474 0 0.00265571 0 0 0 0.00289257 0.00299159 0.00305549 0 0 0 0 0.00337391 0.00362488 0 0 0 0 0 0 
0 0 0 0 0 0 0.00298514 0 0.00284336 0.00282366 0 0 0 0 0 0 0 0 0 0 0 0 0 0 0.00438215 0.00459962 0 0 
0 0.00389781 0 0 0 0 0.00298909 0 0 0 0 0 0 0 0 0 0 0 0 0.00342848 0 0 0 0.00378824 0 0.00411259 0 0 
0 0 0 0 0 0 0 0 0 0.00286234 0 0 0 0 0 0.00344621 0 0 0 0 0 0 0.00365218 0 0 0.00390881 0 0.00392005 
0 0.00360363 0 0 0 0 0 0 0 0 0 0 0 0 0 0 0 0 0 0 0 0 0 0 0 0 0 0 
0 0 0 0 0 0 0 0 0 0 0 0 0.00325037 0 0 0 0 0 0 0 0 0 0 0 0 0 0 0 
0 0 0.00359394 0 0.00334822 0 0 0 0 0 0 0 0 0.00312791 0 0 0 0.00350139 0 0.00353651 0 0.00355125 0 0 0 0 0 0 
0 0 0 0 0 0 0 0 0 0.00287667 0 0 0 0 0 0.00346538 0 0 0 0 0 0.00352922 0 0 0 0 0 0.00356528 
0.00360355 0 0.00352353 0 0 0 0.00308023 0 0 0 0 0 0.00302049 0 0 0.00348297 0 0 0 0 0 0 0 0 0 0 0 0 
0.00366794 0 0 0 0 0 0 0.00313674 0 0 0 0 0 0 0.00330449 0 0 0 0 0 0 0.00352172 0 0 0 0 0 0 
0 0.0034072 0 0.00332979 0.00324323 0 0.00306462 0 0 0 0 0.00304504 0 0.00328745 0 0 0 0 0.00368369 0 0 0 0 0 0 0 0 0.00342774 
0 0.00350806 0 0 0 0 0 0 0 0 0.00297311 0 0 0 0 0 0 0 0 0 0 0.0035292 0 0 0 0 0 0 
0 0 0 0 0 0 0 0 0 0.00296003 0 0.00300469 0 0 0 0 0 0 0 0 0 0 0 0 0 0 0 0 
0 0 0 0 0 0 0 0 0.00297947 0 0 0 0 0 0 0.00342408 0 0 0 0 0 0 0 0.00350803 0 0 0 0 
0 0 0 0 0 0 0 0.00299984 0 0 0 0 0 0 0 0 0 0 0.00361724 0.00362948 0 0 0.00359238 0 0 0 0 0 
0 0 0 0 0 0 0 0 0 0.00294954 0 0 0.00321165 0.00332098 0 0 0 0 0 0.00347859 0 0 0.00350101 0 0 0 0 0 
0 0 0 0 0 0 0 0.00307828 0 0 0 0 0 0 0 0.00337139 0 0 0 0 0.00350275 0 0 0 0 0 0.00354474 0 
0.00378068 0 0 0 0 0 0 0 0 0 0 0 0 0 0 0 0 0 0 0.00349337 0 0 0 0 0 0 0 0 
0 0 0 0 0.00381031 0 0.00326653 0 0 0 0 0.00283599 0.00297042 0 0 0 0 0.00349538 0 0 0.00346433 0.00344636 0 0 0 0 0 0 
0 0.00457486 0 0 0 0 0.00354924 0 0 0 0 0 0 0 0 0 0 0 0 0 0 0 0 0.00329131 0 0 0.00384848 0 
0 0 0 0 0 0 0 0 0 0 0 0 0 0 0 0.00301016 0.00309662 0 0 0 0 0 0 0 0.0034987 0 0 0 
0 0 0 0 0 0 0 0 0 0 0 0.00255386 0 0 0 0 0.00315265 0 0 0 0 0 0 0.00321076 0 0 0 0.00512495 
0 0.00740345 0 0 0 0.0055919 0 0 0 0 0 0 0 0.00262319 0 0.00279897 0.00289294 0 0 0 0 0 0 0 0 0 0 0 
0 0 0 0 0 0 0 0 0 0 0 0 0 0 0 0 0 0 0 0 0 0 0 0 0 0 0 0 
0 0 0 0 0 0.00815474 0 0 0 0.00226806 0 0 0 0 0 0 0 0 0 0 0.00227081 0 0 0 0 0 0.00624033 0 
0 0 0 0 0.0121046 0 0 0 0 0 0 0 0 0 0 0 0 0 0 0 0 0 0.00201499 0.00242416 0 0 0 0 
0 0.0170629 0 0 0 0.011676 0 0 0 0.00204582 0 0 0 0 0.00112817 0 0 0 0.00126017 0 0 0 0 0 0.0032719 0 0 0 
0 0 0 0 0.0178727 0 0 0 0 0 0 0 0 0 0 0 0 0 0 0 0 0 0 0 0 0 0.00937622 0 
0 0 0 0 0.0210004 0 0.0109785 0 0 0 0.000662334 0 0 0 0 0 0 0 0 0 0 0 0 0 0 0 0 0 
0 0 0 0 0 0 0.012172 0 0 0 0 0 0 0 0 0 0 0 0 -0.000679064 0 0 0 0 0.00323777 0 0 0 
0 0 0 0 0.0283784 0 0 0 0 0 0 0 0 0 0 0 0 0 0 0 0 0 0 0 0 0 0 0 
0 0 0 0 0 0.0249152 0 0 0.00368122 0 0 0 0 0 0 -0.00197194 0 0 0 0 0 0 0 0 0 0 0 0 
0 0.0441071 0 0 0 0.0282862 0 0 0 0 0 -0.0016177 0 0 -0.00253526 0 0 0 0 0 0 0 0 0 0 0 0 0.027468 
0 0.0488668 0.0534452 0 0 0 0.0183404 0 0 0 0 0 0 -0.00256242 0 0 0 0 0 0 -0.00287822 0 0 0 0 0.00800081 0 0 
0 0 0 0.0552521 0 0 0.0195618 0 0 0 0 0 -0.00271547 0 0 0 0 0 0 0 0 -0.00292832 0 0 0.00272653 0.00823688 0.0189496 0 
0 0 0 0 0 0 0 0 0 0 0 0 -0.00292139 0 0 0 0 0 0 -0.00369794 0 0 0 0 0 0 0 0 
0.0487493 0 0 0 0 0 0 0 0.00371458 5.09175e-05 0 0 0 -0.00339895 0 0 0 0 0 0 0 0 0 0 0 0 0 0 
0 0 0 0 0 0 0 0 0 0 0 0 0 0 0 -0.00413015 -0.00404258 0 0 0 0 -0.00361581 0 0 0 0 0 0 
0.0514038 0.0619476 0 0 0 0 0 0 0 0 0 0 0 0 0 0 0 0 0 0 0 0 0 -0.00126759 0 0 0 0 
0 0 0 0 0 0 0 0 0 0 0 -0.00300734 -0.00334892 0 0 0 0 0 0 0 0 0 0 0 0 0 0 0.0382556 
