0 0 0 0 0 0 0 0 0.00407422 0 0 0 0 0 0 0 0 0 0 0 0 0 0 0 0 0 0 0 
0.0407117 0 0 0 0 0 0 0 0 0 0 0 0 0 0 0 0 0 0 0 0 0 0 0 0 0 0 0 
0 0 0.0507497 0 0 0 0 0 0 0 0 0 0 0 0 0 0 0 0 0 0 0 0 0 0 0 0 0 
0 0 0 0 0 0 0 0 0 0 0 0 0 0 0 0 0 0 0 0 0 0 0 0 0 0 0 0 
0 0 0 0.0465802 0 0 0 0 0 0 0 0 0 0 0 0 -0.00418474 0 0 0 0 0 0 0 0 0 0 0 
0 0 0.0475134 0 0 0 0 0 0 0 0 0 0 0 0 0 0 0 0 0 0 0 0 0 0.00267113 0 0 0 
0.0361723 0 0.045501 0 0 0 0 0.0097304 0 0 0 0 0 0 0 0 0 0 0 0 0 -0.00314371 0 0 0.00265193 0 0 0 
0 0 0 0 0 0 0 0 0 0.000382569 0 -0.00218565 0 0 0 0 0 0 0 0 0 0 0 0 0 0 0 0 
0 0 0 0 0 0 0 0.00882174 0 0 0 0 0 0 0 0 0 0 0 0 0 0 0 0 0 0 0 0 
0 0.0350173 0 0 0 0 0 0 0 0 0 -0.00114695 0 0 0 0 0 0 0 0 0 0 0 0 0 0 0 0 
0.0268641 0 0 0.0319368 0 0 0 0 0 0 0 0 0 0 0 0 0 0 -0.0016034 0 0 0 0 0 0 0 0 0 
0 0 0 0.0282149 0 0 0 0 0 0 0 0 0 0 -0.000671853 0 0 0 0 0 0 0 0 0 0 0 0 0 
0 0 0 0 0 0 0 0 0 0 0 0 0 0 -0.000128687 0 0 0 0 0 0 0 0 0 0 0 0 0 
0 0 0 0 0 0 0 0 0 0 0 0.000838132 0 0 0 0 0 0 0 0 0 0.000734399 0 0 0 0 0 0 
0 0 0 0 0 0 0.00832806 0 0 0 0 0 0 0 0 0.00106823 0 0 0 0 0 0 0 0 0.00336744 0 0 0 
0 0 0 0 0 0 0 0 0 0 0 0 0 0 0 0.00159928 0 0 0 0 0 0 0 0 0 0 0 0 
0 0 0 0 0 0.00834821 0.00629365 0 0 0 0 0 0 0 0 0 0 0 0 0 0 0 0 0 0 0 0 0 
0 0 0 0 0 0.00704729 0 0 0 0 0 0 0.00221144 0 0 0 0 0 0.00255163 0 0 0 0 0 0 0 0 0 
0 0 0 0 0 0 0 0 0 0.00280703 0 0 0.00246289 0 0 0 0 0 0 0 0 0 0 0 0 0 0 0 
0 0 0 0 0 0 0 0 0.00342662 0 0 0 0 0 0.00269283 0 0 0 0 0 0 0 0 0 0 0 0 0 
0 0 0 0 0 0 0 0 0 0 0 0 0 0 0 0 0 0 0 0 0 0.00308564 0 0 0 0 0 0 
0 0 0 0 0.00580355 0 0 0 0 0.00336377 0 0 0 0 0 0 0 0.00320704 0 0 0 0 0 0 0 0 0 0 
0 0 0 0 0 0 0 0.00590787 0 0 0 0 0 0 0 0 0 0 0 0 0 0.00319417 0 0 0 0 0.00360455 0.00390358 
0 0 0 0 0 0.008231 0 0 0 0 0 0 0 0 0 0 0 0 0 0.00298998 0 0 0 0 0.00299999 0 0 0 
0 0 0 0 0 0 0 0 0 0 0 0 0 0 0 0 0 0 0 0 0 0 0 0 0 0 0 0 
0 0 0 0 0 0 0 0 0 0 0.0023824 0 0 0 0 0 0 0 0 0.00237829 0 0 0 0 0 0 0 0 
0 0 0 0 0 0 0 0 0 0 0 0 0 0 0 0.000679589 0 0 0 0 0 0 0 0 0 0 0 0 
0 0 0 0 0 0 0 0 0 0 0 0 0 0 0 0 0 0 0 0 0 0 0 0 0 0 0 0 
0 0 0 0 0 0 0 0 0 0 0 0 0 0 0 -0.00118563 0 0 0 0 0 0.00116914 0 0 0 0 0 0 
0 0 0 0.0205788 0 0 0 0 0 0 0 0 0 0 0 0 0 0 0 0 0.000690775 0 0 0 0.000932321 0 0 0 
0 0 0 0 0 0 0 0 0 0 0.00143894 0 0 0 0 0 0 0 0 0 0 0 0 0 0 0 0 0 
0 0 0 0 0 0 0 0 0 0 0 0 0 0 0 -0.00410256 0 0 0 0 0 0 -0.000155621 0 0 0 0 0 
0 0 0 0 0 0 0 0 0 0 0.00120976 0 0 0 0 0 0 0 0 0 0 0 0 0 0 -0.000239718 0.000435797 0 
0 0 0 0 0 0 0.0453956 0 0 0 0.00120976 0 0 0 0 0 0 0 0 0 0 0 0 0 0 0 0 0 
0 0 0 0 0 0 0.0487387 0 0.0288953 0 0 0 0 0 0 0 0 0 0 0 0 -0.00168643 0 0 0 0 0 0.00178796 
0 0 0 0 0 0.0519965 0 0 0 0 0 0 0 0 0 0 0 0 0 0 -0.0021181 -0.00199236 0 0 0 0 0 0 
0 0 0 0 0 0 0 0 0 0 0.0022175 0 0 0 0 0 0 -0.00365083 0 0 0 0 0 -0.00223672 -0.00213763 0 0 0 
0 0 0 0 0 0 0 0 0 0 0 0 0 0 0 0 0 0 0 0 0 0 0 0 -0.00236242 0 0 0 
0 0 0 0 0 0.0554027 0 0 0 0 0 0 0 0 0 0 0 0 0 0 0 0 0 0 0 0 0 0 
0 0 0 0 0 0 0 0 0 0 0 0 0 0 0 0 0 0 0 0 0 0 0 0 0 0 0 0 
0 0 0 0.0360324 0 0 0 0 0 0 0 0 0 0 0 0 0 0 0 0 0 0 0 0 0 0 0 0 
0 0 0 0 0 0 0 0 0 0 0 0 0 0 0 0 0 0 0 -0.00386048 0 0 0 0 0 0 0 0 
0 0 0 0 0 0 0 0.0484426 0.0389632 0 0 0 0 0 0 0 0 0 0 0 0 0 0 0 0 -0.00329874 0 0 
0 0 0 0.0304952 0.040938 0 0 0 0 0 0.0174301 0 0 0 0 0 0 -0.00424418 0 0 0 0 0 0 0 0 0 0 
0.0020781 0 0 0 0.0379875 0 0 0 0 0 0 0 0.00501229 0 0 0 0 0 0 -0.0043717 0 0 0 0 0 0 0 0 
0 0 0 0 0 0 0 0 0 0 0 0 0 0 0 0 0 0 0 0 0 0 0 0 -0.00433259 0 0 -0.00183514 
0 0.00578813 0 0 0 0 0 0 0 0 0 0 0 0 0 0 0 0 0 -0.0045453 0 0 0 0 0 0 0 0 
0 0 0 0 0 0 0 0.0428229 0 0 0 0 0 0 0 0 0 0 0 0 0 0 0 0 0 0 0 0 
0 0 0.00868964 0 0 0 0 0 0 0.039161 0 0 0.0202803 0 0.00681176 0 0 0 0 0 -0.00455662 0 0 0 0 0 0 0 
0 0 0 0 0 0 0 0 0 0.0404539 0 0 0 0 0 0 0 0 0 0 0 0 0 0 0 0 0 0 
0 0 0 0.00930068 0 0 0 0 0 0 0 0 0 0 0 0 0 0 0 0 0 0 0 0 0 0 0 0 
0 0 0 0 0.011271 0 0 0 0 0 0 0 0 0 0 0 0 -0.00211099 0 0 0 0 0 0 0 0 -0.00390022 0 
0 0 0 0 0 0 0 0 0 0 0 0.0405134 0 0.0243231 0 0 0 0 0 0 0 0 0 0 0 0 -0.00375685 0 
0 0 0 0 0 0 0 0 0 0 0 0 0 0 0 0.00812809 0 0 0 0 0 0 0 0 0 0 0 0 
0 0 0 -0.00342498 0 0 0 0 0 0 0 0.0455284 0 0 0 0 0.00298624 0 0 0 0 0 0 0 0 0 0 0 
0 -0.00540225 0 0 0 0 0 0.0224231 0 0 0 0 0 0 0 0 0 0 0 0 0 0 0 0 0 0 0 0 
0 0 0 0 0 0 0 0 0 0 0 0.0490138 0 0.0324056 0 0 0 0 0 0 0 0 0 0 0 0 0 0 
0 0 0 0 0 0 0 0 0 0 0 0 0 0 0 0 0 0 0 0 0 -0.00255952 0 0 0 0 0 0 
0 0 0 0 0 0 0.00263684 0 0 0 0 0 0 0 0 0 0 0 0 0 0 0 0 0 0 0 0 0 
0 0 0 0 0 0 0 0 0 0 0 0 0 0.0348458 0 0 0 0 0 0 0 -0.00229846 -0.00240197 0 -0.00246337 0 0 0 
0 0 0 -0.0135321 0 -0.00956026 0 0 0 0 0 0 0 0 0 0 0 0 0 0 0 0 0 0 0 0 0 0 
0 0 0 0 0 0 0 0 0 0 0 0 0 0 0 0.0127094 0 0.00146983 0 0 0 0 0 0 0 0 0 0 
0 0 0 0 0 0 0 0 0 0 0 0 0 0 0 0 0 0 0 0 0 0 0 0 0 0 0 0 
0 0 0 0 0 0 -0.0013127 0 0 0 0 0 0 0 0 0 0 0 0 0 0 0 0 0 0 0 0 0 
0 -0.00643929 0 -0.0121896 -0.0127881 0 0 0 0 0 0 0 0 0 0 0 0 0 0 0 0 0 0 0 0 0 0 0 
0 0 0 0 -0.0118117 0 0 0 0 0 0 0.0416245 0 0 0 0 0 0 0.000328961 0 0 0 0 0 0 0 0 0 
0 0 0 0 0 0 0 0 0 0 0 0 0 0 0 0 0 0 0 0 0 0 0 0 0 0 0 -0.00145634 
0 0 0 0 0 0 0 0 0.0189732 0 0.0333827 0.0343052 0 0 0 0 0 0 0 0 0 0 0 0 0 0 0 0 
0 0 0 0 0 0 0 0 0 0 0 0.030263 0 0 0 0 0 0 0 0 0 0 0 0 0 0 0 0 
0 0 0 -0.00535539 0 0 0 0 0 0 0 0 0 0 0 0 0 0 0 0 0 0 0.00104345 0 0 0 0 0.000313692 
0 0 0 0 0 0 0 0 0 0 0.0213296 0 0 0 0.0114383 0 0 0 0 0 0 0 0 0 0 0 0 0 
0 0 0 0 0 0 0 0 0 0 0 0 0 0 0 0 0 0 0 0.00205693 0 0 0 0 0 0 0 0 
0 0 0 0 0 0 0 0 0 0 0 0 0 0 0 0 0 0 0 0 0 0 0 0 0 0 0 0 
0 0 0 0 0 0 0 0 0 0 0 0 0 0 0 0 0 0 0 0 0.00271733 0 0 0 0 0 0 0 
0 0 0 0 0 0 0 0 0 0 0 0 0 0 0 0 0 0 0 0 0 0 0 0 0 0 0 0 
0 0 0 0 0 0 0 0 0 0 0.00714144 0 0.00698079 0 0 0 0 0 0 0 0 0 0 0 0 0 0 0 
0 0 0 0 0 0 0 0 0 0 0 0 0 0 0 0 0 0 0 0 0 0 0 0 0 0 0 0 
0 0 0 0 0 0 0 0 0 0 0 0 0 0 0 0 0 0 0 0 0 0 0 0 0 0 0 0 
0 0 0.0030614 0 0 0 0.00288466 0 0 0 0.00405419 0 0 0 0 0 0.0035847 0 0 0 0 0 0 0 0 0 0 0 
0 0 0 0 0 0 0 0 0 0 0 0 0 0 0 0 0 0 0 0 0 0.00346609 0 0 0 0 0 0 
0 0.00358199 0 0.0034542 0 0 0 0.00319462 0 0.00322802 0 0 0 0 0 0 0 0 0 0 0 0 0 0 0 0 0 0 
0 0 0 0 0 0 0 0.00308011 0 0.00316696 0 0 0.0034421 0 0 0 0 0 0 0 0.00349083 0.00347827 0 0 0 0 0 0 
0 0 0 0 0 0 0 0 0 0 0 0 0.0033267 0 0 0 0.00360298 0 0 0 0.00360292 0 0 0 0 0 0 0 
0 0 0 0 0 0 0 0 0 0.00290284 0 0 0 0 0 0 0 0 0 0 0 0 0 0 0 0 0 0 
0 0 0 0 0 0 0 0 0 0 0 0 0 0 0 0 0 0 0 0.00366148 0 0 0 0.00354395 0.00350863 0 0 0 
0 0 0 0 0 0 0 0 0 0 0 0 0 0 0 0 0 0.003682 0 0 0 0 0 0 0 0 0 0.00353308 
0 0 0 0 0 0.00321284 0 0 0 0 0 0 0 0 0 0 0 0 0 0 0 0 0 0 0 0 0 0.00342555 
0 0 0 0 0 0 0 0 0 0 0 0 0 0 0 0 0 0 0 0 0 0 0 0 0 0 0 0 
0 0 0.00343295 0 0 0 0 0 0 0 0 0 0 0 0 0 0 0 0 0 0 0 0 0 0 0 0 0 
0 0 0 0.00333581 0 0 0 0 0 0 0 0 0 0 0 0.00348399 0 0 0 0 0.00358098 0 0 0 0.00350215 0 0 0 
0 0 0 0 0 0 0 0 0 0 0 0 0.00313141 0 0 0 0.00361187 0 0 0 0 0 0 0 0 0 0 0 
0 0 0 0 0 0 0 0 0 0 0 0 0 0 0 0.00349051 0 0 0 0 0 0 0 0 0 0 0 0 
0 0 0 0 0 0 0 0 0 0 0 0 0 0 0 0 0 0 0 0 0 0 0 0 0 0 0.00348304 0 
0 0 0 0 0 0 0.00301013 0 0 0 0 0 0 0 0 0 0 0 0 0.00364489 0 0 0 0.00356742 0 0 0 0 
0 0 0 0 0 0.00329551 0 0 0 0 0 0 0 0 0 0 0 0 0 0 0.00350584 0 0 0 0 0 0.00365824 0 
0 0 0 0 0 0 0.0031247 0 0 0 0 0 0 0 0 0 0 0 0 0 0 0 0 0.00334312 0 0.00332485 0 0 
0 0 0 0 0 0 0 0 0 0 0.00291408 0 0 0 0 0 0 0 0 0 0 0 0 0 0 0 0 0 
0 0 0 0.00341157 0 0 0 0 0 0 0.00310013 0 0 0 0 0 0 0 0 0 0 0 0 0 0 0 0 0 
0 0 0 0 0 0 0 0 0 0 0 0 0 0 0 0 0 0 0 0 0 0 0 0 0 0 0 0 
0 0 0.0033799 0 0 0 0 0 0 0 0 0 0 0 0 0 0 0 0 0 0 0 0 0 0 0 0 0.00345929 
0 0 0 0 0 0 0 0 0 0 0 0 0 0.00484841 0 0 0 0 0 0 0.00342353 0 0 0 0.00312677 0 0 0 
0 0 0 0 0 0 0 0 0 0 0 0 0 0 0 0 0 0 0 0 0 0 0 0 0.00300499 0 0 0 
0 0 0 0 0 0 0 0 0 0.00357008 0 0 0 0 0 0 0 0 0 0 0 0 0 0 0 0 0 0 
0 0 0 0 0 0 0 0 0 0 0 0 0 0 0 0 0 0 0 0 0 0 0 0 0 0 0 0.00255472 
0 0 0 0 0 0 0 0 0 0 0 0 0 0 0 0 0 0 0.00619425 0 0.00337995 0 0 0 0 0 0 0 
0 0 0 0 0.00175052 0 0 0 0 0 0 0 0 0 0 0.0139803 0 0 0 0 0 0 0 0 0 0 0 0 
0.00125001 0 0 0 0 0 0 0 0 0 0 0 0 0 0 0 0 0 0 0 0 0 0 0 0 0 0 0 
0 0 0 0 0 0.000763038 0 0 0 0 0 0 0 0 0.0215811 0 0 0 0 0 0.00332097 0 0 0 0 0 0 0 
0 0 0 0 0 0 0 0 0 0 0.0108643 0 0 0 0 0 0 0.0156986 0 0.00618186 0 0 0 0 0 0 0 0 
0 0 0 0 0 0 0 0 0 0 0 0 0 0 0 0 0 0 0 0 0 0 0 -0.0005622 0 0 0 0 
0 0 0 0 0 0 0 0 0 0 0 0 0 0 0 0 0 0 0 0 0 0 0 0 0 0 0 0 
0 0 0 0 0 0 0 0 0 0 0 0 0 0 0 0 0 0.0220616 0 0 0.0029442 0 0 0 0 0 0 0 
-0.00244303 0 0 0 -0.00199212 0 0 0 0 0 0 0 0.03251 0 0 0 0 0 0.0152044 0 0 0 0 0 0 0 0 0 
0 0 0 0 0 0 0 0 0 0 0 0 0.0348352 0 0 0 0 0 0 0 0 0 0 0 0 0 0 0 
0 0 0 0 0 0 -0.00151006 0 0 0 0 0 0 0 0 0 0 0 0 0 0 0 -0.00223623 0 0 0 0 0 
0 0 0 0 0 0 0 0 0 0 0 0 0 0 0 0 0 0 0 0 0 0 0 0 0 0 0 0 
0 0 0 0 0 0 0 0 0 0 0 0 0 0 0 0 0 0 0 0 0 0 0 0 0 0 0 0 
0 0 0 0 0 0 0 0 0 0 0 0 0 0 0 0.0470852 0 0 0 0 0 0 0 0 0 0 0 0 
0 0 0 0 0 0 0 0 0 0 0 0.0306395 0 0 0 0 0 0 0 0 0 0 0 0 0 0 0 0 
0 0 0 0 0 0 0 0 0 0 0 0 0 0 0 0 0 0 0 0 0 0 0 0 0 0 0 0 
0 0 0 0 0 0 0 0 0 0 0 0 0 0 0 0 0 0 0.0186737 0.00920419 0 0 0 0 0 0 -0.00446433 0 
0 0 0 0 0 0 0 0 0 0 0 0 0 0 0 0 0 0 0 0.00916751 0 0 0 0 0 0 0 0 
0 0 0 0 0 0 0 0 0 0 0 0 0 0 0 0 0 0 0 0 0 0 0 0 0 0 0 0 
0 0 0 0 0 0 0 0 0 0 0 0 0 0 0 0 0 0 0 0 0 0 0 0 0 0 0 0 
0 -0.00395602 0 0 0 0 0 0 0 0 0 0 0 0 0 0 0 0 0 0 0 0 0 0 0 0 0 0 
0 0 0 0 0 0 0 0 0 0 0 0 0 0 0 0 0 0 0 0 0 0 0 0 0 0 0 0 
0 0 0 0 0 0 0 0 0 0 0 0 0 0 0 0 0 0 0 0 0 0 0 0 0 0 0 0 
0 0 0 0 0 0 0 0.000620619 0 0 0 0 0 0 0 0 0 0 0.016136 0 0 0 0 0 0 0 0 -0.00303315 
0 -0.00261822 0 0 0 0 0 0 0 0 0 0 0 0 0 0 0 0 0 0 0 0 0 0 0 0 0 0 
0 0 0 0 0 0 0 0 0 0 0 0 0 0 0 0 0 0 0 0 0 0 0 0 0 0 0 0 
0 0 0 0 0 0 0 0 0 0 0 0 0 0 0 0 0 0 0 0 0 0 0 0 0 0 0 0 
0 0 0 0 0 0 0 0 0 0 0.0123203 0 0 0 0 0 0 0 0 0 0 0.00103286 0 0 0 0 0 0 
0 0 0 0 0 0 0 0 0 0 0 0 0 0 0 0 0 0 0 0 0 0 0 0.000147852 0 0 0 0 
0.000608854 0 0.000566827 0 0 0 0 0 0 0 0 0 0 0 0 0 0 0 0 0 0 0 0 0 0 0 0 0 
0 0 0 0 0 0.00127681 0 0 0 0 0 0 0 0 0 0 0 0 0 0 0 0 0 0 0 0.00112591 0 0.00115579 
0 0 0 0 0 0 0.00185883 0 0 0 0 0 0 0 0 0 0 0 0 0 0 0 0 0 0 0 0 0 
0 0 0 0 0 0 0 0 0 0 0 0 0 0 0 0 0 0 0 0 0 0 0 0 0 0 0 0 
0 0 0 0.00248489 0 0 0 0 0 0 0 0.00666487 0 0 0 0 0 0.00686109 0 0 0 0 0 0 0 0 0 0.00259079 
0 0 0 0 0 0 0 0 0 0 0 0 0 0 0 0 0 0.00576067 0 0 0 0 0.0028526 0 0 0 0 0 
0 0 0 0 0 0 0 0 0 0 0 0 0 0 0 0 0 0 0 0 0 0 0 0 0 0 0 0 
0 0 0 0 0 0 0 0 0 0 0 0.00402861 0 0.00484022 0 0 0.00470249 0 0 0 0 0 0 0 0 0 0 0.00336199 
0 0 0 0 0 0 0 0 0 0 0 0 0 0 0 0 0 0 0 0 0 0 0 0 0 0 0 0 
0 0 0 0 0.00318694 0.00310232 0 0 0.00296765 0 0 0 0 0 0 0 0 0 0 0 0 0 0 0 0 0 0 0 
0 0 0 0 0 0.0032404 0 0 0 0 0 0 0 0 0 0 0 0 0 0 0 0 0 0 0 0 0 0 
0 0 0 0 0 0 0 0 0 0 0 0 0 0 0.00358277 0 0 0 0 0 0 0 0 0 0 0 0 0 
0 0 0 0 0 0 0 0 0 0 0 0 0 0 0 0 0 0 0 0 0 0 0 0 0 0 0 0 
0 0 0 0 0 0 0 0 0 0 0 0 0 0 0 0 0 0 0 0 0 0 0 0 0 0 0 0 
0 0 0 0 0 0.00306898 0 0.00290315 0 0 0 0 0 0 0 0 0 0 0.0037053 0 0 0 0 0 0 0 0 0 
0 0 0 0 0 0 0 0 0 0 0.0030183 0 0.0032379 0 0 0 0 0 0 0 0 0 0 0 0 0 0 0 
0 0 0 0 0 0 0 0 0 0 0 0 0 0 0 0 0 0 0 0 0 0 0 0 0 0 0 0 
0 0 0 0 0 0 0 0 0 0 0 0 0 0 0 0 0 0 0 0 0 0 0 0 0 0 0 0.00350944 
0 0 0.00347026 0 0.00330679 0 0 0 0 0 0 0 0 0 0 0 0 0 0 0 0 0.00341566 0 0 0 0 0.00350824 0 
0 0 0 0 0 0 0 0 0 0 0 0 0 0 0 0 0 0 0 0 0 0 0 0 0 0 0 0 
0 0 0 0 0 0 0 0 0 0 0 0 0.00321405 0 0 0 0 0 0 0 0 0 0 0 0 0 0 0 
0 0 0 0 0 0 0.00324195 0 0 0 0 0 0 0 0 0 0 0 0 0 0 0 0 0 0 0 0 0 
0 0 0 0 0 0 0 0 0 0 0 0 0 0 0 0 0 0 0 0 0 0 0 0 0 0 0 0 
0 0 0 0 0 0 0 0 0 0 0 0.00301955 0 0 0 0 0 0 0 0 0 0 0 0 0 0 0.00353093 0 
0 0 0 0 0 0 0 0 0 0 0 0 0 0 0 0 0 0 0 0 0 0 0 0.00346311 0 0 0 0 
0 0 0 0 0 0 0 0 0 0 0 0 0 0 0 0 0 0 0 0 0 0 0 0 0 0 0 0 
0 0 0 0 0 0 0 0 0 0.00290805 0 0 0 0 0 0 0 0 0 0 0 0 0 0 0 0 0 0 
0 0 0 0 0 0 0 0 0 0 0 0 0.0032502 0.00336219 0 0 0 0 0 0 0 0 0 0 0 0 0 0 
0 0 0 0 0 0 0 0 0 0 0 0 0 0 0.00333318 0 0 0 0 0 0 0 0 0 0 0 0 0 
0 0.00359799 0 0 0 0 0 0 0 0 0 0 0 0 0 0 0 0 0 0 0 0 0 0 0 0 0 0 
0 0 0 0 0 0 0 0 0 0 0.00290142 0 0 0 0 0 0 0 0.00343652 0 0 0 0 0 0 0 0 0 
0 0 0 0 0 0 0 0 0 0 0 0 0 0 0 0 0 0 0 0.00363729 0 0 0 0 0.00349636 0 0 0 
0 0 0.0035492 0 0 0 0 0 0 0 0 0 0 0 0 0 0 0 0.0034933 0.00352401 0 0 0 0 0.00360872 0 0 0 
0 0.00352684 0 0 0 0 0 0 0 0 0 0 0 0 0 0 0.00349291 0 0 0 0 0.0035989 0 0 0 0 0 0 
0 0 0 0 0 0 0 0 0 0 0 0 0 0 0 0 0 0 0 0 0 0 0 0 0 0 0 0.00354079 
0 0 0 0 0 0 0 0 0 0 0 0.00298173 0 0 0 0 0 0 0.00362175 0 0 0 0 0 0 0 0 0 
0 0 0 0 0 0 0 0.0030285 0 0 0.00296141 0 0 0 0 0 0 0 0 0 0 0 0 0.00339093 0 0 0 0 
0 0 0 0 0 0 0 0 0 0 0 0 0 0.00331286 0.00339297 0 0 0 0 0 0.00343537 0 0 0 0 0 0 0 
0 0 0 0 0 0 0 0 0 0 0 0 0 0 0 0 0 0 0 0 0 0 0 0 0 0 0 0 
0 0 0 0 0 0 0 0 0.00285699 0 0 0 0 0 0 0 0 0 0 0 0 0 0 0 0 0 0 0 
0 0 0 0 0 0 0 0 0 0 0 0 0 0 0 0 0 0 0 0 0 0 0 0 0 0 0 0 
0 0 0 0 0 0 0 0 0 0 0 0 0 0 0 0 0 0.00361775 0 0 0 0 0 0 0 0 0 0 
0 0 0 0 0 0.00313216 0 0 0 0 0.00294866 0 0 0 0 0 0 0 0 0 0 0 0 0 0 0 0 0 
0 0 0 0 0 0 0 0 0 0 0 0 0 0 0.00332262 0 0 0 0 0 0 0 0 0 0 0 0 0 
0 0.00352624 0 0 0 0 0 0 0 0 0 0 0 0 0 0 0.00367412 0 0 0 0 0 0 0 0 0 0 0 
0 0 0 0 0 0 0 0 0 0 0 0 0 0.00319798 0.00332809 0 0 0 0.00351725 0 0 0 0 0 0 0 0 0 
0 0 0 0 0 0 0 0 0 0 0 0 0 0 0 0 0 0 0 0 0 0 0 0 0 0 0 0 
0 0.00356052 0 0 0 0 0 0 0 0 0 0 0 0 0 0 0 0.00367391 0 0 0 0 0 0 0 0 0 0 
0 0 0 0 0 0 0 0 0 0.00293028 0 0 0 0 0.0034732 0 0 0.00364834 0 0 0 0 0 0 0 0 0 0 
0 0 0 0 0 0 0 0 0 0 0 0 0 0 0 0 0 0.0035766 0 0 0 0 0 0 0 0 0 0 
0 0 0 0 0.00335744 0 0 0 0.00298325 0.00296686 0 0 0 0 0 0 0 0 0 0 0 0 0 0 0 0 0 0 
0 0 0 0 0 0 0 0 0 0 0 0 0 0 0 0 0 0 0 0 0 0 0 0 0 0.00347282 0.00348957 0 
0 0 0 0 0 0 0 0 0 0 0 0 0 0 0 0 0 0 0 0 0 0 0 0 0 0 0 0.00362419 
0 0 0 0 0 0 0 0 0 0 0 0 0 0 0 0 0 0 0 0 0 0 0.00366137 0.00365304 0 0 0 0 
0 0 0 0 0 0 0 0 0 0 0 0 0 0.00326087 0 0 0 0 0 0 0 0 0 0 0 0 0 0.00355515 
0 0.0035869 0 0 0 0 0 0 0.00285721 0 0 0 0 0 0 0 0 0 0 0 0 0 0 0 0 0 0 0 
0 0 0 0 0 0 0 0 0 0 0 0 0 0 0 0.00334631 0 0 0 0 0 0 0 0 0 0 0 0 
0 0 0 0 0 0 0 0 0 0 0 0.00298069 0.00309653 0 0 0 0 0 0 0 0 0 0 0 0 0 0 0 
0 0 0 0 0 0 0 0 0 0 0 0 0 0 0 0 0 0 0 0 0 0 0 0 0 0 0 0 
0 0 0 0 0 0 0.0029893 0 0 0 0 0 0 0 0 0 0 0 0 0 0 0 0 0 0 0 0 0 
0 0 0 0 0 0 0 0 0 0 0 0.00309439 0 0.00333523 0 0 0 0 0 0 0 0 0 0 0 0 0 0 
0 0 0 0 0 0 0 0 0 0 0 0 0 0 0 0 0 0 0 0 0 0 0 0 0 0 0 0 
0 0 0 0 0 0 0 0 0 0 0 0 0 0 0 0 0 0 0 0 0.00349982 0 0 0 0 0 0 0 
0 0 0 0 0 0 0 0 0 0 0 0 0 0.0031749 0 0 0 0 0 0 0 0 0 0 0 0 0 0 
0 0 0.00354133 0 0 0 0 0 0 0 0 0 0 0 0 0 0 0 0 0 0 0 0 0 0 0 0 0 
0 0 0 0 0 0 0 0 0 0 0 0 0 0 0 0 0 0 0 0 0 0 0 0 0 0 0 0 
0 0 0 0 0.00338356 0.00323949 0 0 0 0 0 0 0 0 0 0 0 0 0 0 0 0 0 0 0 0 0 0 
0 0 0 0 0 0 0.00302078 0 0 0 0 0.00299987 0 0 0 0 0 0 0 0 0 0 0 0 0 0 0 0 
0 0 0 0 0 0 0 0 0 0 0 0 0.00306414 0 0.00338264 0 0 0 0 0 0 0 0 0 0 0 0 0 
0 0 0 0 0 0 0 0 0 0 0 0 0 0 0 0 0 0 0 0 0 0 0 0 0 0 0 0 
0 0 0 0 0 0 0 0.00303967 0 0 0 0 0 0 0 0 0 0 0 0 0 0 0 0 0 0 0 0.00355761 
0 0 0 0 0 0.00324637 0 0 0 0 0 0 0 0 0 0 0 0.00359967 0 0 0 0 0 0 0 0 0 0 
0 0 0.00337509 0 0 0 0.0029761 0 0 0 0 0 0 0 0 0 0 0 0 0 0 0 0 0 0 0 0.00362002 0 
0 0 0 0 0 0 0 0 0 0 0 0 0 0 0 0 0 0 0 0 0 0 0 0 0 0 0 0 
0 0 0 0 0 0 0 0 0 0 0 0 0 0 0 0 0 0 0 0 0 0 0 0 0 0 0 0 
0 0 0 0 0.00325019 0.00314743 0 0 0 0 0.0029783 0 0 0 0 0 0 0 0 0 0 0 0 0 0 0 0 0 
0 0 0 0 0 0 0 0 0 0 0 0 0 0 0.00341259 0 0 0 0 0 0 0 0 0 0 0 0 0 
0 0 0 0 0 0 0 0 0 0 0 0 0.00310129 0.00326816 0 0 0 0 0 0 0 0 0 0 0 0 0 0 
0 0 0 0 0 0 0 0.00296221 0 0 0 0 0 0 0 0 0 0 0 0 0 0 0 0 0 0 0 0 
0 0 0 0 0 0 0 0 0 0 0 0 0 0 0 0 0 0 0 0 0 0 0 0 0 0 0 0 
0 0 0 0 0 0 0 0 0 0 0 0 0 0 0 0 0 0.00369519 0 0 0.00364322 0 0 0 0 0 0 0 
0 0 0 0 0 0.00314299 0 0 0 0 0 0 0 0 0 0 0 0 0 0 0 0 0 0 0 0 0 0 
0 0.0035724 0 0 0.00334273 0 0 0 0 0 0 0 0 0 0 0 0 0 0.00355976 0 0 0 0 0 0 0 0 0 
0 0 0 0 0 0.00316926 0 0 0 0 0 0 0 0 0 0 0.00373898 0 0 0 0 0 0 0 0 0 0 0 
0 0 0 0 0 0 0 0 0 0 0 0 0 0 0 0 0 0 0 0 0 0 0 0 0 0 0 0 
0 0 0 0 0 0 0 0 0 0 0 0 0 0 0 0 0 0 0 0 0 0 0 0 0 0 0 0 
0 0 0 0 0 0.00310896 0 0 0 0 0.0028221 0.00291599 0.00311159 0 0 0.00410391 0 0 0 0 0 0 0 0 0 0.00332679 0 0 
0 0 0 0 0.00299 0 0 0 0 0 0 0 0 0 0 0 0 0 0 0 0 0 0.00410421 0 0 0 0 0 
0 0 0.00311662 0 0 0 0 0 0 0 0 0 0 0 0 0 0 0 0 0 0 0 0 0 0 0 0 0 
0 0 0 0 0 0 0 0 0 0 0.00254858 0 0 0 0 0 0 0 0 0 0 0 0 0 0 0 0 0 
0 0 0.00259005 0 0.00256107 0 0 0 0 0 0.00227872 0 0 0 0 0 0 0 0 0.00929511 0 0 0.00554641 0 0 0 0 0 
0 0 0 0 0 0 0 0 0 0 0 0 0 0 0 0 0 0 0 0 0 0 0 0 0 0 0 0 
0 0 0 0 0 0 0 0 0 0 0 0 0 0 0 0 0 0 0 0 0 0.00974571 0 0 0.00335532 0 0 0 
0 0 0 0 0 0 0.00125209 0 0 0 0 0 0 0 0 0 0 0 0 0 0 0.0114186 0 0 0 0 0 0 
0 0 0 0 0 0 0 0 0 0 0 0 0 0 0 0 0 0 0 0 0 0 0.00922847 0 0 0 0 0 
0 0 0 0 0 0 0 0 0 0.00034481 0 0 0 0 0 0 0 0 0 0 0 0 0 0 0.00313178 0 0 0 
0 0 0 0 0 0 0 0 0 0 0 0 0 0 0 0 0 0 0 0 0 0 0 0 0 0 0 -0.000549077 
0 -0.00132499 0 0 0 0 0 0 0 0 0 0 0 0 0 0 0 0 0 0 0 0 0 0 0 0 0 0 
0 0 0 0 0 0 0 0 0 0 0 0 0 0 0 0 0 0 0 0 0 0 0 0 0 0 0 0 
-0.00248422 0 0 0 0 -0.0018432 0 0 0 0 0 0 0 0 0 0 0 0 0.0399288 0 0 0 0 0.00769912 0 0 0 0 
-0.0029814 0 0 0 0 0 0 0 0 0 0 0 0 0 0 0 0 0 0 0 0 0 0 0 0 0 0 0 
-0.00330697 0 0 0 0 -0.00267633 -0.00247062 0 0 0 0 0 0.00322979 0 0 0 0 0.0427182 0 0 0 0 0 0.00845172 0 0 0 0 
0 0 0 0 0 0 0 0 0 0 0 0 0 0 0 0 0 0 0 0.0446139 0 0 0 0 0 0 0 0 
0 0 0 -0.00372058 0 0 0 0 0 0 0 0 0 0 0 0 0 0 0 0 0 0 0 0 0 -0.00105634 0 0 
0 0 0 0 0 0 0 0 -0.00272091 0 0 0 0.00326666 0 0 0.0293459 0 0 0 0 0 0 0 0 0 0 0 0 
-0.00420546 0 0 0 0 0 0 0 0 0 0 0 0 0 0 0 0 0 0 0.0477581 0 0 0 0 0 0 0 0 
-0.00428088 -0.00430314 0 0 0 0 0 0 0 0 0 0 0 0 0 0 0 0 0 0 0 0 0 0 0 0 0 0 
0 0 0 0 0 0 0 0 0 -0.00266084 0 0 0 0 0 0 0 0 0 0 0 0.0298428 0 0 0 0 -0.00333493 0 
0 0 0 0 0 0 0 -0.00309531 0 0 0 0 0.00320399 0 0 0.0299131 0 0 0.0507428 0 0 0 0 0 0 -0.00132774 0 0 
0 0 0 0 0 -0.00335455 0 0 0 0 0 0 0 0 0 0 0 0 0 0 0 0 0 0 0.00242409 0 0 0 
0 0 -0.00408116 0 0 0 0 0 0 0 0 0 0 0 0 0 0 0 0 0 0 0 0 0 0.00254146 0 0 0 
0 0 0 0 0 0 0 -0.00277407 0 0 0 0 0 0 0 0 0 0 0 0 0 0 0 0 0 0 0 0 
0 0 0 0 0 0 0 0 0 0 0 0 0 0 0 0 0 0 0 0 0 0 0 0 0 0 0 0 
0 0 0 0 0 0 0 0 0 0 0 0 0 0 0 0 0 0 0 0 0 0 0 0 0 0 0 0 
0 0 0 0 0 0 -0.00208529 0 0 0 0 0 0 0 0 0 0 0 0 0 0 0 0 0 0 0 0 0 
0 0 0 0 0 0 0 0 0 0 0 0 0 0 0 0 0 0 0 0 0 0 0 0 0 0 0 0 
0 0 0 0 0 0 0 0 0 0 0 0 0 0 0 0 0 0 0 0 0 0 0 0 0 0 0 0 
0 0 0 0 0 0 0 0 0 0 0 0 0 0 0 0 0 0 0 0 0 0 0 0 0 0 0 0 
0 -0.000612883 0 0 0 0 0 0 0 0 0 0 0 0 0 0 0 0 0 0 0 0 0 0 0 0 0 0 
0 0 0 -5.78084e-05 1.68935e-05 0 0 0 0 0.000331034 0 0 0 0 0 0 0 0 0 0 0 0 0 0 0 0 0 0 
0 0 0 0 0 0 0 0 0 0 0 0 0 0 0 0 0 0 0 0.0209911 0 0 0 0 0 0 0 0 
0 0 0 0 0 0 0 0 0 0 0 0 0.00294603 0 0 0 0 0 0 0 0 0 0 0 0.00448625 0 0 0 
0 0.00136922 0 0 0 0 0 0 0 0 0 0 0 0 0 0 0 0 0 0 0 0 0 0 0 0 0 0 
0 0 0 0 0 0 0 0 0 0 0 0 0 0 0 0.00769841 0 0 0 0 0 0 0 0 0 0.00473271 0 0 
0 0 0 0 0 0 0 0 0 0 0 0 0 0 0 0 0 0 0 0 0 0 0 0 0 0 0 0 
0 0 0 0 0 0 0 0 0 0 0 0 0 0 0 0 0 0 0 0 0 0 0 0 0 0 0 0 
0 0 0 0 0 0.00145782 0 0 0 0 0 0 0 0 0 0 0 0 0 0 0 0 0 0 0 0 0 0 
0 0 0 0.000875589 0 0 0 0 0 0 0 0 0 0 0 0 0 0.00687958 0 0 0 0 0 0 0 0 0 0 
0 0 0 0 0.000534148 0 0 0 0 0 0 0 0 0 0 0 0 0 0 0 0 0 0 0 0 0 0 0 
0 0 7.80348e-05 0 0 0.000279594 0 0 0 0 0 0 0 0 0 0 0 0 0 0.0164142 0 0 0 0 0 0 0 0 
0 0 0 0 0 0 0 0 0 -7.28167e-05 0 0 0 0 0 0 0 0.00709167 0 0 0 0 0 0 0 0 0 0 
0 0 0 0 -0.00107444 0 0 0 0 0 0 0 0 0 0 0 0 0 0 0 0 0 0 0 0 0.0185917 0 0 
0 0 0 0 0 0 0 0 0 0 0 0 0 0 0 0 0 0 0 0 0 0 0 0 0 0 0 0 
0 0 0 0 0 0 0 0 0 0 0 0 0 0 0 0 0 0 0 0 0 0 0 0 0 0 0 0 
0 0 0 -0.00269218 0 0 0 0 0 0 0 0 0 0 0 0 0 0 0 0.0257903 0.0344851 0 0 0 0 0 0 0 
0 0 0 0 0 0 0 0 0 0 0 0 0 0 0 0 0 0 0 0 0 0 0 0 0 0 0 0 
0 0 0 0 -0.00309341 0 0 0 0 0 0 0 0 0 0 0 0 0 0 0 0 0 0 0 0 0 0 0 
0 0 0 0 0 0 0 0 0 0 -0.00265978 0 0 0 0 0 0 0 0 0 0 0 0 0 0 0 0 0 
0 0 0 0 0 0 0 0 0 0 0 0 0 0 0 0 0 0 0 0 0 0 0 0 0 0 0 0 
0 0 0 0 0 -0.00328242 0 0 0 0 0 0 0 0 0 0 0 0 0 0 0 0 0 0 0 0 0 0 
0 0 0 0 0 0 0 0 0 0 0 0 0 0 0 0 0 0 0 0 0 0 0 0 0 0 0 0 
0 0 0 0 0 0 0 0 0 -0.0026972 0 0 0 0 0 0 0 0 0 0 0 0 0 0 0 0 0.0160656 0 
0 0 0 0 0 0 0 -0.00277128 0 0 0 0 0 0 -0.00262615 0 0 0 0 0 0 0 0 0 0 0 0 0 
0 0 0 0 0 -0.00340477 0 0 0 0 0 0 0 0 0 -0.00105386 0 0 0 0 0 0 0 0 0 0 0 0 
0 0 0 0 0 0 0 0 0 0 0 0 0 0 0 0 0 0 0 0 0 0 0 0 0.0379706 0 0 0 
0 0 0 0 0 0 0 0 0 -0.00246608 0 0 -0.00290584 0 0 0 0.00265483 0 0 0 0 0 0 0 0 0 0.0158206 0 
0 0 0 0 0 0 -0.00260053 0 0 0 0 0 0 0 0 0 0 0.00863652 0 0 0 0 0.0468331 0 0 0 0 0 
0 0 0 0 0 0 0 0 0 0 0 0 0 -0.00267532 0 0 0 0 0 0 0 0 0 0 0 0 0 0 
0 0 0 0 0 0 0 0 0 0 -0.00205554 0 0 0 0 0 0 0 0 0 0 0 0 0 0 0 0 0 
0 0 0 0 -0.00192431 0 0 0 0 0 0 0 0 0 0 -0.000621361 0 0.00726284 0 0 0 0 0 0 0 0 0 0 
0 0 0 0 0 0 0 0 0 0 0 0 0 0 0 0 0 0.00650115 0 0 0 0 0 0 0 0 0 0 
0 0 0 0 0 0 0 0 0 0 0 0 0 0 0 0 0 0 0 0 0 0 0.0336671 0 0 0 0 0 
0 0 0 0 0 0 0 0 0 0 0 0 0 0 0 0 0 0 0 0 0 0 0 0 0 0 0 0 
0.0124849 0 0.00467454 0 0 0 0 0 0 0 0 0 0 0 0 0 0 0 0 0 0 0 0.0270794 0 0 0 0 0 
0 0 0 0 0 0 0 0 0 0 0 0 0 0 0 0 0 0 0 0 0 0 0 0 0 0 0 0 
0 0 0 0 0 0 0 0 -0.000999793 0 0 0 0 -0.00151575 0 0 0 0 0 0 0 0 0.0216745 0 0 0 0 0 
0.0225475 0 0.0104427 0 0.00223773 0 0 0 0 0 0 0 0 0 0 -0.00162397 0 0 0 0 0 0 0 0 0 0 0 0 
0 0 0 0 0 0 0 0 0 0 0 0 0 0 0 0 0 0 0 0 0 0 0 0.0245357 0 0 0 0 
0 0 0 0 0 0 0 0 0 0 0 0 0 0 0 0 0 0 0 0 0 0.0101488 0 0.0243807 0 0 0 0 
0 0 0.0149411 0 0 0 0 0 0 -0.00181591 0 0 0 0 0 0 0 0 0 0 0 0 0 0 0 0 0 0 
0 0 0 0 0 0 0 0 0 0 0 0 0 0 0 0 -0.00305631 0 0 0 0.00235953 0.0078326 0 0 0 0 0 0 
0 0 0 0 0 0 0 0 -0.00219146 0 0 0 0 0 0 0 0 0 0 0 0 0 0 0 0 0 0 0 
0.0378368 0 0 0 0 0 0 -0.00200979 0 0 0 0 0 0 0 0 0 0 0 0 0 0 0 0 0 0 0 0 
0 0 0 0 0 0 0 0 0 0 0 0 0 0 0 0 0 0 0 -0.00277097 0 0 0 0.026476 0 0.0448947 0 0 
0 0 0 0 0 0 0 0 0 0 0 0 -0.00344248 0 0 0 0 0 0 0 0 0 0 0 0 0 0 0 
0 0 0 0 0 0 0 0 0 0 0 0 0 0 0 0 0 0 0 0 0 0 0 0 0 0 0 0 
0 0 0 0 0 0 0 0 0 0 0 -0.00324603 0 0 0 -0.00429752 0 0 0 0 0 0.00629561 0 0 0 0 0 0 
0 0 0 0 0 0 0 0 0 0 0 0 0 0 0 0 0 0 0 0 0 0 0 0 0 0 0 0 
0 0 0 0 0 0 0 0 0 0 0 0 0 0 0 0 0 0 0 0 0 0 0 0 0 0 0 0.048183 
0 0 0 0 0 0 0 -0.00242564 0 0 0 0 0 0 0 0 0 0 0 0 0 0 0 0 0 0 0 0 
0 0 0 0 0.00358921 0 0 0 0 0 0 0 0 0 0 0 0 0 0 0 0 0 0 0 0 0 0 0 
0 0.0292515 0 0 0 0 0 0 0 0 0 0 0 0 0 0 0 0 0 0 0 0 0 0 0 0.0446653 0 0 
0 0 0 0 0 0 0 0 0 0 0 0 -0.00295318 0 0 0 0 0 0 0 0 0 0 0 0 0 0 0.0447432 
0 0 0 0 0 0 0 0 -0.00202905 0 0 0 0 0 0 0 0 0 0 0 0 0 0 0 0 0 0.0447561 0 
0 0 0 0 0 0 -0.000856996 0 0 0 0 0 0 0 0 0 0 0 0 0 0 0 0 0 0 0 0 0 
0 0 0 0 0 0 0 0 0 0 -0.00156915 0 0 0 0 0 0 0 0 0 0 0 0 0 0 0 0 0.0379514 
0 0 0 0 0 0 0 0 0 0 0 0 0 0 0 0 0 0 0 0 0 0 0 0 0 0.0339098 0 0 
0 0 0 0 0 0 0 0 0 0 0 0 0 0 0 0 0 0 -0.00153401 0 0 0 0 0 0 0 0 0 
0 0.0182904 0 0 0 0 0 0 0 0 0 0 0 0 0 0 0 0 0 0 0 0 0 0 0 0 0 0 
0.0208164 0 0 0 0 0 0 0 0 0 0 0 0 0 0 0 0 0 0 0 0 0 0 0 0 0 0 0 
0 0 0 0 0 0 0 0 0 0 0 0 0 0 0 0 0 0 0 0 0 0 0 0 0 0 0 0 
0 0 0.00847408 0 0 0 0 0 0 0 0 0 0 0 0 0 0 0 0 0 0 0 0 0.0106031 0 0 0 0.0170342 
0 0 0 0 0 0 0 0 0 0 0 0 0 0 0 0 0 0 0 0 0 0 0 0 0 0.0136194 0 0 
0 0 0 0 0 0 0.00218627 0 0 0 0 0 0 0 0 0 0 0 0 0 0.0030983 0 0 0 0 0 0 0 
0 0 0 0 0 0 0 0 0 0 0 0.00224198 0 0 0 0 0 0 0 0 0 0 0 0 0 0 0 0 
0 0 0 0 0 0 0 0 0 0 0 0.00235834 0 0 0 0 0 0 0 0 0 0 0.00465943 0 0 0 0 0 
0 0 0 0 0 0 0 0 0 0 0 0 0 0 0 0 0.00313675 0 0 0 0 0 0 0 0 0 0 0 
0.00503777 0.00464831 0 0.00381449 0 0 0 0 0.00271897 0 0 0 0 0 0 0 0 0 0 0 0 0 0.00399112 0 0 0 0 0 
0 0 0 0 0 0 0 0 0 0 0.00284225 0 0 0 0 0 0 0 0.00338104 0 0 0 0 0 0 0 0 0 
0 0 0 0 0 0 0 0 0 0 0 0 0 0 0 0 0.00344883 0 0 0 0 0 0 0 0 0 0 0 
0 0 0 0 0 0 0 0 0 0 0 0 0 0 0 0 0 0 0 0 0 0.0035896 0 0.00372894 0 0 0 0 
0 0 0 0 0 0 0 0 0 0 0 0 0 0 0 0 0 0 0 0 0 0 0 0 0 0 0 0 
0 0 0 0 0 0 0 0 0 0 0 0 0 0 0 0 0 0 0 0 0 0 0 0 0 0 0 0 
0 0 0 0 0 0 0 0 0 0 0.00281183 0 0 0 0 0 0 0 0 0 0 0 0 0 0 0 0 0 
0 0 0 0 0 0.00322877 0 0 0 0 0 0 0 0 0 0 0 0 0 0 0 0 0 0 0 0 0 0 
0 0 0 0 0 0 0 0 0 0 0 0 0 0 0 0 0 0 0 0 0 0 0 0 0 0 0 0 
0 0 0 0 0 0 0 0 0 0 0 0 0 0 0 0 0.00348195 0 0 0 0 0 0 0 0 0 0 0 
0 0 0 0 0 0 0 0 0 0 0 0 0 0 0 0 0 0 0 0 0 0 0 0 0 0 0 0 
0 0 0 0 0 0 0 0 0 0 0 0 0 0 0 0 0 0 0 0 0 0 0 0 0 0 0 0 
0 0 0 0 0 0 0 0 0 0 0 0 0 0 0 0 0 0 0 0 0 0 0 0 0 0 0 0 
0.003619 0.00359827 0 0 0.00339856 0 0 0 0 0 0 0 0 0 0 0 0 0 0 0 0 0 0 0 0 0 0 0.00359383 
0 0.00360749 0 0 0 0 0 0 0 0 0 0 0 0 0 0 0 0 0 0 0 0 0 0 0 0.00356693 0 0 
0 0 0 0 0 0 0 0 0 0 0 0 0 0 0 0 0 0 0 0 0 0 0 0 0 0 0 0 
0 0 0 0 0 0 0 0 0 0 0 0 0 0 0 0 0 0 0 0 0 0 0 0 0 0 0 0 
0 0 0 0 0 0 0 0 0 0 0 0 0 0 0 0 0 0 0 0 0 0 0 0 0 0 0 0 
0 0 0 0 0 0 0 0 0 0 0 0 0.00297042 0 0 0 0 0.00349538 0 0 0 0 0 0 0 0 0 0 
0 0 0 0 0 0 0 0 0 0 0 0 0.00301539 0 0.00324531 0 0 0 0 0 0 0.00327371 0 0 0 0 0 0.00413463 
0 0 0 0 0 0 0 0 0 0 0 0 0 0 0 0 0 0 0 0 0 0 0 0 0 0 0 0 
0 0 0 0 0 0 0 0 0 0 0 0 0 0 0 0 0 0 0 0 0.00312192 0 0 0 0 0 0 0 
0 0 0 0 0 0 0 0 0 0 0 0 0.00253675 0 0 0 0 0 0 0 0 0 0 0 0 0 0 0 
0 0 0.00943531 0 0 0 0 0.00396508 0 0 0 0 0 0 0 0 0 0 0 0 0 0 0 0 0 0 0 0 
0 0.0114455 0 0 0 0 0.00608877 0 0 0 0 0 0 0 0 0 0 0 0 0 0 0 0 0 0 0 0 0 
0 0.0139986 0 0 0 0 0 0 0 0 0 0 0 0 0 0 0 0 0 0 0 0.00183302 0 0 0 0 0 0 
0 0 0 0 0 0 0 0 0 0 0 0 0 0 0 0 0 0 0 0 0 0 0 0 0.0032719 0 0 0 
0 0 0 0 0 0 0 0 0 0 0 0 0 0 0 0 0 0 0 0 0 0 0 0 0 0 0 0 
0 0 0 0 0 0 0 0 0 0 0 0 0 0 0 0 -0.000326702 0 0 0 0 0 0 0 0 0 0 0 
0 0 0 0 0 0 0 0 0 0 0 0 0 0 0 0 0 0 0 0 0 -0.000374539 0 0 0 0.00684126 0 0 
0 0 0 0 0 0 0 0 0 0 0 0 0 0 0 0 0 0 0 0 0 -0.00107775 0 0 0.00300908 0 0 0 
0 0.0349784 0 0 0 0 0.0148904 0 0.00374404 0 0 0 0 0 0 0 0 0 0 0 0 0 0 0 0 0 0.0142622 0 
0 0 0 0 0 0 0 0 0 0 0 0 0 0 0 0 0 0 0 0 0 0 0 0 0 0 0 0 
0 0 0 0 0 0 0 0 0 0 0 0 0 0 0 0 0 -0.0033254 0 0 0 0 0 0 0 0 0.0161713 0 
0 0 0 0 0 0 0 0 0 0 0 0 0 0 0 0 -0.00378582 0 0 0 0 0 -0.00231347 0 0 0 0 0 
0 0 0 0 0 0 0 0 0 0.000242487 0 0 0 0 0 0 0 0 -0.00398044 0 0 0 0 0 0.00276877 0 0 0 
0 0 0 0 0 0 0 0 0 0 0 0 0 0 0 0 0 0 0 0 0 0 0 0 0 0 0 0 
0 0 0 0 0 0 0 0.0102542 0 0 0 0 0 0 0 0 0 0 0 0 0 0 0 0 0 0 0 0.0293723 
0 0 0 0 0 0 0 0 0 0 0 0 0 0 0 0 0 0 0 0 0 0 0 0 0 0 0 0 
0 0 0.0511252 0 0 0 0 0 0 0 0 -0.00311471 0 0 0 0 -0.00458082 0 0 0 0 0 0 0 0 0 0 0.0299436 
