11 11 11 11 11 11 11 11 11 11 10.5 10.5 10.5 10.5 10.5 11 11 11 11 10.5 
11 11 11 11 11 11 11 10.5 10.5 10.5 10.5 10.5 10.5 10.5 10.5 10.5 10.5 10.5 11 10.5 10.5 
11 11 11 11 11 11 11 11 10.5 10.5 10.5 10.5 10.5 10.5 10.5 10.5 11 11 10.5 
11 11 11 11 11 11 11 11 11 10.5 10.5 10.5 10.5 10.5 10.5 10.5 10.5 11 11 11 10.5 10.5 10.5 10.5 10.5 10.5 10.5 
11 11 11 11 11 11 11 11 11 11 10.5 10.5 10.5 10.5 10.5 11 11 11 11 10.5 
11 11 11 11 11 11 11 11 10.5 10.5 10.5 10.5 10.5 10.5 10 10.5 10.5 10.5 10.5 
10.5 10.5 10.5 10.5 10.5 10.5 10.5 10.5 10.5 10.5 10.5 10.5 10.5 10.5 10.5 10.5 10.5 10.5 10.5 10.5 
10.5 10.5 10.5 11 11 11 11 11 10.5 10.5 10.5 10.5 10.5 11 10.5 
11 11 11 11 11 11 11 11 11 11 10.5 10.5 10.5 10.5 10.5 11 11 11 11 
11 11 11 11 11 11 10.5 10.5 10.5 10.5 10.5 10.5 11 10.5 10.5 10.5 10.5 10.5 
10.5 10.5 10.5 10.5 10.5 10.5 11 11 11 11 10.5 10.5 11 10.5 11 
11 11 11 11 11 11 11 11 11 11 10.5 10.5 10.5 10.5 11 11 11 11 10.5 
11 11 11 11 11 11 11 11 11 11 10.5 10.5 10.5 10.5 11 11 10.5 10.5 
11 11 11 11 11 10.5 10.5 11 11 11 11 11 11 10.5 10.5 10.5 
11 11 11 11 11 11 11 10.5 10.5 10.5 10.5 10.5 11 10.5 
11 11 11 11 11 11 11 11 11 11 11 10.5 10.5 10.5 11 11 10.5 10.5 
10.5 10.5 10.5 11 11 11 10.5 10.5 10.5 10.5 10 10.5 10.5 
10.5 10.5 10.5 10.5 10.5 10.5 10 10 10 9.5 9.5 9.5 9.5 9.5 9.5 9.5 9.5 9.5 9.5 9.5 9.5 9.5 9.5 9.5 9.5 9.5 9.5 9.5 
11 11 11 11 11 11 11 11 11 11 10.5 10.5 10.5 10.5 10.5 10.5 11 11 11 11 11 10.5 10.5 10.5 
11 11 11 11 11 11 11 11 11 11 11 11 11 10.5 10.5 10.5 10.5 10.5 10.5 10.5 11 10.5 10.5 10.5 10.5 10.5 
11 11 11 11 11 11 11 11 10.5 10.5 10.5 11 11 11 
11 11 11 11 11 11 11 11 11 11 10.5 10.5 10.5 10.5 10.5 10.5 11 11 10.5 10.5 
10.5 10.5 10.5 10.5 11 11 11 11 11 11 10.5 10.5 10.5 10.5 10.5 10.5 10.5 11 11 10.5 10.5 
10.5 11 11 11 11 11 11 10.5 10.5 10.5 10.5 10.5 10.5 10.5 10.5 11 11 11 10.5 10.5 10.5 
11 11 11 11 11 11 11 11 10.5 10.5 10.5 10.5 10.5 10.5 10.5 10.5 10.5 10.5 11 11 10.5 
11 11 11 10.5 10.5 10.5 10.5 10.5 10.5 10.5 10.5 10.5 10.5 
10.5 10.5 10.5 10.5 10 10 10 10 10 10 10 10 10 10 9.5 9.5 9.5 10 9.5 
10.5 10.5 10.5 10.5 10.5 10.5 10 10 10 9 9 9 9 9 9 9 9 9 9 9.5 9.5 9.5 9.5 10 
10.5 10.5 10.5 10.5 10.5 10.5 10 10 10 10 10 10.5 10 10 9.5 
10.5 10.5 10.5 10.5 10.5 10 10 10 10 10 10 10 10 10 10 10 10 10 
10.5 10.5 10.5 10.5 10.5 10 10 10 10 10 10 10 10.5 10.5 10.5 10.5 10 10.5 10.5 
10.5 10.5 10.5 10.5 10.5 10.5 10.5 10.5 10 10 10.5 10.5 10.5 10.5 10.5 10.5 10.5 10 10 10.5 
10.5 10.5 10.5 10.5 10.5 10.5 10.5 10.5 10 10 10.5 10.5 10.5 10.5 10.5 10.5 10.5 10.5 10.5 
11 11 11 11 11 11 10.5 10.5 10.5 10.5 10.5 10.5 10.5 11 11 11 11 11 10.5 10.5 10.5 
11 11 11 11 11 11 11 11 11 11 11 11 11 11 11 10.5 10.5 10.5 11 11 10.5 
11 11 11 11 11 11 11 10.5 10.5 10.5 11 11 11 11 10.5 10.5 
11 11 11 11 11 11 10.5 10.5 10.5 10.5 11 11 11 11 11 10.5 10.5 10.5 10.5 10.5 10.5 10.5 10.5 10.5 10.5 10.5 11 
11 11 11 11 11 11 11 10.5 10.5 10.5 10.5 10.5 11 11 11 10.5 
11 11 11 11 11 11 11 11 10.5 10.5 10.5 11 11 11 10.5 10.5 
11 11 11 11 11 11 11 11 11 11 11 10.5 10.5 10.5 10.5 10.5 11 10.5 10.5 
11 11 11 11 11 11 11 11 11 11 10.5 10.5 10.5 10.5 11 11 11 11 10.5 10.5 10.5 
11 11 11 11 11 11 11 11 11 11 10.5 10.5 10.5 10.5 11 11 11 11 10.5 
11 11 11 11 11 11 11 11 10.5 10.5 10.5 10.5 11 11 11 11 10.5 
11 11 11 11 11 11 11 11 10.5 10.5 10.5 10.5 11 11 11 11 10.5 10.5 11 
11 11 11 11 11 11 11 11 10.5 10.5 10.5 10.5 10.5 10.5 11 11 10.5 10.5 10.5 
11 11 11 11 11 11 11 11 11 10.5 10.5 10.5 10.5 10.5 10.5 10.5 11 11 11 11 11 10.5 10.5 
11 11 11 11 11 11 11 11 11 11 10.5 10.5 10.5 10.5 10.5 11 10.5 10.5 10.5 
11 11 11 11 11 11 11 11 11 11 11 10.5 10.5 10.5 10.5 10.5 10.5 11 11 10.5 10.5 
11 11 11 11 11 11 11 10.5 10.5 10.5 10.5 10.5 10.5 10.5 10.5 10.5 11 11 10.5 10.5 
11 11 11 11 11 11 11 11 10.5 10.5 10.5 10.5 10.5 10.5 11 11 11 10.5 10.5 
11 11 11 11 11 11 11 11 11 11 10.5 10.5 10.5 10.5 11 11 11 11 
11 11 11 11 11 11 11 11 10.5 10.5 10.5 10.5 10.5 10.5 11 11 10.5 10.5 10.5 
11 11 11 11 11 11 11 11 11 11 10.5 10.5 10.5 10.5 11 11 10.5 10.5 
11 11 11 11 11 11 11 11 10.5 10.5 10.5 10.5 11 11 11 11 11 
11 11 11 11 11 11 11 10.5 10.5 10.5 10.5 10.5 10.5 10.5 11 11 11 11 10.5 10.5 
11 11 11 11 11 11 11 11 11 11 10.5 10.5 10.5 10.5 10.5 10.5 10.5 10.5 10.5 10.5 10.5 10.5 
10.5 10.5 10.5 10.5 10.5 10.5 10.5 10.5 10.5 10.5 10.5 10.5 10.5 10.5 10.5 10.5 10.5 11 10.5 10.5 
11 11 11 11 11 11 11 11 11 11 10.5 10.5 10.5 10.5 10.5 10.5 10.5 10.5 10.5 10.5 10.5 
10.5 10.5 10.5 10.5 10.5 10.5 10.5 10.5 10.5 11 10.5 10.5 10.5 10.5 10.5 10.5 10.5 10.5 11 10.5 10.5 10.5 
11 11 11 10.5 10.5 10.5 10 10 10 10 10 10 10 10 10.5 10.5 10 10 10 10 9.5 9.5 10 10 
10.5 10.5 10.5 10.5 10.5 10.5 10 10 10 10 10.5 10.5 10.5 10.5 10.5 10.5 10 10 10.5 
10.5 10.5 10.5 10.5 10.5 10.5 10.5 10.5 10 10 10 10 10 10 10.5 10.5 10 10 10 9.5 
10.5 10.5 10.5 10.5 10.5 10 10 10 10 10 10 10 10.5 10.5 10.5 10.5 10.5 10.5 10.5 10.5 10.5 
10.5 10.5 10.5 11 11 11 11 11 10.5 10.5 10.5 10.5 10.5 10.5 10.5 10.5 10.5 10.5 10.5 
10.5 10.5 10.5 11 11 11 11 11 10.5 10.5 10.5 10.5 10.5 10.5 10.5 10.5 10.5 10.5 10.5 10.5 10.5 
10.5 10.5 10.5 10.5 10.5 10.5 10.5 10.5 10.5 10.5 10.5 10 10.5 10.5 10.5 10.5 10.5 10.5 11 10.5 10.5 10.5 10.5 10.5 10.5 
11 11 11 11 11 11 11 11 11 11 10.5 10.5 10.5 10.5 10.5 10.5 10.5 11 10.5 10.5 
11 11 11 11 11 11 10.5 10.5 10.5 10.5 10.5 10.5 10.5 10.5 11 11 11 11 10.5 
11 11 11 11 11 11 11 11 10.5 10.5 10.5 10.5 10.5 10.5 10.5 10.5 11 11 10.5 
11 11 11 11 11 11 11 11 10.5 10.5 10.5 10.5 11 10.5 10.5 
11 11 11 11 11 11 11 11 10.5 10.5 10.5 10.5 10.5 10.5 10.5 10.5 10.5 11 11 11 11 11 10.5 10.5 10.5 10.5 10.5 10.5 10.5 10.5 
11 11 11 11 11 11 10.5 10.5 10.5 10.5 10.5 10.5 10.5 10.5 10.5 10.5 11 11 10.5 10.5 10.5 
10.5 10.5 10.5 10.5 11 11 11 11 11 10.5 10.5 10.5 10.5 10.5 11 11 10.5 10.5 10.5 10.5 
10.5 10.5 10.5 10.5 10.5 10.5 10.5 10 10 10 10 10.5 10.5 10.5 10.5 10.5 10 10 10 10 
10.5 10.5 10.5 10.5 10 10 10 10 10 10 10.5 10.5 10.5 10.5 10.5 10.5 
11 11 11 11 11 11 11 11 11 11 11 10.5 10.5 10.5 10.5 10.5 10.5 10.5 10.5 10.5 10.5 10.5 10.5 11 10.5 
11 11 11 11 11 11 11 10.5 10.5 11 11 11 11 10.5 10.5 10.5 10.5 10.5 
11 11 11 11 11 11 11 11 10.5 10.5 10.5 10.5 10.5 10.5 10.5 11 11 11 10.5 10.5 
11 11 11 11 11 11 11 11 10.5 10.5 10.5 10.5 10.5 10.5 11 11 10.5 
11 11 11 11 11 11 11 11 11 11 10.5 10.5 10.5 10.5 10.5 10.5 10.5 11 10.5 10.5 
10.5 10.5 11 11 11 11 10.5 10.5 10.5 10.5 10.5 10.5 10.5 10.5 10.5 10.5 11 10.5 10.5 10.5 
10.5 10.5 10.5 11 11 11 11 11 11 11 11 11 11 11 10.5 10.5 10.5 10.5 10.5 10.5 10.5 10.5 
10.5 10.5 10.5 10.5 10.5 10.5 11 11 11 11 10.5 10.5 10.5 10.5 11 
11 11 11 11 10.5 10.5 10.5 10.5 10.5 11 
11 11 11 11 10.5 10.5 10.5 10.5 10.5 10.5 11 11 11 11 11 11 11 11 11 11 10.5 
11 11 11 11 11 11 11 11 10.5 10.5 10.5 10.5 10.5 10.5 10.5 11 11 10.5 
11 11 11 11 11 11 11 11 11 10.5 10.5 10.5 10.5 10.5 
11 11 11 11 11 10.5 10.5 10.5 10.5 11 11 10.5 
11 11 11 11 11 11 11 10.5 10.5 10.5 11 11 11 11 11 11 11 10.5 11 
11 11 11 11 11 11 11 11 10.5 10.5 10.5 10.5 11 11 11 10.5 
11 11 11 11 11 11 11 11 11 10.5 10.5 10.5 10.5 11 11 10.5 10.5 10.5 10.5 
11 11 11 11 11 11 11 11 11 11 10.5 10.5 10.5 11 11 11 11 
11 11 11 11 11 11 11 10.5 10.5 10.5 10.5 11 11 11 11 11 11 11 10.5 10.5 10.5 
11 11 11 11 11 11 10.5 10.5 10.5 10.5 10.5 10.5 10.5 10.5 10.5 10.5 11 11 10.5 10.5 10.5 10.5 10.5 10.5 
10.5 10.5 10.5 10.5 11 11 11 11 11 11 11 10.5 10.5 10.5 10.5 10.5 11 11 10.5 10.5 
10.5 10.5 10.5 11 11 11 11 11 10.5 10.5 10.5 10.5 10.5 10.5 10.5 10.5 10.5 10.5 10.5 11 11 10.5 10.5 10.5 10.5 10.5 
10.5 10.5 10.5 10.5 10.5 11 11 11 11 11 10.5 10.5 10.5 10.5 10 10 
10.5 10.5 10.5 10 10 10 10 10 10 9.5 9.5 9.5 9.5 9.5 9.5 9.5 9.5 9.5 10 10 10 
10.5 10.5 10.5 10.5 10 10 10 10 10 10 10 10 10 9.5 9.5 9.5 
10.5 10.5 10.5 10.5 10 10 10.5 10.5 10.5 10.5 10.5 10.5 11 10.5 10.5 10.5 10.5 
