11 11 11 11 11 11 11 11 11 11.5 11.5 11.5 12 12 12 12 11.75 11.75 11 11 11.5 11 11 11 11 
11 11 11 11 11 11 11 11 11 11 11 10.8333 10.8 10.8 10.25 10.25 9 9 9 9 9 8 8 8 8 8 8 
10.5 10.5 10.5 10 10 10 10.8 10.8 10.8 10.8 10.8 10.8 10.8 10.8 10.75 10.75 10.3333 10.3333 10.3333 10.3333 11.5 10 10 
10.5 10.5 10.5 10.5 10.5 11 11.1667 11.8 11.8 11.8 11.8 11.8 12.5 12.5 12.5 12.5 12.5 12 12.5 12.5 12.5 12.5 12.5 12.5 12 12 12 
10.5 11.5 11.5 12 12 12 12 12 12.5 12.5 12.5 12.5 12.5 12.6667 12.6667 12.6667 12.6667 12.6667 12.6667 12.6667 13.5 13.5 13.5 13.5 13 13 13 13 
10.5 10.5 10.5 10 10 10 10 10 10.5 10.5 10.5 10.5 10.5 10.5 10.5 10.5 10.6 10.6 11.25 11.25 11.25 11.3333 11.3333 11.3333 12.5 13 13 13 
10.5 10.5714 10.5714 10.3333 10.3333 10.3333 11 11.5 11 11 11 11 11 11 9.5 9.5 9.5 9.5 11 11 11 11 11 11 11 11 11 11 
10.5 11 11 11 10.5 10.6 11.25 11.25 11.25 11.25 11.3333 11.3333 11.3333 11.3333 11.3333 11.3333 11.3333 11.3333 10.5 10.5 10.5 10.5 12 12 12 12 12 12 
10.5 11.5 11.5 11.5 11.5 11.5 11.5 11.5 12 12 12 12 12 11.75 11.75 11.75 12 12 12 12 12 12 14 14 14 14 
10.5 10.5 10.5 10.4286 10.4286 11 10.4 10.4 10.4 10.4 11 11 11 11 11 11 11 10.3333 10.5 10.5 10.5 10.5 10.5 10.5 10.5 9 
10.5 10.5714 10.5714 11.8 11.8 11.8 11.8 11.8 11.8 11.8 11.8 11.8 11.75 12.6667 12.6667 12.6667 13.5 13.5 
10.5 10.5 10.5 11 11 11 11 11 10.8 10 10 10 10 10 10 10.6667 10.6667 10.6667 11.5 13 13 13 13 13 13 13 
10.5 11.3333 11.3333 11.3333 11.3333 11.3333 11.3333 11.3333 11.3333 11.3333 11.6 11.6 11.6 11.6 11.6 11.6 11.25 11.25 11.25 11.3333 13 13 13 13 12 12 12 12 
10.5 10.5 10.5 10.5 10.5 11 11 11 10.8333 11.2 11.2 11.2 12 12 12 12.6667 12.6667 12.6667 12.5 12.5 14 14 
10.5 10.5 10.1429 9.5 10.5 10.5 10.5 10.5 10.5 10.5 10.5 10.5 10.3333 10.5 10.5 10.5 10.5 10.5 10.5 10.5 10.5 10.5 10.5 10.5 10.5 9 9 9 
10.5 10.5 10.5 10 10.8 10.8 10.8 10.5 10.3333 10.3333 10.3333 10.3333 10.3333 10.3333 9 9 9 10 10 10 
10.5 10 10 11 11 11 11 11 11 11 11 11.25 11.25 11.25 11.25 11 11 11 11 11 11 11 11 13 
10.5 10.1429 10.6667 10.6667 10.4 10.4 10.4 10.4 10.4 9.5 9.5 9.5 9.5 9.5 9.5 9.5 9.66667 9 9 9 9 10 10 10 
10.5 10.5 10.5 10.1429 10.1429 10.1429 10.1429 9.83333 9 9 9 8.5 9 9 9 9 9 9 9 9 9 9 9 9 9 8 8 
10.5 10 9.66667 9.6 9.6 9.6 9.6 10.25 10.25 10.25 10.25 10.25 10.25 9.33333 9.33333 8.5 8.5 9 9 9 9 9 9 9 9 
10.5 11 11.1667 11 11 11 11.6667 11.6667 11.6667 11.6667 11.6667 11.6667 11.6667 11.6667 11 14 14 14 14 14 14 14 14 14 14 14 
10.5 10.5 10.5 10.5 10.5 10.5 11 11 11.3333 11.3333 11.3333 11.3333 11.3333 11.6 11.6 11.5 11.5 11.5 10.6667 10.6667 10.6667 10.6667 12 12 12 12 11 
10.5 10.5 10.5 11.3333 11.3333 11.3333 10.8 10.8 10.8 10.8 11.5 11.6667 11.6667 11.6667 11.6667 11.6667 11.6667 11.6667 11.6667 11.5 11.5 11.5 11.5 11.5 11.5 13 
10.5 11.5 11.5 11.5 11.5 11.5 11.5 11.5 11.5 11.5 11.5 11.5 11.5 11.8 11.8 11.25 11.25 11.25 11.25 11.25 11.25 11.25 11.25 11.25 11 12 12 13 
10.5 11 11 11 10.8333 10.4 10.4 10.75 10.75 11.6667 10.5 10.5 10.5 10.5 10.5 10 10 
10.5 10.5 10.5714 10.5714 10.1667 10.1667 10.1667 10.4 10.4 10.4 10.4 11.25 11.25 11.25 12.3333 12.3333 12.3333 12.5 12.5 12.5 12.5 11 
10.5 10.5 10.4286 10.4286 10.4286 11 11.6 11.6 11.6 11.6 11.6 11.6 11.6 12 12 12 12 12 12 12 13 13 13 13 13.5 13 13 13 
10.5 10.5 10.5 11.3333 11.3333 11.3333 11.3333 11.3333 11.3333 11.3333 11.3333 11.3333 11 11 11 11 11.3333 11.3333 11.3333 11.3333 11.3333 8 8 8 8 
10.5 10.5 10.1429 10 10 10 10 10.25 10.25 10.25 10.25 10.25 10.25 10.25 10.25 11.3333 11.3333 11.3333 8 8 8 8 8 
10.5 10.5 10.1429 10.1429 10.1429 10.1429 10.1429 10 10 10.6 10.6 10.6 10.6 10.6 11.25 11.25 11 12 10 10 10 
10.5 10.5 10.5 10.5 10.2857 11.4 11.4 11.5 11.5 11.5 11.5 11.5 11.5 11.5 11.5 11.5 11.5 11 11 11 11 11 11 11.5 9 
10.5 10.5 10.5 11.5 11.2 11.2 11.25 11.25 11.25 11.25 11.25 11.25 11.25 11.25 11.25 11.25 10.3333 10.5 12 12 12 12 12 12 12 
10.5 10.2857 10.1667 10.1667 10.1667 10.2 11 11 11 10 10 10 10 10 10 8.5 8.5 9 9 9 9 9 9 9 9 9 9 
10.5 10.5 11.3333 11.3333 11.6 11.6 11.25 11.25 11.25 11.25 11.25 11.25 11.25 11.25 11.3333 11.3333 11.3333 10 10 10 8 8 8 8 8 8 8 8 
10.5 10.5 10.5714 10.5714 11.1667 11.1667 11.1667 11.8 11.8 11.8 11.8 11.8 12 12 12 12 12 11.6667 10.5 10.5 10.5 9 9 9 9 9 
10.5 10.2857 10.8333 10.8333 10.8333 10.8333 10.8333 10.8333 10.8 10.8 10.8 10.8 10.8 10.8 10.8 10.8 10.8 10.8 10.8 10.8 11.5 10.6667 10.6667 11.5 11.5 11.5 11.5 10 
10.5 10.5 10.2857 10.2857 10.2857 10.2857 9.83333 9.83333 10.4 10.75 10.75 10.75 10.75 10.75 10.75 10.75 11 11 11 11 11 9.5 9.5 9.5 9.5 9.5 9.5 11 
10.5 11.3333 11.3333 12 12 12 12 12.25 12.25 12 12 12 12 12 12 12 12 12 12 12 14 14 14 14 14 14 14 14 
10.5 10.2857 10.2857 10.8333 11 11 11 11 11 11 11.5 11.5 11.5 11.5 11.5 11.6667 11.6667 11.6667 8 8 8 8 8 8 8 8 
10.5 10.5 10.5 10.2857 10.2857 10.2857 10.8333 10.8333 10.8333 11 11 11 11.5 11.5 11.5 11.5 11.5 11.5 10.6667 10.6667 10.6667 10.6667 10.6667 9.5 9.5 8 
10.5 10.1429 10.1429 10.1429 10.1429 10.1429 9.83333 9 9 9 9 10.5 10.5 10.5 11 11 11 
10.5 10.5 10.5 10.5 10.5 10.5 10.5 11 11 11 11 11 11.3333 11.3333 11.3333 10.8 10.8 10.8 10.25 10.25 10.25 9.66667 9.66667 9.66667 9.66667 9 8 8 
10.5 10.5 10.5 10.5 10.5 10.5 10.5 10.5 10.5714 10.5714 10.3333 10.3333 10.3333 9.6 9.6 9.6 10 10 10 11 11 11 11 11 11 11 11 13 
10.5 10.5 10.2857 11.4 11.4 11.4 11.4 11.4 11.75 11 11 11 11 11 13 13 13 13 13 13 13 13 
10.5 10.5 10.5 10.2857 10.2857 10.2857 9.66667 9.4 9.4 10 10 10 10.6667 10.6667 11.5 10 10 10 
10.5 10.5 11.5 11.5 11.8 12.5 12.5 12.6667 12.6667 12.6667 12.6667 12.6667 12.6667 12.6667 12.6667 12.6667 13.5 14 14 14 14 14 14 14 14 
10.5 10.5 10.2857 10.2857 10.2857 10.2857 10.2857 10.8 10.8 11.5 11.5 11.5 11.5 12 12 12 12 12 12 12 12 11 11 13 13 13 13 
10.5 10.1429 10.1429 10.1429 10.1429 10.1429 10.1429 10.1429 10.1667 10.1667 10.1667 10.1667 10.1667 10.1667 10.8 10 10 10 10 9.33333 9.5 9.5 9.5 11 11 11 11 
10.5 10.5 10.5 10.5 10.5 10.5 10.7143 10.7143 10.7143 10.7143 10.7143 10.7143 10.7143 10.7143 10.7143 10.6667 10.6667 10.4 10.4 10.5 10.5 11.6667 11.6667 11.6667 11.6667 11 11 8 
10.5 10 10 10 10 9.5 10 10 10 10 10.5 10.5 10.5 10.5 10.5 10.5 10.5 10 10 10 10 10 9.5 9.5 9 9 9 
10.5 10.4286 10.4286 10.4286 10.4286 10.4286 10.4286 10.4286 10.4286 10.5 10.5 10.5 9.8 9.8 9.25 8 8 8 8 8 8 8 8 8 8 
10.5 10.5 10.5714 10.5714 11.6 11 11 10.3333 10.3333 10.3333 10.3333 10.3333 10.3333 10.3333 11.5 12 12 12 12 12 12 
10.5 10.5 10.5 10.5 10.5 11.3333 11.3333 11.4 11.4 11.4 12.25 13 13 13 13 13 13 12.5 12.5 12.5 12.5 12.5 12.5 13 13 
10.5 10.1429 10 10 11 11 11 11.3333 11.3333 11.3333 11.3333 11.3333 11.3333 11.3333 11.3333 11.3333 10 10 10 12 12 12 12 12 12 12 12 12 
10.5 10.5 10.4286 10.4286 10.4286 10.4286 9.83333 9.83333 9.83333 9.2 9.2 9.2 9 8 8 8 8.5 8.5 8.5 8.5 8.5 9 
10.5 10.5 10.4286 10.5 11.2 11 10 10 10 10 10 10 10 10 10 10 10 10 10 10 10 10 10 10 10.5 10.5 13 
10.5 10.5 10.5 11 11 11 10.5 10.6 10.5 10.5 10.5 9.66667 9.66667 9.66667 10 10 10 12 12 12 12 12 12 12 12 12 12 12 
10.5 10.5 10.2857 10.2857 10.2857 10.2857 10.8333 10.8333 10.8333 10.8333 10.8333 10.4 9.5 9.66667 10.5 10.5 11 11 11 11 
10.5 10.5 10.5 10.7143 11.3333 11.3333 11.3333 11 10.75 11.6667 11.6667 11.6667 11.6667 11.6667 12 12 12 12 12 12 12 12 10 10 
10.5 10.5 11.3333 11.2 11.2 11.2 11.2 12 12 11.3333 11.5 11.5 11.5 11.5 13 
10.5 10.2857 10.2857 10.2857 10.2857 9.83333 10.2 10.2 10.2 10.25 10.25 10.25 10.25 10.25 12.5 12.5 12.5 12.5 12.5 12.5 12.5 12.5 14 14 
10.5 10.5 10.5 10 10 10 11 11.5 11.5 11.5 11.5 11.5 11.5 11.5 11.5 12 12 12 12 12 12 12 12.5 12.5 13 13 
10.5 10.5 10.5 10.5 10.1429 10.1429 10.1429 10.6667 10 10 10 10 10 10 10 9.5 9.33333 9.33333 9.33333 10 10 10 10 10 10 11 11 11 
10.5 10.5 10.5 10.5 10.5 10.5 11.5 11.5 11.5 11.5 11.4 11.4 12 12 11.6667 11.6667 11.6667 11.6667 11.6667 11.6667 11.6667 12 12 14 
10.5 11.3333 11.3333 11.3333 11.3333 11.3333 11.3333 11.3333 11 11 11 11 11 11 11 11 10.25 10.25 11 11 11 11 11 11 11 11 10 10 
10.5 10.5 10.5 10.5 10.5 10.5 10.5 10.5714 10.5714 10.5714 10.5714 11.8 12.5 12.5 12.5 12.5 12.5 12.5 12.5 12.5 12 12 13 
10.5 10.5 10.5 10.5 11.5 11.2 11 11 11 11 11 11 11 11 11 11 11 11 11 11 11 11 9.5 10 10 
10.5 10.5 10.5 10.5 10.1429 10.1429 10.1429 10.1429 10.1429 10.1667 10.8 10.8 10.8 10.8 11.25 11 11 9.5 8 8 8 
10.5 10 10 10 10 10 9.5 9.5 9.5 10 10.25 10.25 10.25 10.25 10 10 10 10 10 10 11 12 12 12 12 12 12 12 
10.5 10.5 10 10 10 10 11 11 11 11.3333 11.3333 11 11 11 11 11 9 9 9 9 9 9 9 9 
10.5 10.5 10.5 10.2857 10.2857 10.2857 10.2857 10.2857 10.2857 10.5 12 11.3333 11.3333 11.3333 11.3333 11.3333 11.3333 11.5 11.5 13 13 13 13 13 
10.5 10.5 10.5 10.4286 10.4286 10.4286 10.4286 10.4286 10.4286 10.4286 10.4286 10.4286 10.8333 10.8333 10.8333 10.8333 10.8333 10.2 10.2 11 11 11 11 11 11.6667 11.5 10 
10.5 10.5 10.5 10.5 11.1667 11.1667 11.1667 11.1667 11.1667 11.1667 11.1667 11.6 11.6 11.6 11.6 11.6 11.6 11.6 11.75 11.75 11.3333 11 11 11 11 11 11 8 
10.5 10 10 11 11 11 11 11 11 11 11.6667 11.6667 11.6667 11.6667 11.6667 12.5 12.5 12.5 12 12 12 12 12 
10.5 10.5 10.5 10.5 10.5 10.5 10.5 10.7143 10.7143 10.7143 10.7143 10.7143 10.7143 10.3333 10.3333 10.3333 10.3333 10.3333 11.75 11.75 11.6667 11.6667 12 12 12 10 10 10 
10.5 11.5 11 11 11 11 11.5 11 11 11 11 11 11 11 11 11 11 12 12 12 12 12 12 12 12 12 
10.5 10.5 11 11 11 11 11 11.5 11.5 11.8 11.8 11.8 11.8 11.8 11.8 11.8 11.8 11.8 11.8 11.8 11.5 10.6667 10.6667 10.5 10.5 10.5 12 
10.5 10.5 10 10.5 10.5 10.2 9.5 9.5 9.5 9.5 9.5 9.66667 9.66667 9.5 9.5 9.5 9.5 11 11 11 11 
10.5 10.5 10.5 10.4286 10.4286 10.1667 10.1667 10.1667 10.2 10.2 10.2 10.2 10.2 10.2 10.2 9.25 9.25 9.25 10 10 11 9 9 9 
10.5 11.5 11.5 11.5 11.5 11.5 11.5 11.5 11.5 11.5 11.4 11.4 11.4 11.5 11.5 11.5 11.5 12 12 12 12 11.5 11.5 11.5 14 
10.5 10.5 10.5 10.5 10.5 10.5 11 11 10.6667 10.6667 10.6667 10.6667 10.6667 11.2 11.2 11.25 10.3333 10.3333 10.3333 10.3333 10.3333 10.3333 10.5 10.5 12 12 12 12 
10.5 10.5 10.5 10.5 10.5 10.5 10.5 11 11.1667 11 11 11 11.5 11.5 9.5 9.5 9.5 11 11 11 11 11 11 
10.5 10.5 10.2857 10.1667 10.1667 10.1667 10.1667 10.8 10.8 10.8 10 10.6667 10.6667 11 11 11 11 11 11 11 13 13 13 13 
10.5 10.5 10.5 10.1429 10.1429 10.1429 10 10.6 10.6 10.75 10.75 10.75 10.75 10.3333 10.3333 10.3333 10.3333 10.3333 10.3333 10.3333 10.3333 8.5 8 
10.5 10.5 10.5 10 10 10 10 10 10 9.66667 9.66667 9.4 9.25 9.25 9.25 10 10 10 11 11 11 11 11 11 11 9 9 9 
10.5 10.5 11.3333 11.3333 11.3333 11.3333 11.3333 11.4 11.4 11.4 10.75 10.75 10.75 10.75 10.75 11 11 11 12.5 12.5 12.5 12.5 12 12 12 12 12 
10.5 10.5 10.2857 10.2857 10.1667 10.4 10.4 10.4 10.4 10.4 10.4 10.4 10.4 11.25 11.25 11.25 9 10 
10.5 10.5 10.5 11.5 11.5 11 11 11 10.5 10.5 10 10 10 10 10 10 10 10 10 10.5 10 10 10 
10.5 10.4286 10.4286 10.4286 11 11 11 11 11.4 11.4 11.4 11.4 11.4 11.4 11.4 11.4 11.4 11.25 11.25 11.25 11.25 10.6667 12 10 10 10 10 10 
10.5 11 11 11 11 11 11 11 11.6 11.6 11.6 11.6 11.6 11.6 11.6 12.25 12.25 12.25 12.25 12.25 12.25 12.3333 12 14 14 14 
10.5 10.5 10.1429 10.1429 9.5 9.5 9.6 9.6 9.6 9.5 9.5 9 9 10 10 10 10 10 10 10 10 10 10 10 12 12 
10.5 10.4286 10.4286 11 11 10.6 10.6 10.6 10.6 10.6 11 12 12 12 12 12 12 12 12 12 14 14 14 14 14 14 14 
10.5 10.5 10.5 10.5 10.5 10.5 10.5 10.5 11 11.1667 11.1667 11.8 12.5 12.5 13 13 13 13 13 13 14 14 14 14 14 14 14 14 
10.5 10.5 10.5 10.5714 10.1667 10.1667 10.1667 10.1667 10.1667 10.1667 11.5 11.5 11.5 11.5 11.5 10.6667 10.6667 11.5 11.5 11 11 11 11 11 11 11 11 
10.5 10.5 10.4286 10.4286 10.4286 10.4286 11 11 11 11 11 11.2 12 12 12 11.3333 11.3333 10.5 10.5 9 9 9 9 9 
10.5 10.4286 10.4286 10.4286 9.83333 9.83333 9.8 10.5 10.5 10.5 10.5 10.5 10.5 11 11 11 11 11 11 11 11 11 12.5 12.5 12 12 12 
10.5 10.5 10.4286 11.4 11.4 11.4 11.4 11.4 11.25 11.25 10.3333 10.5 10.5 10.5 10.5 10.5 10.5 10.5 10.5 10.5 10.5 10.5 10.5 10.5 8 8 
10.5 10.5 10.5 10.5 10.5 10.5 10.7143 10.7143 10.7143 10.7143 10.1667 10.1667 10.1667 10.8 10.8 10.8 10.8 10.8 10.8 11 11 11 11 11 12.5 13 
10.5 10.5714 10.3333 11 11 11 11 11 11 11 11 11 11 11 11 11 10.3333 11.5 11.5 11.5 11.5 11.5 9 9 9 9 
10.5 10.2857 10.2857 10.2857 10.2857 10.2857 10.2857 10.2857 10.2857 9.83333 9 9.25 9.25 9.25 9.25 9.25 10 10 10 10.5 11 11 11 11 11 11 11 
11 11 11 11 11 11 11 11 10.6 10.6 11.25 12 12 12 10 10 10 10 10 10 10 
11 11.3333 11.3333 11.3333 11.4 12.25 12 12 12 12 12 12 12 12 12 12 12 12 12 10 10 10 10 
10.5 10.5 10.5 10.5 11.5 11.5 11 11 11 10.5 11 11.5 11.5 11.5 11.5 11.5 11.5 11.5 11.5 11.5 11.5 11.5 11.5 11.5 12 12 12 
10.5 10.5 10.5 10 10 9.83333 9.83333 9.83333 10 10 10 10 10 10 11.6667 11.6667 11.5 11.5 11.5 11.5 13 13 13 13 13 13 13 
10.5 10.5 10 10 10 10 10 10.6 10.6 10.6 10.6 10.6 10.6 10.6 10.5 10.5 10.5 10.5 10.5 10.5 11 12.5 12.5 12.5 12.5 12.5 12.5 13 
10.5 10.5 11.3333 11.3333 11.3333 11.3333 11.3333 11.3333 11.2 11.2 12 12 11.6667 11.6667 12.5 12.5 11 11 11 11 11 11 11 11 11 
10.5 10.5714 10.5714 11.1667 11.1667 11.1667 11.1667 11.1667 11.1667 11.1667 11.1667 10.8 10.8 11.25 11.25 11.25 10.3333 10.3333 10 12 12 12 
10.5 10.5 10.1429 10.1429 11 11 11 11.25 11.25 11.25 11.25 11.25 11.25 11 11 12.5 12.5 12.5 12.5 11 11 11 11 11 
10.5 10.1429 10.1429 10.1429 10.6667 10 10 10 10 9.5 9.5 9.5 9.5 9.5 9.5 9.5 9.5 9.5 9.33333 8.5 8.5 8.5 8 8 8 8 8 
10.5 10.5 10.5 10.5 11.5 11.6 11.6 11.5 12.3333 12.3333 12.3333 12 12 12 12 12 12 12 12 12 12 12 12 12 14 14 
10.5 10.5 10.1429 10.1667 11.5 11.5 11.5 11.6667 11.6667 11.6667 11.6667 11.6667 11.6667 11.6667 10.5 10.5 12 12 12 12 12 12 12 12 12 12 
10.5 10.5 10.5 10.5 10.5 10.5 10.5 10.5 11 10.6667 10.6667 10.6667 11.2 11.2 11.2 11.2 11.75 11.75 12 13 13 13 13 13 13 12 
10.5 11 11 11 10.5 10.2 10.2 10.2 10.2 10.2 10.2 10.2 10 10.3333 10.3333 10.3333 10.3333 10.3333 10.3333 10.3333 10.3333 9 10 10 10 10 10 10 
10.5 10.5 10.5 10.5 10.5 10.5 11 11 11.1667 11.1667 11.1667 11.1667 11.1667 11.6 11.6 11.6 11.6 11.6 11.5 11.5 11.5 10.6667 10.6667 10.6667 10.6667 9.5 11 11 
10.5 11 11 11 11 11 11 11.4 11.4 10.75 10.75 10.75 10.3333 10.3333 10.5 10.5 10.5 8 8 8 8 8 8 8 
10.5 10.5 11.5 11.5 11.5 11 11 11.6667 11.6667 11.6667 11.6667 11.6667 11.6667 11.6667 11.6667 12.5 12.5 12.5 12 12 12 12 12 12 12 12 12 
10.5 10.2857 10.2857 11.2 11.2 11.2 11.2 11.2 11.25 11.25 11.25 11.25 11.25 11.25 11.25 11.25 11.25 10.6667 9 9 9 9 10 10 10 
10.5 10.2857 10.2857 10.3333 10.3333 11 11 11 11 11 11 11.75 11.75 11.75 11.75 11.75 11.75 11.3333 11.5 11.5 11.5 14 14 14 
10.5 10.4286 10.4286 10.4286 10 10 10.6 10.6 10.6 11.25 11.25 10.3333 10.3333 10.3333 10.3333 10.5 9 9 9 9 9 9 9 
10.5 11 11 11 11 11 11 11 11 11 11 11.4 11.4 11.75 11.75 11.75 11.75 11 11 10.5 10.5 8 8 8 8 8 8 8 
10.5 10.5 10.5 10.5 10 10 10.5 10.5 10.5 10.5 10.5 10.8 10.8 10.5 11.3333 11.3333 10.5 10.5 10.5 10 10 10 
10.5 10.5 10.5 10.5 10.5 11.5 11.6 11.6 11.6 11.6 11 11 11 11 11 11 11 10.3333 11 11 11 11 11 11 12 
10.5 10.5 10.5 10.5 10.5 10.5 10.5 10.5 10.5 11 11 11 11 11 11 11 11 11.5 11.2 11.75 11.75 11.75 11.6667 12 14 14 
10.5 11 10.6667 10.4 10.5 10.5 10.5 10.5 10.5 10.5 10.5 10.5 10.5 10.5 10.5 9.33333 9.33333 9.33333 9.33333 9.33333 9.5 9.5 11 11 11 
10.5 10.2857 10.2857 11.4 10.75 10.75 10.75 10.75 10.75 10.75 10 10 10 10 10 10 10 10 10 10 9.5 9.5 9.5 9 9 9 9 9 
10.5 10.5 10.5 10.5 10.5 11.5 11.5 11.5 12 12 12 12 12 11.6667 10.5 11 11 11 11 11 12.5 12.5 12.5 14 14 
10.5 11.3333 11.3333 11.3333 11.3333 11.3333 11.3333 11.4 11.4 11.4 11.4 11.4 11.4 11.4 11.4 11.4 11.4 11.4 11 11 12 11 10 
10.5 10.5 10.5714 10.5714 10.5714 10.5714 11.1667 11.2 11.2 10.75 10.75 10.75 9.66667 9.66667 8.5 9 9 9 9 9 9 9 9 9 9 
10.5 10.5 10.5 10.5 10.5 11 10.8333 11.2 11.2 11.2 10.75 10.75 9.66667 9 9 9 9 9 8 8 8 8 
10.5 10 9.83333 9.83333 9.83333 9.83333 9.83333 9.83333 9.83333 9.83333 9.83333 9.83333 9.83333 9.83333 9.83333 9.8 9.8 9.8 10.5 10.5 9.66667 8.5 8.5 8.5 9 9 9 9 
10.5 10.5 10.5 10.5 10.5 11 11 11.3333 11.3333 11.4 11.4 12.25 12.25 12.25 12.25 12.3333 11.5 11.5 11.5 11.5 11.5 11.5 11.5 13 13 13 13 13 
10.5 10.5 10.5 10.5 10.5 10.5 10.5 10.7143 10.7143 10.7143 11.1667 12 12.25 12.3333 12.3333 12.3333 12.3333 12.3333 12.3333 13.5 13.5 13.5 13.5 13.5 13.5 13 13 
10.5 10.5 10.5 10.5 10.4286 11 11 11.4 11.4 11.4 11.4 11.4 11.4 11.4 11.25 11.25 11.25 11.25 11.25 11.25 12.3333 12.3333 12.3333 13.5 14 
10.5 11.5 11.4 10.75 10.75 10.75 10.75 10.75 10 10 10 10 10 10 10 10 10 10 10 10 10 9.5 9.5 9.5 9.5 9.5 10 
10.5 11.3333 11.3333 11.3333 11.3333 11.3333 11.2 11.2 10.75 10.6667 10.6667 10.6667 10.6667 10.6667 10.6667 10.6667 9 9 10 10 10 
10.5 10.1429 10.1429 10.1429 9.83333 9.83333 9.83333 9.83333 9.83333 9.83333 9.6 10.25 10.25 9 9 9 9 8.5 8.5 8.5 8.5 8.5 8.5 9 9 9 9 9 
10.5 10.5 10.5 10 10 10 10 10.5 10.6 10.6 10.6 10.6 10.6 10.6 10.6 11 11 12 12 12 12 12 12 11 11 11 11 11 
10.5 10.5 10.5 10.5714 10.5714 10.5714 11.8 11.8 11.8 11.8 11.8 11.8 11.8 11.8 11.8 11.8 11.8 11.8 11.8 11.8 11.8 11.8 11.8 11.25 11 10 10 9 
10.5 11.5 11.5 11.5 11.5 11.5 12 12 12 12 11.75 11.6667 11.6667 11.6667 11.6667 11.6667 11.6667 11.6667 12.5 14 
10.5 10.5 10.5 10.5 10.2857 10.2857 10.2857 10.2857 10.2857 10.2857 10.8333 10.8333 10.8333 10.8333 10.8 10.8 10 10.6667 11.5 11.5 11.5 11.5 11.5 11.5 11.5 11.5 10 
10.5 10 10 10 11 11.25 11.25 11.25 11.25 11.25 11 12 12 12 12 12 12 12 12 12 12 12 13 13 
10.5 11.3333 11.3333 11.3333 11.3333 11.3333 11 10.25 10.25 10.25 10.25 10.25 10.25 10 10 10 9 9 9 9 9 10 10 10 10 10 10 
10.5 11.5 11.5 11.5 11.5 11.5 11.5 11.5 11.5 11.5 11.8 11.8 11.8 11.8 11.8 11.75 11.75 12.6667 12.6667 12.6667 12.6667 12.6667 12.6667 12.6667 12.6667 12 11 
10.5 10.5 10.5 10.5 10.5 10 10 10 10 10 10 10 10 9.5 9.5 9.5 9.2 9.2 9.2 10 11 11 11 11 10 
10.5 10.5 10.5 10.5 10.5 11.3333 11.3333 11.3333 11.2 11.2 11.2 10.75 10.75 9.66667 9.66667 9.66667 9.66667 9.66667 9.66667 10.5 10.5 11 11 
10.5 10.5714 10.5714 10.5714 10.3333 10.3333 10.3333 11 11 11 11 11 11 11 11 11.5 11.5 11.5 11 11 11 11 12.5 11 11 
10.5 10.5 10.5 10.5 11 11.1667 11.1667 11.1667 11.6 11.6 11.6 11.6 11.6 12.5 12.5 12 12 12 12 12 12 12 12 12 12 12 12 11 
10.5 10.5714 10.3333 11.5 11.5 11.5 11.5 11.5 11.5 11.5 11.5 12.6667 12.6667 12.6667 12.6667 12.6667 12.6667 12.6667 12.6667 12 12 12 12 11 11 
10.5 10.5 10 11 11 11 11 11 11 11 11 11 10.3333 10.3333 10.5 10.5 10.5 10.5 12 12 12 12 
10.5 10.5 10.5 10.5 10.5 10.5 11 11.3333 11.3333 11.3333 10.8 10.8 10.8 10.75 10.75 10.75 10.3333 10.3333 10.3333 10.3333 10.3333 10.5 10.5 10.5 10.5 13 13 13 
10.5 10.5 10.5 11 11 11.5 11.5 11.5 11.5 11.2 11.2 11.2 11.2 11.2 10.5 10.5 10.5 10.5 10.5 10.5 10 10 9.5 9.5 10 10 
10.5 10.5 10.5 10.5 10.8571 10.8571 10.8571 11.5 11.5 11.5 11.5 11.5 11.2 11.2 11.2 11.2 11.2 11.2 11.2 11.2 11 11.3333 11.5 14 14 
10.5 10.5 10.5 10.5 10.5 10.5 10.5 10.5 10.5 10.5 10.5 10.5 10.4286 10.4286 10.1667 10.1667 9.4 9.4 9.25 9.33333 10.5 13 13 13 13 
10.5 10.5714 10.5714 11.8 11.8 11.8 11.5 11.5 11.5 11.5 12.3333 12.3333 12.5 12.5 12.5 12.5 12.5 12.5 11 11 11 11 11 11 
10.5 10.5 10.5 10.5 10.5 10.4286 10.4286 11.6 11.6 11.6 11.6 11.6 11.5 11.5 11.5 10.6667 10.6667 10.6667 9.5 10 10 10 
10.5 10.5 10.5 10.5 10.5 11 11 11 11 11 11.5 11.6 12.25 12.25 13 13 13 13 13 13 14 
10.5 10.5 10.5 10.5 11.3333 11.2 11.2 10.5 10.6667 10.6667 10.5 10.5 10.5 10.5 10.5 10.5 8 8 8 8 8 8 8 8 8 8 8 
10.5 10.5 10.5 11.3333 11.3333 11.3333 10.8 11 11 11 11 11 11 10.5 10.5 10.5 10.5 10.5 10.5 10.5 8 8 
10.5 10.5 10.5 10.5 10.5714 10.5714 10.5714 11.1667 11 11 11 11 10.3333 10.3333 8.5 8.5 8.5 8.5 8.5 8.5 8.5 8.5 8 8 8 
10.5 10.5 10.5 11.1667 11.8 11.8 11.25 11.25 11.25 11.25 11.25 11.25 11.3333 11.3333 11.3333 11.3333 10.5 10.5 10.5 10.5 10.5 10.5 10.5 10.5 9 9 9 9 
10.5 10.5 10.5 10.5 10.5 10.5 10 10 10 9.5 9.5 9.5 9.5 9.6 9.6 9.6 9.6 9.5 11.5 11.5 11.5 11.5 11.5 11 11 11 
10.5 10.1429 10.1429 10.1429 10.1429 10.1429 11 11 11 11.25 11.25 11.25 11.25 11.25 10.3333 10.3333 10.3333 10 10 10 10 8 8 8 8 8 
10.5 11.5 11.5 11.5 11.5 11.5 11.5 12 12 12 12 12 12 12 12 12 12.3333 12.3333 12.3333 12.3333 12.3333 12.3333 12.3333 13.5 13.5 13.5 13.5 14 
10.5 10.5 10.1429 11.2 11.2 11.2 11.5 11.5 11.5 11.5 11.5 11.5 11.5 11.5 11.5 11.5 11.6667 11.6667 11.6667 11.6667 10.5 12 
10.5 10.5 10 10 10 10 10 10 10 10 11 11 11 11 10.3333 10.3333 10.3333 10.3333 10.3333 10.3333 10.3333 10.3333 10.3333 11 11 10 
10.5 10.5 10.5 10.5 11 11 11 11 11 11 11 11 10.8333 10.8333 10.8333 10.8333 11.4 11.4 11 11 11 10 10 11 11 11 
10.5 10.5 10.5 10.5 10.5 11 11 11 11 11 10.8333 10.8333 11.4 11.75 12.6667 12.6667 12.6667 12.6667 12.6667 13.5 13 13 13 13 13 
10.5 11.5 11.5 11.5 11.5 11.5 11.5 11.6 11.6 11.6 11.6 11.6 11.6 11.6 11.6 11.6 11.25 11 12 12 10 10 10 10 10 10 10 
10.5 10.5 10.5 10.5 10 10 9.83333 9.83333 10 10 10 10 10.75 10.3333 10.5 10.5 10.5 10.5 10.5 10.5 10.5 10.5 10.5 10.5 8 8 
10.5 11 11 11 11.5 11.6 11.6 11.6 11.5 11.5 11.5 11.5 9.5 9.5 9 9 9 9 9 
10.5 11.3333 10.8 10.8 10.8 10.8 11.5 12 12 12 12 12 12 12 12 12 12 12.5 12.5 12.5 13 13 
10.5 10.5 10.5 10.5 10.5 10.5 10.1429 10.1429 10.3333 11.75 11.75 12 12 12 13 13 12 12 12 12 12 12 12 12 12 12 12 
10.5 10.5714 10.5714 11.1667 11.1667 11.1667 11.1667 11.1667 11.1667 11.1667 11.6 11.6 11.5 11.5 11.5 11 11 12.5 11 11 11 11 
10.5 10.5 11.5 11.5 11.5 11.5 11.5 12 12 12 11.5 11.5 11.5 11.5 11.3333 11.3333 11.3333 11.3333 11.3333 10.5 10.5 10.5 10.5 10.5 10.5 11 
10.5 10.5714 10.5714 10.5 11.2 11.2 11.2 11.2 11.2 11 11 11 11 12 12 12 12 12 12 12 13.5 13.5 13.5 13.5 13.5 14 
10.5 10.5 10.2857 9.83333 9.83333 9.83333 9.83333 9.83333 9.83333 9.83333 9.83333 9.83333 10.4 10.4 10.4 10.4 10.4 9.5 9.5 10 9.5 9.5 10 10 10 10 
10.5 10.5 10.5 10.5 10.5 11.3333 11.3333 11.3333 11.3333 11.3333 11.3333 11.3333 11.4 11.4 11.4 11.4 11.4 11.4 11 11 11.3333 11.3333 11.3333 11 11 8 8 8 
10.5 10.5 10.2857 10.2857 10.2857 10.2857 10.1667 10.8 10.8 10.8 11 11 11 11 11 11 11 10 10 8.5 8.5 8.5 8.5 8.5 8.5 8.5 8.5 8 
10.5 11.3333 11.3333 11.3333 11.3333 11.6 11.6 11.6 11.5 11.5 11.5 11.5 10.6667 10.6667 9.5 9.5 9.5 9.5 11 11 11 11 11 11 11 11 11 
10.5 10.5 10.1429 10.1429 9.83333 9.8 10.5 11 11 11 11 11 11 12.5 11 
10.5 10.5 10.5 10.5 11 11 11 11 11.1667 11.2 11.2 11.2 10.5 10.5 10.5 10.5 9.66667 9.66667 9.66667 9.66667 9.66667 9.66667 9.66667 9.66667 8.5 8.5 8 8 
10.5 10.5 10.5 10.5 10.5 10.5 10 10 10 10 10.5 10.5 10.5 10.5 10.5 10.5 10.5 10.5 10.5 10.2 9.5 9.66667 10.5 10.5 10.5 10.5 10 10 
10.5 10.5 10.4286 10.4286 10.4286 10.4286 10.4286 10.4286 11 11 10.8 10.8 11.25 11.6667 11.6667 13.5 13.5 13.5 13.5 13.5 13.5 13.5 13.5 13.5 14 14 14 
10.5 10.5 10.5 10.5 10.5 10.5 11 11.5 12 12 12.25 12.25 12 12 12 13 13 13 13 13 13 13 13 13 13 14 14 
10.5 10.5 10 9.66667 9.66667 9.66667 9.66667 9 9 9 9.5 9.33333 9.33333 9.33333 9.33333 9.5 9.5 9.5 9.5 9.5 11 
10.5 10.5 10.5 10.5 11 11 11.5 11.5 12 12 11.5 11.5 11.5 11.5 11 11.5 11.5 11.5 11.5 11 
10.5 10.4286 10.4286 10.4286 10.4286 11 11 11.4 11.4 11 11.3333 11.3333 11.3333 11.3333 11.3333 13 13 13 13 13 13 12 12 
10.5 10.5 10.5 10.5 11 11.5 11.5 11.5 11.5 11.5 11.5 11.5 11.5 11.5 11.2 11 11 11 11 11 11 10 10.5 10.5 10.5 10 10 10 
10.5 10.5 10.5 10.5 10.5 11 11 11 11 11 11 11 11 10.6 10.6 10.25 10.3333 11 14 14 14 14 14 14 14 14 
10.5 10.5 10.1429 10.1429 10.1667 11.25 11.25 12.3333 12.3333 12.3333 12.3333 12.3333 12.5 12.5 12.5 12.5 11 11 11 11 11 
10.5 10.5 10.5 10 9.83333 9.8 9.8 9.8 10.5 11 11 11 11 10 10 12 12 12 12 12 12 12 12 12 
10.5 10.5 11.3333 11.2 11.2 11.2 12 12 11.6667 12 12 12 12 12 12 12 12 12 12 12 10 10 10 
10.5 10.5 10.5 11.1667 11.1667 10.8 10.8 10.8 10.8 10.8 10.8 10.8 10.8 10.5 10.5 10.5 10.5 11 11 11 11 8 
10.5 10.5 10.5 10.5 10.2857 10.2857 10.2857 10.2857 10.2857 10.2857 10.2857 10.8333 11.4 11.4 11.5 11.5 11.5 11.5 11.5 11.5 10.6667 11.5 13 13 13 13 13 13 
10.5 10.5 10.5 10.1429 10.1429 9.5 9.5 9.5 9.2 9.2 10 10 10 10 10 10 10 10 11 11 11 10 10 
10.5 11.3333 12 12 12.25 12.25 12.25 11.6667 11.6667 11.6667 11.6667 11.6667 11.6667 11.6667 11.6667 11.6667 11.6667 11.6667 11.6667 11.6667 11.6667 11.6667 11.6667 12.5 12.5 12.5 13 
10.5 10.5 10.5 10.5 10 10 9.83333 9.83333 9.83333 9.83333 9.83333 9.83333 9.83333 10.4 10.5 10.5 11 11 11 12.5 12.5 12.5 12.5 13 13 
10.5 10.5 10.5 11.3333 12 12 12 12 12 12 11.5 11.5 11.5 11 11.5 11.5 11.5 11.5 11.5 11 11 11 11 11 11 11 
10.5 10.1429 10.1429 10.1429 11 11 11 11 11.75 11.75 11.75 11.75 11.75 11.75 11.75 11.75 11 11 11 11.5 12 12 12 
10.5 10.2857 10.2857 10.2857 11.4 11.75 11.3333 10 10 10 10 11 11 11 11 11 11 11 
11 11.3333 11.3333 11.3333 11.3333 11.6 11.6 11.6 11.6 11.5 11.5 11.5 11.5 11.5 11.6667 11.6667 11.6667 11 11 11 11 11 8 8 8 8 8 
11 11 11 11 11 11 11 11 11 11 11 11.6 11.6 11.6 11 11 11 11 11 11 11 10.3333 10.3333 10.3333 10.3333 11 12 12 
10.5 10.5 10.1429 10.1429 10.1429 11 11 11 11 11 11 11 11 11 11 11.75 11 10.5 10.5 10.5 10.5 10.5 10.5 10.5 10.5 11 
10.5 10.5 10.5 10.5 11.3333 11.3333 11.3333 11.3333 11.3333 11.3333 11.2 11.2 11.2 12 12 12.3333 12.3333 12.3333 12 14 14 14 14 14 14 14 
10.5 10 10 10 10 10 10 9.5 9 9 9.5 9.5 10 10 10 10 9 9 9 9 9 
10.5 10.5 10.5 10.5 10.5 11 11 11 11 11.3333 11.3333 11.3333 10.8 10.8 10.8 10.25 10.25 11 11 11.5 11.5 11.5 12 12 12 12 12 12 
10.5 11.3333 11.3333 11.3333 11.3333 11.3333 11.3333 11.4 11.4 11.4 11.4 11.4 11 10.6667 10.6667 10.6667 12 12 12 12 12 12 10 10 
10.5 10.5 10.5 11 10.5 10.5 10.5 10.5 11 11 11 11 11 11 11 11 11 11 11.3333 11.3333 11.3333 11.3333 11.3333 12.5 13 
10.5 10.5 11.5 11.4 11.4 11.4 11.4 11.4 11.4 11.4 11.4 11.4 11.4 11.4 11.4 11.4 11.4 11.4 12 12.6667 12.6667 13.5 13.5 14 14 14 14 
10.5 11 11 11.1667 10.8 10.5 10.5 10.5 9.33333 9.33333 9.33333 9.33333 9.33333 9.33333 9.33333 8.5 8.5 8.5 8.5 8.5 8.5 9 9 
10.5 10.5 10.5 10.7143 10.7143 11.3333 11.3333 11.3333 11.3333 11.3333 11.3333 11.2 12 12 12.6667 12.6667 12.6667 12.6667 12.6667 12.6667 12.6667 13.5 13.5 13.5 13 
10.5 10 10 10.5 10.5 10.4 10.5 10.5 10.5 10.5 10.5 11 11 11 11 11 11 11 12.5 12.5 12.5 12.5 12.5 12.5 13 
10.5 11.3333 10.8 10.8 10.8 10.8 10.8 10.8 10.8 10.25 11 11 11 11 11 11 11 11 11 11 12 12 12 
10.5 11.5 11.5 11 10.5 10.5 10.5 10.5 10.5 10.5 10.5 10.5 10.5 10.5 10.5 10.3333 9.5 9.5 9.5 9.5 9.5 9.5 9.5 9.5 9.5 9 9 9 
10.5 10.5 10.5 10.5 10.1429 10.1429 10 10.75 10.75 10.75 10.75 10.75 10.75 10.75 10.75 10.3333 10.3333 11.5 11.5 11.5 11.5 9 9 9 9 
10.5 10.5 10.5 10.5 10.5 10.5 11 11 11 11 11 10.8333 11 11.75 11.75 11.75 11 12 12 12 12 11 11 
10.5 10.5 10.5 10.5 10.5 11 11 11 11 11 11.6 11.6 11.6 11.5 11.5 10.6667 11.5 11.5 13 
10.5 10.5 10.5 10.5 10.5 10.5 11.3333 11.3333 10.8 10.8 10.8 10.8 10.8 10.8 10.8 10.8 10.25 10.3333 10.3333 10.3333 10.3333 10.3333 11.5 11.5 11.5 11 11 
10.5 10.5 10.5 10.5 10.5 11 11 11 11 11 10.6667 11 11 11.25 11.25 11.25 11.3333 11.3333 11.3333 13 13 12 12 12 12 
10.5 10.2857 10.2857 10.3333 10.3333 9.8 8.75 8.75 8.75 8.75 8.75 8.75 8.75 8.75 8.75 8.75 8.75 9.33333 9.33333 8.5 8.5 8.5 8.5 8.5 8 
10.5 10.5 10.5 10.5 10.5 10.5 10.1429 10.5 10.5 10.5 10.4 11.25 11 11 11 11 11 9.5 9.5 9.5 9.5 9.5 9 9 9 9 
10.5 10.5 11.5 11.5 11.5 11.5 11.5 11.5 11.8 11.8 11.8 11.8 11.8 11.8 11.75 11.75 11.75 11.75 11.75 11.75 11.75 11.75 11.3333 12.5 11 11 11 11 
10.5 10.5714 10.5714 10.3333 10.3333 10.2 10.2 10.2 10.2 10.2 10.2 10.2 12 12 12 12 12 12 12 12 12 12 13.5 13.5 13.5 13 13 13 
10.5 11.5 11.5 11.5 12 12 12 11.5 11.5 11.5 11.5 11.5 11.5 11.5 11.3333 11.3333 11.3333 11.3333 10.5 10 10 10 10 10 10 10 
10.5 10.5 10.5 10.5 11.1667 11.6 11.6 11.6 11.6 11.6 11 11 11 10.6667 10.6667 9.5 9.5 9.5 9.5 9.5 8 8 8 
10.5 11.3333 11.3333 11.6 11.6 11.6 11.6 11.6 11.6 11.6 11.6 11.75 11.75 11.75 11.75 11.75 11.75 11.75 11.75 11.75 11 11 11 12.5 12.5 13 
10.5 11 11 11.3333 11 11 11.75 11.75 11.75 12.3333 12.3333 12.3333 13 13 13 13 13 12 12 
10.5 10.5 10.4286 10.4286 10.4286 11 11 11 11 11 11 10.4 10.4 10.4 10.75 10.75 10.3333 10.3333 10.3333 10.3333 10.3333 9 9 9 10 10 10 
10.5 10.5 10.2857 10.2857 10.2857 10.2857 10.2857 10.2857 10.2857 10.2857 11.2 11.2 11.5 11.5 11.5 11.5 11.5 11.5 11.5 11.5 12.6667 12.6667 12.5 12.5 12.5 12.5 11 11 
10.5 10.5714 10.5714 11.1667 11.1667 11.1667 11 11 11 11.5 11.5 12.6667 12.6667 12.6667 12.6667 12.6667 12 13 13 13 13 13 13 13 13 13 
10.5 10.5 11 10.6667 11.2 11.2 11.2 11.2 11.5 11.6667 11.6667 11.6667 11.6667 11.6667 11.6667 11.6667 11.6667 11.6667 11.6667 11.6667 11.6667 11.6667 11.5 9 9 9 9 
10.5 10.5714 10.5714 10.3333 10.3333 10.3333 10.3333 10.3333 10.3333 10.2 11.6667 11.6667 11.6667 11.6667 11.6667 11.6667 11.6667 10.5 10.5 10.5 10.5 10.5 10.5 10.5 10.5 10.5 10.5 13 
10.5 11.5 11.5 11 11 11 11.5 11.5 11.3333 11.3333 11.3333 11.3333 11.3333 11.3333 11.3333 11.3333 11.3333 11.3333 11.3333 11.3333 11.3333 11.5 11.5 10 10 
10.5 10.5 10.5 10.4286 10.4286 9.83333 9.83333 11 11.3333 10.5 10.5 10.5 10.5 10.5 10.5 10.5 10.5 12 12 
10.5 10.5 10.5 10.5 11 11 11 11 10.6667 10.6667 10.6667 10 10 10 10 10 10.3333 10.3333 9.5 9.5 9.5 9.5 9.5 11 11 11 11 11 
10.5 10.5 10.5 10.5 11 11 11 11.1667 11.1667 11.8 11.5 11.5 11.5 11.5 10.6667 10.6667 10 10 10 11 11 
10.5 10.5 10.4286 11.4 11.4 11.4 11.4 11.4 11.4 11.4 11.4 11.4 11.4 11.4 11.4 11.4 11.4 11.25 11.25 11.25 11.25 11.6667 13.5 13.5 13.5 13.5 14 14 
10.5 10.5 10.5 10 10 9.66667 10.5 10.5 10.5 10.5 10.5 10.5 10.6667 10.6667 10.6667 10.6667 10.6667 10.6667 10.6667 10.6667 10.5 8 8 8 8 8 8 
10.5 10.5 10.5 10.4286 10.4286 11 10.4 10.75 10.75 10.75 10.75 10 10 10 11 11 11 11 12 12 12 12 12 12 12 12 12 
10.5 10.5 10.5 10 10 10 10.2 10.2 12 12 12 12 12 12 12 11.5 11.5 11.5 11.5 11.5 11.5 11 11 11 11 11 11 11 
10.5 10.4286 10.4286 10.1667 9.6 9.6 10.6667 10.6667 11 8 8 8 8 8 8 8 8 8 8 
10.5 10.2857 10.2857 10.2857 10.2857 10.2857 10.8333 10.8333 10.8333 10.8333 10.8333 10.8333 10.8333 10.8333 11.4 11.5 9.5 9.5 9 9 
10.5 10.2857 10.2857 10.6667 10.6667 10.6667 10.6667 10.6667 11.4 11.75 11.75 11.75 11.75 11.75 11.75 11.75 10 10 10 11 11 11 11 11 11 11 
10.5 10.5 10.5 10.5 10.5 11.3333 11.3333 11.3333 11.3333 11.4 11.4 11.4 11 11 11.3333 11.3333 11.3333 11.3333 11.3333 13 13 13 13 13 14 14 
10.5 10.5 11 11.3333 11.3333 11.3333 11.3333 11.3333 11.3333 11.3333 11.3333 12 12.25 12.25 13 13.5 13.5 13.5 13 13 13 13 13 13 13 13 
10.5 10.5714 10.5714 11.1667 11.1667 11.1667 11.1667 11.1667 10.6 10.6 10.6 10.6 10.6 10.6 10.6 10.25 10.25 10.25 10.25 10.25 10.25 11 11 11 11 11 12 11 
10.5 10.5 10.5 10.5 10.5 11 10.8333 10.8333 11 11 11.5 11.5 11.5 12.6667 12.6667 12.6667 12.6667 12.5 12.5 12.5 12.5 14 14 14 14 14 14 14 
10.5 10 10 10 10 10 10 10 9.5 9.5 9.5 10.25 11 11 11 11 11 11 11 11 11 11 12 12 
10.5 10.5 10.5 10.5 10.4286 10.4286 10 9.6 9.6 9.6 10.6667 10.6667 10.6667 10.6667 9 9 9 9 9 9 9 10 10 10 10 
10.5 10.2857 10.2857 10.2857 10.2857 10.2857 10.8333 11.2 11.5 11.5 11.5 11.5 11.5 11.5 11 11 11 11 11 11 11 9.5 9.5 9.5 9.5 9.5 11 11 
10.5 10.1429 10.1429 10 10 9.2 9.2 10 10 10 10 10 10 10 10 10 10 10 10 10 10 10 10 10 8 
10.5 10.5 10.5 10.2857 11.2 11.2 11.2 11.2 11.2 11.2 11.25 10.3333 10.5 10.5 10.5 10.5 10.5 10.5 10.5 10.5 13 13 13 13 13 13 13 
10.5 11 10.6667 10.8 10.5 10.5 10.5 10.5 10.5 10.5 10.5 10.5 10.5 10.5 10.5 9.33333 9.5 9.5 11 11 
10.5 10.5 10.5714 10.5714 10.5714 11.1667 11.1667 11.1667 11.1667 11.1667 11.1667 11.1667 11.1667 11.1667 11.8 11.8 11.8 11.5 11.5 11.5 10 10 10 10 10 10 10 9 
10.5 10.5 10.5714 11.1667 11.1667 11.1667 11.1667 11.1667 11.1667 11.1667 11.1667 11.1667 10.6 10.6 10.6 10.25 11 11 11 11 11 9 9 9 
10.5 10.5 10.5 11 10.8333 10.8333 10.8333 10.8333 10.2 10.2 10.2 10.2 10 10.6667 10.6667 10.6667 10.6667 10.6667 9.5 9.5 9 9 
10.5 10.5 10.5 10.5 10.5 10.5 10.5 10.5 10 10 10.4 11.25 11.25 11.25 10.6667 10.6667 10.6667 10.6667 10.6667 10.6667 10.6667 11.5 11.5 11.5 11.5 11.5 11.5 11 
10.5 10.5 10.5 10.5 10.7143 10.8333 10.8333 10.8333 10.8333 10.8333 10.2 10.2 10.2 10.2 10.2 11 11 11 11 11 11 11 10.3333 9.5 9.5 11 11 11 
10.5 11.5 11 11 11 11 11 11 11 11 11 11 11 11 11 11 11 11 11 10.3333 10.3333 10.5 10.5 10.5 9 9 9 
10.5 10.5 10.5 10.5 10.5 10.5 10.4286 10.4286 10.4286 10.4286 10.1667 10.4 10.4 11.25 12.3333 12.3333 12.3333 12.3333 12.3333 12.3333 12 14 14 14 14 14 14 
10.5 10.5 10.5 10.5 11.3333 11.3333 11.3333 11.3333 11.3333 11.2 11.2 11.2 11.2 11.2 10.75 10.75 10.75 10.75 10.75 10.75 10.75 10.6667 11 14 14 14 14 14 
10.5 10.5 10.5 11 11 11 11 11 11 11 11 11 11 11 10.8 10.8 10.8 10.8 11.25 11.25 10.3333 10.3333 10.3333 10.5 8 8 
10.5 10.5 10.1429 10.1429 10.1429 10.5 10.5 10.5 10.8 12.3333 12.3333 12.5 12.5 12.5 12.5 12.5 12.5 12.5 12.5 11 11 11 11 11 11 11 11 11 
10.5 10.5 10.5 10.5 10.5 11 11 11 10.8333 10.8333 11 11 11 11 11 11 11.5 11 11 8 8 8 8 8 8 8 
10.5 10.5 10 10 10 9.5 9.5 9.5 9.5 9.5 9.5 9.5 10 10 10.5 10.5 10.3333 9.5 9.5 9.5 9.5 9.5 9.5 9.5 9.5 10 10 10 
10.5 10.5 11 11 11 11 11 11 10.6 10.6 10.6 10.6 10.6 9.75 9.75 9.75 9.75 9.75 9.75 9.75 9.75 9.75 9.66667 8.5 8.5 8 
10.5 11 11 11 11 11 11 11 11 11 11.1667 11.1667 11.1667 11.2 11.2 11.75 11.75 11 11 11 11 11 11 10 8 8 8 
10.5 10.5 10.5 10.5 10.5 10.5 10.4286 9.83333 9.83333 9.83333 9.83333 9.83333 11 11 11 11 10.6667 9.5 9.5 9.5 9.5 9.5 9 9 9 9 9 
10.5 10.5 10.1429 10.1429 10.1429 10.1429 10.1429 11.2 11.2 11.2 10.5 10.5 10.5 10.5 10.5 10.5 10.6667 10.6667 10.5 9 9 9 
10.5 10.5 11.5 11.6 11.6 11.6 11.6 11.6 11.6 11.6 11.6 11.6 12.25 12.25 11.6667 11 11 11 10 10 10 10 10 10 
10.5 10.2857 10.2857 10.2857 10.8333 11.2 11.2 11.2 11.2 11.2 11.2 11.2 12 12 12 12.6667 12.5 11 11 11 
10.5 10.5 10.5 10.5 10.5 10.5 10.5 10.5 10.5 10.5 10.5 10.5 10.5 10.5 10.5 10.5 11.5 11.5 11.5 11.2 11.2 11.5 11.5 11.3333 11.5 11.5 9 9 
10.5 11 11.1667 11.1667 11.6 11.6 11.6 12.5 12.6667 12.6667 12.6667 12.6667 12.6667 12.6667 12.6667 12.6667 12.6667 12.5 12.5 12.5 12.5 11 11 11 
10.5 10.5 10.5 10.5 10.5 10.5 10.8571 10.8571 10.8571 10.8571 10.6667 10.8 10.8 10.8 10.75 12 11.5 11.5 11.5 9 9 9 
10.5 10.5 10.5 10.5 10 10 9.66667 9.66667 9.8 9.8 9.8 9.8 9 9 8.33333 8.33333 8.33333 8.33333 8.33333 8.33333 8.33333 8.33333 8.33333 8.33333 10 10 
10.5 10.2857 10.2857 10.2857 9.66667 9.66667 9.66667 9.66667 10.5 10.5 10.5 10.5 10.5 10.5 10.5 10.5 10.5 10.5 10.5 10.6667 10.6667 10.6667 10.6667 10.6667 10.6667 10.5 10.5 13 
10.5 10.5 10.5 10.5 10.5 11.3333 11.3333 11.3333 11.3333 11.3333 11 11 11 11 11 12 12 12 12 12 10 10 10 10 10 10 10 
10.5 11 11 11 11 11 11.4 11.4 11.4 11.4 11.4 11.4 11.4 10.75 10.3333 10.3333 10.3333 10.3333 10.5 10.5 10.5 10.5 13 13 13 13 13 13 
10.5 10.5 10.2857 10.8333 10.8333 10.8333 10.2 10.2 9.5 9.5 9 9 9 9 9 9 9 9 9 9.5 9.5 9 9 9 
10.5 10.1429 10.1429 10.1429 11.2 11.2 11 10 10 10 10 10 10 10 9.5 9.5 9.5 9.5 9.5 9.5 9.5 9.5 9 9 
10.5 10.5 10.5 10.5 10.5 10.5 10.4286 10.4286 11.6 11.6 11.6 11.6 12.25 12.25 12.25 12.25 12.25 12.25 12.25 12.25 12.3333 12.3333 12.3333 13.5 13.5 13.5 14 14 
10.5 10.5 10.5714 11.1667 11.1667 11 10.3333 10.3333 10.3333 10.3333 10.8 10.8 10 9 9 9 10 10 10 10 10 11 11 11 11 11 11 
10.5 10.5 11 11 11.3333 11.3333 11.3333 11.3333 11.3333 11.3333 11.3333 12 12 12 12 11.75 12 12 12 12 12 12 11 12 12 
10.5 10.5 10.5 10.5 10.5 10.5 10.5 10.5 10.5 10.5 10.5 10.5 10.5 10.5 10.5 10.5 10.5 11.5 11.5 11.8 11.8 11.8 12.5 12.5 12.3333 11.5 11 
10.5 10.5 10.5 10.5 11 11 11 11 10.5 10.4 10.4 10.4 10.4 10.4 10.4 10.4 9.75 9.75 9.75 9.66667 9.66667 9.66667 9.66667 9.66667 8.5 8.5 8 8 
10.5 10.5 10.5 10.5 10.1429 10.1429 10.6667 10.6667 11 10.25 10.25 10.3333 9.5 9.5 9.5 8 
10.5 10.5 10.5 10.5 10 9.5 9.5 9.5 9.5 9.5 9.5 9.5 9.5 10 10 10 10 10.5 10.5 10.5 10 10 10 9.5 9 9 9 9 
10.5 10.5 10.5 10.5 10.5 10.5 10.8571 11.5 11.5 11 11 11 11.25 11.25 11.25 11.25 11.25 11.25 11.25 11.25 10.6667 10.6667 11.5 11.5 11 11 
10.5 10.5 10.5 10.5 10.5 10.5 10.5 11.5 11.8 11.8 11.8 11.8 12 12 12 12 11.3333 11.3333 12.5 13 13 13 13 13 13 13 
10.5 10.5 10.5 10.5 10.5 11 11 11 11 11 11 11 11.5 11.5 11.8 11.25 11.25 11.25 11.3333 11.3333 11.3333 11 11 11 9 9 9 
10.5 10.5 10.5 10.1429 10.6667 10.6667 10.6667 10.6667 10.4 10.5 10.5 10.5 10.5 10.5 10.3333 11 11 11 11 11 11 11 11 8 8 8 8 8 
10.5 10 10 10 10 10 10 10 10 9.66667 9.66667 9.66667 9.66667 9.66667 10.2 10.25 11 11 11 11 10 10 10 10 10 9 9 
10.5 10 10 10 10 10 10 9.4 10 10 10 10 10 10 9.33333 9.33333 8.5 8.5 8.5 8.5 8.5 8.5 8.5 8 8 
10.5 10.5 10.5 10.5 10.5 10.5 10.5 10.5 10.5 10.5 10.5 10.4286 10.4286 10.4286 10 10 10.2 8.33333 8.33333 8.33333 10 10 
10.5 10.5 10.2857 10.1667 10.1667 10.1667 10.1667 10.1667 10.1667 10.1667 10.1667 8.5 8.5 8.5 8.5 8 8 8.5 8.5 8.5 8.5 8.5 9 9 9 9 9 
10.5 10.5 10.5 11.5 11.5 11.5 11.2 11.2 11.2 11.2 11.2 11.2 11.2 11.2 11.2 11.2 11.5 11.5 11.5 11.6667 11.6667 11.6667 13 12 12 12 
10.5 10.1429 10.1429 10.1667 10.1667 10.8 10.8 10.8 10.8 10 10 10 10 10.3333 10.3333 10.3333 10 10 10 10 10 12 12 12 12 12 12 
10.5 10.5 10.5 10.5 10.5 10.5 10.5 10.5 11 11 11 11 11.3333 11.3333 11.3333 11.3333 12 11.5 11.5 11.5 11.5 11.5 11.6667 11 10 10 
10.5 10.5 10.2857 10.2857 10.2857 10.2857 10.1667 10.1667 10.8 11 11 11 11 11 11 10 10 10 10 10 10 10 8.5 8.5 8 
10.5 10.5714 10.3333 10.3333 9.6 9.6 9.6 8.75 8.75 8.75 8.75 8.75 8.66667 8.66667 9.5 9.5 8 8 
10.5 10.5 10.5 10.5 11 11.1667 11.1667 11.1667 11.1667 11.1667 11.1667 11.1667 11.1667 11.1667 11 11 11.75 11 11 11 11 11 11 11 11 11 11 13 
10.5 10.5 10.5 10.4286 10.4286 10 10 10 10 10 10 10 10 10 10 10 10 11.3333 10 10 10 10 10 8 8 8 8 
10.5 11 11 11 11.1667 11.8 11.8 11.25 11.25 11.25 11.25 11.25 11.25 11.25 11.25 11.25 11.25 11.3333 11.3333 11.3333 11.3333 12.5 12.5 13 13 13 
10.5 10.5 10.5 11 11 11 11 11 11 11.3333 11.3333 11.3333 11.3333 11.3333 11.6 11.6 11.25 11.25 11.25 11.25 12.3333 11.5 11.5 11 11 
10.5 10.5 10.1429 10.1429 10.1429 9.83333 9.6 9.6 9.6 9.6 9.6 9.6 9.6 10 8.66667 8.66667 8.66667 8.66667 9.5 9.5 10 10 10 10 
10.5 10.5 10.5 10.5 10.5 10 10 10 10 11.25 11 11 11 11 11 11 11 10 10 10 10 10 9 9 9 
10.5 10.5 10.5 10.5 10.5 10.5 10.5 10 9.66667 9.66667 10.2 10.2 10.25 11 11 11 11 11 11 11 12 12 13 13 13 
10.5 10.5 10.5 10.5 10.5 11 11 11 11 11 11 11 11.3333 11.3333 11.3333 11.3333 11.3333 11.3333 12 12 11.3333 11.3333 11.3333 10.5 10 10 
10.5 11 11.1667 11.2 11.2 11.2 11.2 11.2 11.2 11.2 11.2 10.75 10.75 10.75 10.75 10.75 11.3333 8 8 8 8 8 8 8 8 8 
10.5 10.4286 10.4286 9.83333 9.83333 9.83333 9.83333 9.83333 9.83333 9.83333 10.5 10.5 10.5 10 10 10 10 10.5 8 8 
10.5 10.5 10.5 10.5 11 11 11 11 11 10.8333 10.8333 10.2 10.2 10.2 10 10 10 10.3333 9 9 9 9 8 8 8 
10.5 10.5 10.5 11.1667 11.1667 11.1667 11.2 11.2 11 11 11 11 12 12 12 12 13.5 13.5 13 13 13 13 13 
10.5 10.5 10 10 10 10 10 10 10 10 10.5 10 10 10 10.25 10.25 10.25 10.25 10.25 10.25 10.3333 10.3333 10.3333 10.3333 10.3333 9.5 11 
10.5 10.5 10.5 10.5 10.5 10.5 10.5 10.5 10.5 10.7143 10.7143 10.7143 10.7143 10.8333 10.6 10 10 10 12.5 12.5 12.5 12.5 12.5 11 11 11 11 11 
10.5 10.4286 10.4286 10.4286 10.4286 11 11.2 11.2 11.2 11.2 10.5 10.5 9.66667 10 10 10 10 8 8 8 8 
10.5 10.5 10.5714 10.5714 10.5714 10.5714 10.5714 11.1667 11.1667 11.1667 11 11.5 11.5 12.6667 12.6667 12.6667 12.5 12.5 12.5 12.5 12.5 12.5 12.5 12.5 14 14 14 14 
10.5 10.2857 10.2857 10.8333 10.4 10.4 10.4 10.4 10.4 10.75 10.75 10.75 10.75 10.75 11.6667 11.6667 12.5 12.5 12.5 12.5 12.5 11 11 11 11 11 11 11 
10.5 10.5 10.5 10.5 10.1429 10.6667 11 11 11 11 11 11 11.75 11.75 11.75 11.75 11.6667 11.6667 11.6667 11.6667 11.6667 11.6667 12.5 12.5 12.5 12.5 12.5 11 
10.5 10.5 10.5 10.5 10.5 11 11 11 11.1667 11.8 11.8 12 12 12 12 12 12 11.5 9 9 9 9 
10.5 10.5 10.1429 10.1429 10.1429 10.1429 10.3333 9.6 9.6 9.5 9.5 9.5 9.5 10.3333 11.5 11.5 11.5 11 
10.5 10.5 11.5 11.5 11.5 11.5 11.5 11.8 11.8 11.8 11.8 12 12 12 12 12 11.6667 11.6667 11.6667 11.6667 11.6667 13 13 12 12 
10.5 10.5 10.5 10.1429 10.1429 10.1429 10.1429 10.1429 9.83333 11 11.3333 11.3333 11.3333 11.3333 11.3333 11.3333 11.3333 10 10 10 10 10 10 10 10 10 10 11 
10.5 10.5 10.5 10.5 11 11 11 11 11 10.8333 10.8333 11.2 11.2 11.5 11.5 12.6667 12.6667 12.6667 12.6667 12.6667 12 12 12 12 12 12 11 11 
10.5 10.5 10.5 10.5 10.5 11.5 11.5 11.5 11.5 11.5 11.5 11.5 11.5 11.5 11.5 11.4 11.4 11 11 10 10 10 9.5 9 9 
10.5 11 10.6667 10.6667 10.6667 10.6667 10.6667 10.6667 10.6667 10.6667 10.6667 10.6667 10.4 10.4 10.4 10.4 10.4 9.5 9.66667 10.5 10.5 10.5 10.5 10.5 10.5 10 
10.5 10.5 11.3333 11.3333 10.8 11.5 11.5 11.5 11.5 11.5 11.5 11.5 11.5 11.3333 11.3333 11.3333 12 12 12 12 13 
10.5 10.5 10.5 10.5 10.5 10.5 10.5 10.1429 10.1429 10.1667 10.1667 9.4 9.4 9.4 9.4 9.4 9.4 9.4 9.4 9.4 10.6667 11.5 11.5 11.5 11.5 11.5 11 11 
10.5 10.5 10.5 10.5 10.5 11 11 11 11.5 11.2 11.2 11.2 11.2 11.2 11.2 11.2 11.2 11.2 11.2 11.2 11.2 11.75 12.3333 12.3333 12.3333 11.5 11.5 12 
10.5 10 10 10 9.4 9 10.5 10.5 10.5 10.5 10.5 10.5 10.5 10.5 10.5 9 9 9 9 9 9 9 9 9 9 
10.5 10.5 10.5 10.5 10.5 10.5 11 10.5 10.8 10.8 10.8 10.8 10.8 10.8 10.8 10.8 10.25 10.25 10 10 10 10 10 10 12 12 12 
10.5 10 10 10 10 10 11 11 11 11 11.25 10.6667 10.6667 10.6667 10 10 10 10 11 11 11 11 11 11 
10.5 10.5 10.5 10.5 10.5 10.1429 10.1429 10.1429 10.5 10.5 10.4 8.66667 8.66667 8.66667 8.66667 8 9 9 9 9 9 9 9 9 
10.5 10.5 10.5 10.5 10.5 10.5 10.5 10.5 10.5 10.5 10.5 10.5 10.4286 10.4286 10.5 10.5 10.5 10.2 10.2 10.2 9.25 9.25 9.25 10.5 10.5 10.5 10.5 13 
10.5 10.5 10.5 10.5 10.5 10.2857 10.2857 10.2857 10.5 10.5 10.5 10.5 10.5 10.5 10.5 9.8 9.8 9.8 9.8 9 9 9 8.66667 11 11 11 11 11 
10.5 10.5 10.1429 10.1429 10.1429 10.1429 10 10 10 10.5 11.6667 11.6667 11.6667 11.6667 11.6667 13 13 12 12 12 
10.5 10.5 10.5 10.5 10.5 11 11.3333 11.3333 11.3333 11.3333 11.4 11.4 11.4 11.4 11.4 11 11 10 10 9 9 9 9 9 8 8 8 
10.5 10 10 11 11 11 11 11 11 11 11 11 11.5 12 11.5 11.5 11.5 11.5 11.5 11.5 11.5 11.5 12 12 12 
10.5 11 11 11 11 11.1667 11.2 11.2 11.2 11.2 11.2 11.2 11.2 11.2 10.75 10.75 10.75 10.75 9.66667 8.5 8.5 8.5 8.5 8.5 8 
10.5 10.5 10.5 10.4286 10.4286 11 11 11 11.2 12 12 11 11 11 11 11 11 9 
10.5 11.5 11.5 11.5 11.5 11.5 11.2 11.2 11.2 11.2 11.2 11.5 11.5 11.5 11.6667 13 14 14 14 14 14 14 14 14 14 14 
10.5 10.5 10.5714 11.1667 11.1667 11.1667 11.1667 11.2 12 12 11.6667 11.6667 10.5 10.5 10.5 10.5 9 9 9 9 9 9 9 9 9 9 9 
10.5 10.5 10.5 10.5 11 11 11 11 11 11.4 11.25 11.25 11.25 11.6667 11.6667 13.5 14 14 14 14 14 14 14 14 14 14 14 14 
10.5 10.5 10.5 10.5 11 11 11 11 10.5 10.5 10.5 10.5 10.5 11 11 11 11 11.3333 11 11 11 11 11 9 
10.5 10.5 10.5 11.1667 11.1667 11.8 11.8 11.8 11.8 11.8 11.8 11.8 11.8 11.8 11.75 11.75 11.75 11.75 11.75 11.75 12.6667 12.6667 12.6667 12.6667 12.5 12.5 12.5 11 
10.5 10.5 10.5 10.5 10.5 10.5 10.5 10.5714 10.5714 11.8 11.8 11.8 11.8 12.5 12.5 13 13.5 13 13 13 13 13 13 13 
10.5 10.5 10.5 10.5 10.5 10.5 10.4286 10.1667 10.1667 10.4 10.4 10.4 11.25 11.25 12.3333 12.3333 12.3333 12.3333 12.3333 12.3333 12.3333 12.3333 12.3333 12.3333 12 14 
10.5 10.4286 10.4286 9.83333 9.83333 9.83333 10 10 11.6667 11.6667 11.6667 11.6667 11.6667 11.6667 11.6667 11.6667 11.6667 11.5 11.5 11.5 11.5 10 10 10 10 
10.5 10.5 10.5 10.5 10.5 11 11 11 11 11 11 11 11 11 11 11 11 11.2 11.2 10.75 9.66667 9.66667 9.66667 10 12 
10.5 10.5 10.5 10.5 10.7143 10.7143 10.7143 10.7143 11.1667 11.1667 11.1667 11.1667 12 12 12 12 12 12 12.5 12.5 12.6667 12.6667 13.5 
10.5 10.5 10.5 10.1429 10.1429 10.1429 10.1429 10.1429 9.83333 9.83333 9.83333 9.83333 9.83333 9.83333 9.83333 9.83333 10.4 11 11 11 11 11 11 10 10 9.5 9 9 
10.5 10.5 11.5 11.5 11 11 11 11 11 11 10.3333 10.3333 10.3333 10.3333 10.3333 10.3333 10.3333 10.3333 10.3333 10.3333 10.3333 9.5 10 10 
10.5 10.5 10.5714 11.1667 11.1667 11.1667 11.1667 11.1667 10.6 10.25 10.25 9.33333 9.33333 9.33333 10 10 10 10 9 9 9 9 9 9 9 9 9 
10.5 10.5 10.5 10.5 10.4286 11 11.4 11.4 11.4 11.4 11.4 11.4 11.25 11.25 11.25 10.3333 9 9 9 9 9 8 8 8 
10.5 10.5 10.5 10.5 10.5 11 11.3333 11.3333 11.6 12.5 12.5 12.5 12.5 13 13 13 13 13 12.5 12.5 12.5 12.5 12.5 12.5 12.5 12.5 12 12 
10.5 10.5 10.5 10.5 10.5 10.4286 10.4286 10.1667 10.1667 10.1667 10.1667 11.25 11.25 11.25 11.25 11.25 11.25 10.3333 10.3333 10.3333 10.3333 10.3333 10.5 13 
10.5 10.5 10.5 11.5 12 12 12 12 12 12 12 12 12 12 12.3333 12.3333 12.3333 13.5 
10.5 10.5 10.5 10.5 11 10.6667 10.6667 10.6667 10.6667 10.6667 10.6667 10.4 10.4 10.4 10.25 10.25 10.25 10.25 11 11 11.5 11.5 11.5 11.5 11.5 11.5 9 
10.5 10.5 10.5 10.5 10.5 10.2857 9.66667 9.66667 9.66667 9.66667 9.66667 9.66667 9.66667 9.66667 9.4 9.4 10 10 10 10.6667 10.6667 10.6667 9.5 9 
10.5 10.5 10 10 10 9.66667 10.5 10.3333 10.3333 10.3333 10.3333 10.3333 11.5 11.5 11.5 11.5 10 10 10 10 10 10 10 10 10 10 
10.5 10.5 10.5 11 11.5 11.5 11.4 11.4 11.4 11.5 11.5 11.5 11.5 9.5 9.5 9 9 9 9 9 9 9 9 9 9 9 9 9 
10.5 10.5 10.5 10.5 10.5 10.5 10.5 10.5 11.5 12 12 12 12 12 12 11.6667 11.6667 11.6667 11.6667 12 12 12 12 10 10 10 10 10 
10.5 10.5 10.2857 10.2857 10.3333 10.3333 10.3333 10.3333 10.3333 10.3333 10.3333 10.3333 10.3333 10.3333 11.75 11.75 11.75 11.75 11.75 11.75 11.3333 11.3333 10 10 9 9 9 9 
10.5 10.5 10.5 11 11 11 11 11.3333 11.3333 11.2 11.2 10.5 10.5 9.66667 9.66667 9 9 9 9 9 9 9 9 9 8 8 
10.5 10.5 11 11 11 10.5 10.5 10.5 10.5 10.8 10.8 10.8 10.75 10.75 10.75 10.75 10.75 11.6667 11.6667 11.6667 12.5 13 
10.5 10.5 10.5 11.3333 11.3333 11.3333 11.3333 12 12 12 12 12 12 12.5 12.5 12.5 12.5 12.5 12.5 12.3333 11.5 11.5 11.5 11.5 11 11 11 
10.5 10.5 10.4286 10.4286 10 9.6 9.6 8.5 8.5 8.5 8.5 8.5 8.5 9 9 9 9 9 8.5 8.5 8.5 8.5 8.5 8.5 8.5 8.5 8.5 9 
10.5 11.3333 11.3333 11.3333 12 12 12 12 12.5 12.5 12.5 13 13 13 13 13 13 13 13 13 13 13 14 14 14 14 
10.5 10 10 10 10 10 10.5 10.5 10.5 10.5 10 10 10 10 10 10 10 10.25 9.66667 9.66667 9.66667 9.5 9.5 11 11 11 
10.5 10.2857 10.2857 10.2857 10.1667 11.5 11.5 11.5 11 11 12 12 12 12 12 12 14 14 
10.5 10.5 10.5 10.4286 10.4286 10.4286 10.4286 11 10.4 10.4 10.4 11 11 11.3333 11.3333 11.3333 11.3333 12.5 12.5 12.5 12.5 12.5 12.5 12.5 12 
10.5 11.3333 11.3333 11.3333 11.4 11.4 11 11 11 11 11 11 11 11 11 10.6667 10.6667 12 12 12 12 10 
10.5 10.5 10.5 10.5 10.5 11 11 11 11.5 11 11 11 11.5 11.5 11.5 11.5 11.6667 11.5 11.5 11.5 11.5 11.5 11.5 11.5 10 
10.5 10 10 10 10.1667 10.1667 10.1667 10.1667 10.1667 10.1667 10.8 11 11 11 11 11 11 12.5 13 13 13 13 13 13 13 13 13 13 
10.5 10.5 10.5 10.5 10.5 11.1667 11.1667 11.1667 10.8 10.8 10.8 10.8 10.8 10.75 10.75 10.75 11.3333 10 10 10 12 12 12 
10.5 10.4286 10.4286 10.4286 11.6 11.6 11.6 11.6 12.25 12.25 12.25 12.25 12.25 13 13 13 13 13 
10.5 10.1429 10 10 10 11.3333 11.3333 13 13 13 13 14 14 14 14 14 14 14 
10.5 10 10 10 10 10 10 10.6 10.25 11 11 11 11 11 11 11 11 11 11 11 11 13 13 13 13 
10.5 10.5 10.5 10.5 10.5 11.3333 11 11 11 11 11 10.25 10.25 10.25 10.25 11 11 11 11 11 11 11 12 12 12 12 12 
10.5 10.4286 10.1667 10.1667 10.1667 10.1667 10.1667 10.1667 10.4 10.4 10.4 10.4 10.4 10.4 10.4 9.5 9.33333 9.33333 9.33333 9.33333 9.33333 13 13 13 13 13 
10.5 10.5 10.5 10.2857 10.2857 10.2857 10.2857 10.2857 10.2857 10.8333 10.8333 10.8333 11 11 11 11 11 10.5 10.5 11.3333 10 10 10 10 10 11 
10.5 10.5 10.5 10.5 11.5 11.6 11.6 11.6 12.25 12.25 12.25 12.3333 12.3333 12.3333 12.3333 12.3333 12.3333 12.3333 12.3333 12.3333 12.3333 13.5 13.5 14 14 14 14 14 
10.5 10.5 10.5 10.5 10.5 10.5 10.5 10.5 10.5 10.5 10.2857 11.2 11.2 11.5 11.5 12.6667 13.5 14 14 
10.5 10.5 10.5 11 11 11 11 11.1667 11.1667 11.1667 10.8 10.8 10.8 10.8 10.8 10.8 10.8 10.75 10.75 11.3333 11.3333 11 11 11 8 8 8 
10.5 11 11 11 11 11 11 11 11 11.1667 11.1667 11 11 11 11.5 11.5 11.5 11.5 11.5 10.6667 10.6667 10.5 10.5 10.5 10.5 10.5 13 13 
10.5 10.5 10.7143 10.7143 10.7143 10.7143 10.8333 12.5 12.5 12.6667 12.6667 12.6667 12.6667 12.6667 12.5 12.5 12.5 14 14 14 
10.5 10.5714 10.5714 10.5714 10.5714 11.1667 11.1667 11.1667 11.1667 11.1667 11.1667 11.1667 11.2 11.2 11.2 11.2 11.75 11.75 13 13 13 13 
10.5 10.5 10.5 10.5 10.5 10.5 10.5 11.1667 11.1667 10.8 10.8 10.8 10.8 10.8 10 10 10 10 10 10.6667 10.5 10.5 10.5 10.5 12 12 
10.5 10.5 10.5 10.5 10.5 10.5 10.5 11 11 11 11 10.5 10.5 10.5 10.6 10.6 10.6 11 11 10.5 10.5 10.5 10.5 13 13 13 13 13 
10.5 10.5 10.5 10.5 10.5714 10.5714 10.5714 10.5714 10.5714 10.5714 10.5714 10.5714 10.5714 11.8 11.8 11.8 11.8 12 11.3333 11.3333 11.3333 12.5 12.5 12.5 12.5 12.5 12 
10.5 10.4286 10.4286 10.4286 10 10 10 10 10 10 10 10 10 10 10 11 11 11 11 11 11 11 11 10.6667 9 9 8 
10.5 10.5 11.3333 11.3333 11.3333 11.3333 11.3333 11.3333 11.3333 11.3333 10.8 10.8 10.8 10.8 10.8 10.8 11.5 11.5 11 11 11 10.5 11 11 11 11 11 
10.5 10.5714 10.5714 10.5714 10.5714 10.5714 10 10 10.6 10.6 10.6 10.6 10.6 10.6 10.6 10.6 11 10.6667 10.6667 9.5 9.5 8 
10.5 10.5 10.4286 10.4286 10.4286 10.4286 10.1667 10.1667 10.1667 8.5 8.5 8.5 8.66667 9 9 9 9 9 9 9 9 9 9 9 
10.5 10.5 10.5 10.5 10.4286 10.4286 11.2 11.2 11.2 11.2 11.2 11.2 11.2 11.2 11.2 11.2 10.75 10.75 10.75 10.75 10.75 11.3333 11.3333 11.3333 13 13 13 12 
10.5 10.5 10.5 10.5 10 10 10.5 10.5 10.2 10.5 10.5 10.5 10.5 10.5 10.5 10.5 10.5 10.5 10.5 10.5 10.5 10.5 10.3333 11.5 11.5 13 
10.5 10 10 10 10 10 10.5 10.5 10.4 9.75 9.75 9.75 10.3333 10.3333 10.3333 9.5 9.5 9.5 9.5 9 9 9 
10.5 10.4286 10.4286 10.4286 10.4286 10.4286 10.4286 10.4286 10.4286 11 11 11 11 11 11 11 10.4 9.75 9 9 9 9 9 9 10 10 10 10 
10.5 10.4286 10.4286 10.4286 10 9.2 9.2 8.5 8.5 8.5 8.5 8.5 8 8 8 7.5 7.5 
10.5 10.5 10.5 10.5 10.5 10.5 10.5 11.1667 11.1667 11.8 11.8 11.8 11.8 11.8 11.8 11.25 11.25 11.25 11.25 11.25 12 12 12.5 12.5 12.5 13 13 
10.5 10.5 10.5 10.5 11.5 11.5 12 12 12 12 12 12.5 13 13 12.5 12.5 12.5 12.5 12.5 12.5 12.5 13 13 13 13 
