18 18 18.5 18.5 18.5 18.5 18.5 18.5 18.5 18.5 18.5 18.5 18.5 18.5 18.3333 18.3333 18.3333 19 19 19 19 18 18 18 18 18 18 
18 17.5 17.5 17.5 17.5 17.5 17.5 17.5 17.5 18 18 18 18 18 18 18.6667 18.5 18.5 18.5 18.5 18.5 18.5 18.5 18.5 20 
18 17.5 17.5 17 17 17 17 17 17 17.25 17.25 17.25 17.25 17.25 18 18 18 18 18 18 18 18 18 19 19 19 19 
18 19 19 19 18.5 18.5 18.5 18.5 18.5 18.5 18.5 18.5 18.3333 18.3333 19 20 20 20 20 20 
18 18.5 18 18 18 18 17.75 17.75 17.75 17.75 17.75 17.75 17 17 17 17 17 17 17 17 18 
18 18 18 18 18 18 18 18 18 18 18 18 18 18 18 18 18.3333 18.3333 19.5 19.5 19.5 19.5 19.5 19.5 19.5 19 19 19 
18 17 17 17.5 17.5 17.5 17.5 17.5 17.5 17.5 17.5 17.6667 17.6667 17.6667 17.6667 17.6667 17.6667 17.5 16 16 16 16 16 
18 17.5 17.5 18 18.25 18.25 18.25 18.25 18.25 18.25 18.25 18.25 18.25 18.25 18.25 18.25 18.25 18.25 18.25 18.25 17.6667 18.5 18.5 18.5 18.5 19 19 19 
18 17.5 17 17 16.75 16 15.5 15.5 15.5 16 16 16 16 16 16 
18 17.5 17.5 18 18 18 18 18 18 18 18 18 17.5 17.5 17.5 17.3333 17.3333 17.5 17.5 17.5 17.5 17.5 17.5 17.5 19 19 
18 18 18 17.5 17.5 17.5 17.5 17.5 17.5 17.5 17.5 18 18 18 18 18.5 18.5 18.5 18.5 18.5 18 18 18 18 18 18 18 18 
18 17.5 17.5 18 18 18.25 19 19 19 19.5 19.5 19.5 19.5 20 20 20 20 
18 17 17 17 17 17.5 17.5 17.5 17.6667 17.6667 17.6667 17.6667 17.6667 17.6667 17.5 17.5 17.5 17.5 17.5 17.5 17.5 17.5 17.5 17.5 17.5 17.5 19 19 
18 18.5 18.5 18.5 18.5 18 18 18.5 18.6667 18.6667 18.6667 18.6667 18.6667 18.6667 18.6667 18.5 20 20 20 20 20 20 20 20 20 20 20 20 
18 18.5 18.5 18 18 18.25 18.25 18 18 18 18 17 17 18 18 18 18 18 18 18 
18 17.5 18.5 18.5 18.5 18.5 19 19 19 19 19 19 19 19 19 19 19.5 19 19 19 19 19 
18 17.5 17.5 17 17 17 17 17 17.5 17.5 17.5 17.5 17.5 17.6667 17.6667 17.6667 17.6667 17.6667 18.5 18 18 18 18 18 18 18 18 
18 17 17 16.75 17.3333 17.3333 17.3333 17.3333 17.3333 17.3333 17.3333 17.3333 17.5 17.5 17.5 19 19 19 19 19 19 
18 17.5 18.5 18.5 18.5 18.5 18.3333 18.3333 19 19 19 19 19 19 19 19 18 18 18 18 18 18 18 18 18 18 18 
18 17.2 17.2 17.2 17.75 17.75 17.75 17.75 17.75 17.75 17.75 17.75 17.75 17.75 17.75 17.6667 18 18 18 18 18 18 16 16 16 16 
18 17.5 18 18 18 18 18 18.25 19 19 19 19 19 18.5 18.5 18.5 18.5 18.5 18.5 19 
18 17.5 18 18 18 18 18 18 18 17.3333 17.3333 17.3333 17.3333 17.3333 18 18 19 19 19 19 19 19 19 19 19 19 
18 17 17 17 17 17 17 17 17 17.6667 17.6667 17.6667 17.6667 17.6667 17.6667 17 17 17 17 18 18 18 18 18 18 18 18 
18 17.2 17.2 18 18 17 17 17 16 16 
18 17.5 17.5 18.25 18.25 18.25 17.6667 17.6667 17 17 17 17 17 17 17 17 17 17 17 18 18 18 18 18 18 18 18 18 
18 18.5 18 18 18 18 18 18 18 18 18.6667 18.6667 18.6667 18.6667 18.6667 18.6667 18 19 19 19 
18 18.5 18 18 18 17.75 17.75 17.75 17.75 17.75 17.75 18.3333 18.3333 18.3333 18.3333 18.3333 17.5 17.5 17.5 17.5 17.5 17.5 17.5 17.5 17.5 17 17 
18 18.5 18.5 18.5 17.75 17.75 18.3333 18.3333 18.3333 18.3333 17.5 17.5 17.5 17.5 17 17 17 17 17 17 17 17 17 17 
18 17.5 17.5 17.5 17.5 17.5 17.5 17.6 17.6 17.6 17.6 17.6 17.6 18.25 18.25 18.25 17.6667 17.6667 17.6667 17.6667 17.6667 17.6667 17.6667 17.6667 17 16 16 16 
18 18.5 17.5 17.5 17.5 17.5 17.5 17.5 17.5 17.6667 17.6667 17.6667 17.6667 17.6667 17.6667 17.6667 17 17 17 17 18 18 18 18 
18 17.5 18.25 18.25 18.25 18.25 18.25 18.25 18.25 17.6667 17.6667 17.6667 17.6667 17.6667 17.6667 17.6667 18.5 19 19 19 19 19 
18 17.5 17.5 18 18 18 18 18.5 18.5 18.5 18.5 18.5 18.5 18.5 18.5 19 19 19 18 
18 19 19 19 18.5 18.5 18.5 18.5 18.5 18.5 18.5 18.3333 18.3333 18.3333 18.3333 18.3333 18.3333 18.5 18.5 18.5 18.5 18.5 18.5 20 20 20 
18 17.4 18 18 18 18 18 18 18 18 18 18 18 18 17.3333 17.3333 17.3333 17.3333 17.3333 17.3333 17.5 19 19 19 19 19 19 
18 18.5 18 18 18 18 18 18 18 18 17.75 17.75 17.75 17.75 18 18 18 18 18 18 18 19 18 18 18 18 18 
18 17.5 17.5 18 18 18 18 18 18 18 18 18 18 17.5 17.5 17.5 17.5 17.5 17.5 17.5 17.5 17.5 18 17.5 17.5 17 17 
18 18.5 18.5 18.5 18.5 18.5 18.5 18.5 18.5 18.5 17.5 17.5 17 17 17 17 17.5 17.5 17.5 17.5 17.5 17.5 17.5 17.5 17.5 18 
18 17.5 17.5 17.5 18 17.5 17.5 17.3333 17.3333 17.3333 17.3333 17.3333 17.3333 17.3333 17.3333 17.3333 17.3333 17.5 17.5 16 16 16 16 16 16 16 16 
18 17.5 17.5 17.5 17.2 17.2 17.75 17.6667 17.6667 17.6667 17.6667 17.6667 17.6667 17.6667 17.6667 18.5 18.5 18.5 18.5 18.5 20 20 20 20 
18 18.5 18.5 18.5 18.5 18.5 18.5 18.5 18.5 18 18.5 18.3333 18.3333 18.3333 18.3333 18.5 18.5 18.5 18.5 18.5 18.5 18.5 18.5 20 20 20 
18 17.5 17.5 18 18 18 18 18 18 18 18 18 18 17.5 17 17 17 17 17 17 17 17 17 17 17 17 18 18 
18 17.4 17.4 17.4 17.4 17.4 17 17 17 17 16 16 16.5 16.5 16.5 16.5 16.5 16.5 16.5 16.5 16.5 16 16 16 16 16 
18 17.5 17.5 17.5 18 17.5 17.5 17.5 17.5 17.5 17.5 17.5 17.5 17.5 17.5 17.5 17.5 17.3333 17.3333 17.3333 17.3333 17.3333 17.5 17.5 17.5 17.5 16 16 
18 17.5 17.5 17.5 17.5 17.5 18.5 18.6667 18.6667 18.6667 18 18 18 18 18 18 18 18 18 18 18 19 19 
18 17.5 17.5 18 18 18 18 18 18 18.5 18.5 18.5 18.5 18.3333 18.5 18.5 18.5 18.5 20 20 20 20 
18 17.5 17.5 18 18 18.6667 18.6667 18.6667 18.6667 18.6667 18.6667 18.6667 18.6667 18.6667 18.6667 19.5 19.5 19.5 19.5 19.5 19.5 20 20 20 20 
18 17.5 18 18 18 18 18 18 18 17.5 18 18 18 18 18 18 17.5 17 17 17 17 
18 17.5 17.5 18 17.5 17.5 17.5 17.5 17.5 17.5 17 17 17 17 17 17 17 17 17 16.3333 16.3333 17 17 17 16 16 16 16 
18 17.5 17.5 18 18 18.5 18.5 18.5 18.5 19 19 19 19 19 19 19 19 19 19 19 19 19 19 20 
18 17.5 17.5 17 17 17 17 17 17 17 17 17 17 17 17 17 17 17 16.6667 15.5 
18 17.5 17.2 17.6667 17.6667 17.6667 17.6667 18.5 18.5 18.5 18.5 18.5 20 20 20 20 20 20 20 20 20 20 
18 17.5 17.5 17 17 17.5 17.5 17.3333 17.3333 17.3333 17.3333 17.3333 17.3333 17.3333 17.3333 17.3333 17.3333 16.5 16.5 16.5 16.5 16.5 16.5 16.5 16 16 16 16 
18 17.5 17 17 17 17 17 17 17 18.5 18.5 18.5 18.5 18.5 18.5 18.5 18 18 18 18 18 18 18 18 18 
18 17.5 17.5 17.5 17.5 17 17 17 16.5 17 17 17 17 17 18 18 18 18 18 18 18 18 18 18 18 
18 17.5 17.5 18 18.5 19 19 19 19.5 19.5 19.5 19.5 20 20 20 
18 17 17 17 17 17.5 17.5 17.5 17.5 17.5 17.5 17.5 17.5 17.5 17.5 18 18 18 18 17.5 17.5 17.5 17 
18 17.5 17.2 17.2 17.2 17.2 17.2 17.2 17 17 17 17.6667 17.6667 17.6667 17.6667 17.6667 17.6667 17.6667 17.6667 17.6667 17.6667 17.6667 17.6667 18.5 18.5 20 20 
18 17.5 17.2 18 18 18 18 18 18 18 19 19 20 20 20 20 
18 18.5 18.5 18.8 18.25 18.25 18.25 18.3333 18.3333 18.3333 18.3333 18.3333 18 18 18 18 18 18 18 18 18 16 16 16 16 16 
18 17.5 17.5 17.5 17.5 17.5 17.5 17.5 17.5 17.5 17.5 17.5 17.5 17.5 17.5 17.5 17.5 18 18 18 18 17.75 18.3333 18.5 18.5 18.5 20 
18 17.5 17.5 18 18 18 18 18.3333 18.3333 18.3333 19.5 19.5 19.5 19.5 19.5 19.5 19.5 19.5 19 19 19 19 19 
18 17.5 17.5 18.25 18.25 18.25 18.25 18.25 18.25 18.25 19 19 19 19.5 19.5 20 20 20 20 20 20 20 20 20 20 20 20 
18 17.5 17.2 17.2 18.3333 18.3333 18.3333 18.3333 18.3333 19 19 19 19 20 20 20 20 20 
18 18.5 17.75 17.75 17.75 17.75 17.75 17.75 18.3333 18.3333 18.3333 18.3333 18.3333 18.3333 18.3333 18.3333 18.5 18.5 18.5 18.5 18.5 18.5 18.5 18.5 18.5 17 
18 17.5 17.5 17.5 17.5 18.5 18.5 18.5 18 18 18 18 18 18 18 18 18 18 18.5 18.5 18.5 19 19 19 19 19 19 19 
18 17.5 17.5 17 17 17 17 17.6667 17.6667 17.6667 17.6667 17.6667 17.6667 17.6667 17.5 17.5 17.5 17.5 17.5 17.5 17.5 17.5 17.5 17.5 19 19 
18 19 19 19 18.5 18.5 18.5 18.5 18.5 18.5 19 19 19 19 19 19 19 19 19 19 20 20 20 20 20 
18 17.5 17.5 17.5 18.5 18.5 19 19 19 19 19 19 19 19 19 19 19 19 19 18.5 18 18 
18 17.5 17.5 18 18 18.25 18 17 17 17 17 17 17 17 17 17 18 
18 18.5 18.5 18.8 18.8 18.8 18.8 18.25 18.25 18.25 18.25 18.25 18.25 18 18 18 18 18 17 17 17 17 16 16 16 
18 18.5 18 18.5 18.5 18.5 18.5 18.5 18.5 18.5 18.5 18.5 18.5 18.5 18.5 18.6667 18.5 18.5 18.5 18.5 18.5 18.5 18.5 18.5 18.5 18.5 17 17 
18 17.5 17.5 17.5 17.5 17.5 17.4 17.4 17.4 17.4 17.4 17 17 17 17 17 17.6667 17.6667 17.6667 17.6667 17.6667 17.6667 17.6667 18.5 20 20 20 
18 17.5 17.5 18 18 18.5 18.5 18.5 18.5 18.5 18.5 19 19 19 19 19 18.5 18.5 18.5 18.5 19 19 
18 17.5 18 18 18 18.3333 18.3333 18.3333 18.3333 18.3333 18.3333 18.3333 18.3333 18.3333 18.3333 18.3333 18.3333 17.5 17.5 17.5 17.5 17.5 17.5 17.5 19 19 
18 17.5 17.5 17.5 17.5 17.5 17.2 17.2 18.3333 18.3333 18.3333 19 19 19 19 20 20 20 20 20 20 20 20 20 20 20 
18 17.5 17 17 17.6667 17.6667 17 17 17 17 17 17 17 17 17 17 17 17 17 17 17 17 18 18 18 
18 17.4 17.4 17.4 17.4 18 18.3333 18.3333 18.3333 18.3333 18.3333 18.3333 18.3333 18.3333 19.5 19.5 19.5 19.5 19.5 19.5 19.5 19.5 19.5 19.5 19.5 20 20 20 
18 17.5 18.25 18.25 18.3333 18 16 16 16 16 16 16 16 16 16 16 16 16 16 16 16 16 16 16 16 
18 17.5 17.5 17.5 18 18 18 18 18 18 18 18.5 18.5 18.5 18.5 18.5 18.5 18.5 18.5 18.5 18.5 18.5 18.6667 18.6667 18.6667 19.5 19.5 20 
18 17.4 18 18 18 18 18 18 18 18 18 18 18 18 18 18 18 17.3333 16.5 16.5 16.5 17 17 17 17 17 17 17 
18 17.5 17.5 17.5 18 18 18 18 18 18 18 18 18 18 18 17.3333 18 18 18 18 19 19 19 19 
18 18.5 18.8 18.8 19.5 19.5 19.5 20 20 20 19 19 19 19 19 19 19 19 19 19 19 
18 17.5 17.2 17.2 17.2 17.75 17.75 17.6667 17.6667 18.5 18.5 18.5 18.5 18.5 18.5 20 
18 18.5 18 18 18 18 18 18 18 17.6667 18.5 18.5 18.5 18.5 18.5 18.5 18.5 18.5 18.5 20 20 
18 18 18.5 18.2 17.5 17.5 17.5 18 18 17.5 17.5 17.5 18 18 18 
18 17.5 17.5 18 18 18 18.5 18.5 18.5 18.5 18.5 18.5 18.5 18.5 18.5 18.5 18.5 18.5 18.5 18.6667 18.6667 18 18 17 17 17 
18 17.5 17.5 18 18 18 18 18 18 18.25 18.25 18.25 18.25 18.25 18.3333 18.3333 18.3333 18.3333 18.3333 18.3333 18.3333 17.5 17.5 17.5 17.5 17.5 16 
18 18.5 18.2 18.2 18.75 19.3333 18.5 18.5 18.5 18.5 18.5 18.5 18 18 18 18 18 18 
18 17 17 17 16.75 16.75 17.3333 17.3333 17.5 19 19 19 19 19 19 19 19 19 19 19 19 
18 17.5 17.5 17.5 17.5 18.5 18.5 18.5 18.5 18.5 18.5 18.5 18.5 18.5 18.5 18.5 18.5 18.5 18.3333 19 19 19 18 
18 18 18.5 18.5 18 18.25 17.6667 17.6667 17.6667 17.6667 17.6667 17.6667 17.6667 17.6667 17.6667 17.5 17.5 16 16 16 16 16 16 16 
18 17.5 17.5 18 18 18 18 18 18 18 17.3333 17.3333 17.3333 18 18 18 17 17 17 
18 18.5 18 18 18 18 18.5 18.3333 18.3333 18.3333 18.3333 18.3333 18.3333 18.3333 18.3333 18.3333 17.5 17.5 18 18 
18 18.5 19 19 19 19 19 19 18.5 18.5 18.5 18 18.5 18.5 18.5 18.5 18.5 18.5 18.5 18.5 18.5 19 19 19 19 19 
18 17.5 18.5 19 19 19 19 19 19 19 19 19 19 19 19 18 18 18 
18 17.5 18 18 18 18 18 18 18 18.6667 18.6667 18.5 17 17 17 17 17 17 
18 17.5 17.5 18.25 18.25 18.25 18.3333 18.3333 18.3333 18.3333 18 18 18 18 18 18 18 18 18 18 18 16 16 16 
18 17.5 17 17.6667 17.6667 17.6667 17.6667 17.6667 17.6667 17.6667 17.6667 17.6667 17.5 17.5 16 16 16 16 16 16 16 16 16 16 16 16 16 
18 17.5 17.4 17.4 17 17 17 17 17 17 18 18 18 18 18 18 18 18 18 18 18 18 20 20 20 20 
18 17.5 18 18 17.6667 17.6667 17.6667 17.6667 17.6667 17.6667 17.6667 17.6667 17.6667 17.6667 18 18 18 20 20 20 20 20 20 20 
18 17.5 17.5 18 18 18 18.5 19 18.5 18.5 18.5 18 18.5 18.5 18.5 18.5 18.5 18.5 18.5 18.5 18.5 18.5 18.5 19 19 
18 17.5 17.5 18 18 18.5 18.5 18.5 18.3333 19 19 19 19 18 18 18 18 18 18 18 18 18 18 18 
18 17.5 17.5 18 18.25 18.25 17.6667 17.6667 17.6667 18.5 19 19 19 
18 17.5 17.5 18 18 18 18 18 17.6667 17.6667 17.6667 17.6667 17.6667 17.6667 17.6667 17.6667 17.6667 18 16 16 16 16 16 16 16 16 
18 18 18.5 18.5 18.5 18.5 18.5 18.5 18.5 19 19 19 19 19 19 19.25 18.6667 18.6667 18 17 17 17 17 17 17 17 17 17 
