13.5 13.5 13.5 13.5 14 14 14 14 14 14 14 14 14 14 14 14 14 13.5 14 14 14 14 
14 13.5 13.5 13.5 13.5 13.5 14 14 14 14 14 14 13.5 14 14 
14 14 13.5 13.5 14 14 14 14 14 14 13.5 13.5 14 14 14 14 14 
14 14 13.5 13.5 13.5 13.5 14 14 14 14 14 14 14 14 14 13.5 14 14 14 14 14 
14 14 13.5 13.5 13.5 14 14 14 14 14 14 14 13.5 13.5 13.5 14 14 14 14 14 14 
14 13.5 14 14 14 14 14 14 14 14 13.5 14 14 
13.5 13.5 13.5 13.5 13.5 14 14 14 14 14 14 14 14 14 14 14 14 13.5 14 14 
14 13.5 13.5 13.5 13.5 13.5 14 14 14 14 14 14 14 14 14 14 
14 13.5 13.5 13.5 14 14 14 14 14 14 14 14 14 14 14 14 14 14 14 14 14 14 14 
14 14 14 14 14 14 14 14 14 14 14 14 14 14 14 14 14 14 14 14 14 14 
14 13.5 13.5 13.5 13.5 13.5 14 14 14 14 14 14 14 14 13.5 14 14 14 14 14 14 
14 14 14 13.5 13.5 13.5 14 14 14 14 14 14 14 14 14 14 14 14 14 14 14 
14 14 14 13.5 13.5 13.5 14 14 14 14 14 14 14 14 14 14 14 14 14 14 
14 13.5 13.5 14 14 14 14 14 14 14 14 14 14 14 
14 13.5 13.5 13.5 13.5 13.5 13.5 14 14 14 14 13.5 13.5 13.5 13.5 14 14 14 
14 13.5 13.5 13.5 13.5 13.5 13.5 14 14 14 14 14 14 14 14 14 13.5 14 14 14 14 14 14 
14 13.5 14 14 14 14 14 14 14 14 14 13.5 14 14 14 14 
13.5 13.5 13.5 13.5 13.5 14 14 14 14 14 14 14 14 14 14 14 14 14 14 
14 13.5 14 14 14 14 14 14 14 14 14 14 14 14 
14 14 14 14 14 14 14 14 14 14 14 14 14 
13.5 13.5 13.5 13.5 14 14 14 14 14 14 14 14 13.5 14 14 14 14 14 14 14 14 14 14 14 14 14 
14 14 14 14 14 14 14 13.5 14 14 14 14 14 14 14 14 14 14 
14 14 14 13.5 13.5 13.5 14 14 14 14 14 14 14 14 14 14 14 14 14 14 14 
13.5 13.5 13.5 13.5 14 14 14 14 14 14 14 14 14 14 14 13.5 13.5 13.5 14 14 14 
14 14 14 14 13.5 13.5 13.5 14 14 14 14 14 14 14 14 14 14 14 
14 14 13.5 13.5 14 14 14 14 14 14 14 14 14 14 14 14 14 14 
13.5 13.5 13.5 13.5 14 14 14 14 14 14 14 14 14 14 14 14 14 14 14 
13.5 13.5 13.5 13.5 14 14 14 14 14 14 14 14 14 14 13.5 14 14 14 
14 14 13.5 14 14 14 14 14 14 14 14 14 14 13.5 13.5 14 14 14 
14 14 14 13.5 13.5 14 14 14 14 14 14 14 14 14 14 14 14 14 13.5 13.5 14 14 14 14 14 14 14 14 14 
14 14 13.5 13.5 13.5 13.5 14 14 14 14 14 14 14 14 14 14 14 14 
14 14 14 14 14 14 14 13.5 14 14 14 14 14 14 
13.5 13.5 13.5 13.5 14 14 14 14 14 14 14 14 14 14 14 14 14 14 
14 14 13.5 13.5 13.5 13.5 14 14 14 14 14 14 14 14 14 14 14 14 14 14 
14 14 13.5 13.5 13.5 13.5 14 14 14 14 14 14 14 14 14 14 14 14 14 14 14 
14 13.5 13.5 13.5 13.5 13.5 14 14 14 14 14 14 14 14 14 14 14 14 14 14 
14 13.5 13.5 13.5 13.5 13.5 13.5 14 14 14 14 14 14 14 14 13.5 13.5 14 14 14 14 14 
13.5 13.5 14 14 14 14 14 14 14 14 14 14 14 14 14 14 14 14 14 
14 13.5 13.5 13.5 13.5 14 14 14 14 14 14 14 14 14 14 14 13.5 13.5 13.5 14 
14 13.5 13.5 13.5 13.5 13.5 14 14 14 14 14 14 13.5 13.5 14 14 14 14 
14 13.5 13.5 13.5 13.5 13.5 13.5 14 14 14 14 14 14 14 14 14 14 14 14 14 
13.5 13.5 13.5 13.5 14 14 14 14 14 14 14 14 14 14 14 14 14 14 14 14 14 
14 14 14 14 14 14 14 14 14 14 14 14 14 14 14 
14 13.5 13.5 13.5 13.5 13.5 14 14 14 14 14 14 14 14 14 13.5 14 14 14 
14 13.5 13.5 14 14 14 14 14 14 14 14 14 14 14 14 14 14 14 
14 13.5 13.5 13.5 14 14 14 14 14 14 14 14 14 14 14 14 14 14 
14 14 14 14 14 14 14 14 14 14 13.5 14 14 14 14 14 14 
13.5 14 14 14 14 14 14 14 14 14 14 14 14 14 14 14 13.5 13.5 13.5 14 14 14 14 14 14 14 14 14 
14 14 14 14 14 14 14 14 14 14 14 14 14 14 14 14 14 14 13.5 13.5 14 14 14 
13.5 13.5 13.5 13.5 14 14 14 14 14 14 14 14 14 14 14 14 14 14 14 14 
14 13.5 13.5 13.5 13.5 13.5 14 14 14 14 14 14 14 14 13.5 14 14 14 14 14 14 14 14 14 
14 13.5 13.5 13.5 13.5 13.5 13.5 13.5 13.5 13.5 13.5 13.5 14 14 14 14 14 14 14 14 14 14 14 14 13.5 14 14 14 14 14 14 14 
13.5 13.5 13.5 13.5 14 14 14 14 14 14 14 14 14 14 14 14 14 14 14 14 14 
14 14 14 14 14 14 14 14 14 14 14 14 14 14 13.5 13.5 13.5 14 14 14 14 14 14 14 14 14 14 14 14 14 14 
14 13.5 13.5 13.5 13.5 13.5 14 14 14 14 14 14 14 14 14 14 13.5 13.5 14 14 14 
14 13.5 13.5 13.5 13.5 13.5 13.5 13.5 14 14 14 14 14 14 14 14 13.5 14 14 14 14 
14 13.5 13.5 13.5 13.5 13.5 13.5 13.5 14 14 14 14 14 14 14 14 14 13.5 14 14 14 14 13.5 14 14 
14 13.5 13.5 13.5 13.5 13.5 14 14 14 14 14 14 14 14 14 14 14 14 14 14 14 
14 14 13.5 13.5 13.5 13.5 14 14 14 14 14 13.5 14 14 14 
14 13.5 13.5 13.5 14 14 14 14 14 14 13.5 14 14 14 
14 13.5 13.5 13.5 14 14 14 14 14 14 14 14 14 14 14 14 14 14 14 14 14 
14 14 14 14 13.5 13.5 14 14 14 14 14 14 14 14 14 14 14 14 14 14 
13.5 13.5 13.5 13.5 14 14 14 14 14 14 14 14 14 14 14 14 14 14 14 
14 14 13.5 13.5 13.5 13.5 14 14 14 14 14 14 14 14 14 14 14 14 14 14 14 
13.5 13.5 13.5 13.5 14 14 14 14 14 14 14 14 14 14 14 14 14 14 
13.5 13.5 14 14 14 14 14 14 14 14 14 14 14 14 14 14 14 13.5 14 14 14 
14 13.5 13.5 13.5 13.5 13.5 13.5 14 14 14 14 14 14 14 14 14 13.5 13.5 14 14 14 
14 13.5 13.5 13.5 13.5 13.5 13.5 14 14 14 14 14 13.5 13.5 14 14 14 14 
14 13.5 13.5 13.5 13.5 13.5 14 14 14 14 14 14 14 14 14 14 
14 14 13.5 13.5 13.5 13.5 14 14 14 14 14 13.5 14 14 14 14 14 
14 13.5 13.5 13.5 13.5 13.5 14 14 14 14 14 14 14 14 14 14 
14 13.5 13.5 13.5 13.5 13.5 14 14 14 14 14 14 14 14 13.5 13.5 13.5 14 14 14 14 
14 13.5 13.5 13.5 14 14 14 14 14 14 14 14 14 14 14 14 13.5 13.5 14 14 14 
14 13.5 13.5 13.5 13.5 13.5 14 14 14 14 14 14 14 14 14 14 14 14 
14 14 13.5 13.5 13.5 13.5 14 14 14 14 14 14 14 14 14 14 14 14 13.5 14 14 14 14 
14 14 13.5 13.5 13.5 13.5 14 14 14 14 14 14 14 13.5 14 14 
14 13.5 13.5 13.5 14 14 14 14 14 14 14 14 14 14 14 14 13.5 14 
14 13.5 13.5 14 14 14 14 14 14 14 14 13.5 14 14 14 14 14 14 14 14 14 
14 13.5 13.5 13.5 13.5 13.5 13.5 14 14 14 14 13.5 14 14 14 14 
14 13.5 14 14 14 14 14 14 14 14 14 14 14 14 13.5 13.5 13.5 14 14 14 14 14 14 14 
14 13.5 13.5 13.5 13.5 13.5 13.5 14 14 14 14 14 14 14 14 13.5 13.5 14 14 14 14 
14 13.5 13.5 13.5 14 14 14 14 14 14 14 14 14 14 14 14 14 14 14 
13.5 13.5 13.5 14 14 14 14 14 14 14 14 14 14 14 14 14 14 14 13.5 13.5 13.5 13.5 14 14 14 14 14 14 
14 13.5 13.5 13.5 13.5 13.5 14 14 14 14 14 14 14 14 14 14 14 13.5 14 14 14 
13.5 13.5 13.5 13.5 13.5 14 14 14 14 14 14 14 14 14 14 13.5 14 14 14 
14 14 13.5 13.5 13.5 13.5 14 14 14 14 14 14 14 14 13.5 13.5 14 14 14 14 14 
13.5 13.5 13.5 13.5 14 14 14 14 14 14 14 14 14 14 14 14 13.5 13.5 14 14 14 
13.5 13.5 13.5 13.5 14 14 14 14 14 14 14 14 14 14 14 14 13.5 13.5 14 14 14 
14 13.5 13.5 13.5 13.5 13.5 14 14 14 14 14 14 14 14 14 14 14 14 14 14 
14 13.5 13.5 13.5 13.5 13.5 13.5 14 14 14 14 14 14 14 14 13.5 13.5 13.5 14 14 14 
14 13.5 13.5 13.5 13.5 13.5 13.5 14 14 14 14 14 14 14 14 14 14 14 14 14 
14 14 14 13.5 13.5 13.5 13.5 14 14 14 14 14 14 14 14 13.5 13.5 13.5 14 14 14 
14 13.5 13.5 13.5 13.5 13.5 14 14 14 14 14 13.5 14 14 14 14 14 14 14 14 14 14 14 13.5 14 13.5 
14 13.5 13.5 13.5 13.5 13.5 13.5 14 14 14 14 14 14 14 14 14 14 
14 13.5 13.5 13.5 13.5 13.5 14 14 14 14 14 13.5 14 14 14 14 
14 14 14 13.5 13.5 13.5 13.5 14 14 14 14 14 14 14 14 14 14 14 14 14 14 
14 13.5 13.5 13.5 13.5 13.5 14 14 14 14 14 14 14 14 14 14 13.5 13.5 14 14 14 
14 14 13.5 13.5 13.5 13.5 14 14 14 14 14 14 14 14 14 
14 14 13.5 13.5 13.5 13.5 14 14 14 14 14 14 14 14 14 14 14 14 14 14 14 
13.5 13.5 13.5 13.5 14 14 14 14 14 14 14 14 13.5 13.5 14 14 14 14 13.5 
13.5 13.5 13.5 13.5 14 14 14 14 14 14 14 14 14 14 14 13.5 13.5 13.5 14 14 14 
14 13.5 13.5 13.5 13.5 13.5 13.5 14 14 14 14 14 14 14 14 14 14 
14 13.5 14 14 14 14 14 14 14 14 14 14 14 14 14 14 14 14 14 14 14 14 
14 13.5 13.5 13.5 13.5 13.5 14 14 14 14 14 14 14 14 14 14 14 14 14 
13.5 13.5 13.5 13.5 13.5 13.5 13.5 14 14 14 14 14 14 14 14 14 
14 14 13.5 13.5 13.5 13.5 14 14 14 14 14 14 14 14 14 14 14 14 14 14 14 14 14 14 14 14 14 14 14 14 14 
13.5 13.5 13.5 13.5 14 14 14 14 14 14 14 14 14 14 13.5 14 14 14 14 13.5 14 
13.5 13.5 13.5 13.5 13.5 13.5 14 14 14 14 14 14 14 14 14 14 14 14 14 14 
13.5 13.5 13.5 13.5 14 14 14 14 14 14 14 14 13.5 13.5 14 14 
13.5 13.5 13.5 13.5 13.5 14 14 14 14 14 14 14 14 
14 13.5 13.5 14 14 14 14 14 14 14 14 14 13.5 14 14 14 14 
14 13.5 13.5 13.5 13.5 13.5 13.5 14 14 14 14 14 14 14 14 14 
14 13.5 13.5 14 14 14 14 14 14 14 14 14 14 14 14 14 13.5 13.5 14 14 14 
14 13.5 13.5 13.5 13.5 13.5 14 14 14 14 14 14 14 14 14 13.5 14 14 14 14 14 14 14 14 14 
14 13.5 13.5 13.5 13.5 13.5 13.5 14 14 14 14 14 14 14 14 14 14 14 14 14 14 14 14 
14 13.5 13.5 13.5 13.5 13.5 14 14 14 14 14 14 14 14 14 14 14 14 
14 13.5 13.5 14 14 14 14 14 14 14 14 14 14 14 14 14 14 14 14 14 14 14 
14 13.5 13.5 13.5 14 14 14 14 14 14 14 14 14 14 13.5 13.5 14 14 14 14 
14 13.5 13.5 13.5 13.5 13.5 14 14 14 14 14 14 14 14 14 14 13.5 14 14 14 14 
14 13.5 13.5 13.5 13.5 13.5 13.5 14 14 14 14 14 14 14 14 14 14 14 14 14 
14 13.5 13.5 13.5 13.5 13.5 13.5 14 14 14 14 13.5 14 14 14 
13.5 13.5 13.5 13.5 13.5 13.5 14 14 14 14 14 14 14 14 13.5 14 
14 13.5 13.5 14 14 14 14 14 14 14 14 14 14 14 14 14 14 
14 14 13.5 13.5 13.5 13.5 14 14 14 14 14 14 14 14 14 13.5 14 14 14 14 14 
14 13.5 13.5 13.5 13.5 13.5 14 14 14 14 14 14 14 14 14 14 14 14 14 14 14 
13.5 13.5 13.5 13.5 14 14 14 14 14 14 14 14 14 14 14 14 13.5 14 14 14 14 14 14 
14 14 13.5 13.5 13.5 13.5 13.5 14 14 14 14 14 14 14 13.5 13.5 14 14 14 
14 14 14 13.5 13.5 14 14 14 14 14 14 14 14 14 14 13.5 13.5 13.5 14 14 14 14 14 14 14 14 14 
14 13.5 13.5 13.5 13.5 13.5 14 14 14 14 14 14 14 14 14 13.5 
14 14 14 13.5 13.5 13.5 14 14 14 14 14 14 14 14 14 
14 14 13.5 13.5 14 14 14 14 14 14 14 14 14 14 13.5 13.5 14 14 14 14 
14 13.5 13.5 13.5 13.5 13.5 13.5 14 14 14 14 14 14 14 14 14 14 13.5 14 14 14 
14 14 14 13.5 13.5 13.5 13.5 13.5 13.5 13.5 14 14 14 14 14 14 14 14 14 14 14 13.5 14 14 
14 14 13.5 14 14 14 14 14 14 14 14 14 14 14 14 14 13.5 14 14 14 14 14 14 14 14 14 
14 13.5 13.5 13.5 13.5 13.5 13.5 14 14 14 14 14 14 14 13.5 14 14 14 14 14 
13.5 13.5 13.5 13.5 14 14 14 14 14 14 14 14 14 14 13.5 14 14 14 14 14 14 
13.5 13.5 13.5 13.5 14 14 14 14 14 14 14 14 14 14 14 14 14 14 14 14 14 
13.5 13.5 13.5 13.5 13.5 14 14 14 14 14 14 14 14 14 14 14 13.5 14 14 14 14 
14 14 14 13.5 13.5 13.5 14 14 14 14 14 14 14 14 13.5 13.5 14 14 14 
14 14 13.5 13.5 13.5 14 14 14 14 14 14 14 14 14 13.5 13.5 13.5 14 14 14 14 14 14 14 
14 13.5 13.5 13.5 14 14 14 14 14 14 14 14 14 
13.5 13.5 13.5 13.5 14 14 14 14 13.5 14 14 14 14 14 14 14 14 14 14 14 14 14 14 
14 14 13.5 13.5 14 14 14 14 14 14 14 14 14 14 13.5 13.5 14 14 14 
14 14 13.5 13.5 13.5 13.5 14 14 14 14 14 14 14 14 14 14 14 14 14 14 14 13.5 13.5 14 
14 14 13.5 13.5 13.5 13.5 14 14 14 14 14 14 14 14 14 14 14 14 14 14 14 
14 13.5 14 14 14 14 14 14 14 14 14 14 14 14 14 13.5 13.5 13.5 14 14 14 13.5 14 
13.5 13.5 13.5 14 14 14 14 14 14 14 14 14 14 14 14 14 
14 13.5 13.5 13.5 14 14 14 14 14 14 14 14 14 14 14 14 14 14 14 14 14 
14 13.5 13.5 13.5 13.5 13.5 13.5 14 14 14 14 14 14 14 14 14 13.5 14 14 14 14 
14 13.5 13.5 13.5 13.5 14 14 14 14 14 14 14 14 14 14 14 13.5 13.5 13.5 14 14 14 14 14 14 14 14 14 14 14 14 14 
13.5 13.5 13.5 13.5 13.5 13.5 14 14 14 14 14 14 14 14 14 14 13.5 14 14 14 14 
13.5 13.5 14 14 14 14 14 14 14 14 14 14 14 14 14 14 13.5 14 14 
14 13.5 13.5 13.5 13.5 13.5 14 14 14 14 14 14 14 14 14 14 13.5 14 14 14 
14 14 13.5 13.5 13.5 13.5 14 14 14 14 14 14 14 14 14 13.5 14 14 14 14 
13.5 13.5 13.5 13.5 13.5 13.5 14 14 14 14 14 14 14 14 14 14 14 14 14 14 14 
14 13.5 13.5 13.5 13.5 13.5 13.5 14 14 14 14 14 14 14 14 14 14 14 14 14 
14 13.5 13.5 13.5 13.5 13.5 13.5 13.5 14 14 14 14 14 14 14 14 13.5 14 14 13.5 14 
14 13.5 13.5 13.5 13.5 14 14 14 14 14 14 14 14 14 14 14 13.5 13.5 14 14 13.5 
14 13.5 13.5 13.5 13.5 13.5 13.5 14 14 14 14 14 14 14 14 14 14 14 14 14 14 
14 13.5 13.5 13.5 14 14 14 14 14 14 14 14 14 14 14 14 14 14 14 14 14 14 14 
14 13.5 13.5 13.5 13.5 14 14 14 14 14 13.5 14 14 14 14 14 14 14 14 14 14 
14 14 13.5 13.5 13.5 13.5 13.5 14 14 14 14 14 14 14 14 14 13.5 13.5 14 14 14 
14 13.5 13.5 13.5 13.5 13.5 13.5 14 14 14 14 14 14 14 14 14 14 14 14 14 
14 13.5 13.5 13.5 13.5 13.5 13.5 14 14 14 14 14 14 14 14 14 14 14 14 
14 13.5 13.5 13.5 13.5 13.5 13.5 14 14 14 14 14 14 14 14 14 14 14 14 14 
14 13.5 13.5 13.5 13.5 13.5 14 14 14 14 14 13.5 14 14 14 
14 14 13.5 14 14 14 14 14 14 14 14 14 14 14 14 14 14 14 
14 14 13.5 14 14 14 14 14 14 14 13.5 13.5 14 14 14 14 
14 14 13.5 13.5 13.5 13.5 14 14 14 14 14 14 14 14 14 14 14 14 
14 14 14 13.5 13.5 13.5 13.5 14 14 14 14 14 14 14 14 14 13.5 13.5 14 14 14 
14 13.5 13.5 13.5 13.5 13.5 13.5 14 14 14 14 14 14 14 14 14 13.5 14 
14 13.5 13.5 13.5 13.5 13.5 13.5 13.5 14 14 14 14 14 14 14 14 14 14 14 14 14 
13.5 13.5 14 14 14 14 14 14 14 14 14 13.5 14 14 13.5 14 
14 13.5 13.5 13.5 13.5 13.5 14 14 14 14 14 14 14 14 14 14 14 
14 14 13.5 13.5 13.5 13.5 13.5 14 14 14 14 14 14 14 14 14 14 14 14 14 14 14 14 14 14 
14 13.5 13.5 13.5 13.5 13.5 14 14 14 14 14 14 14 14 14 14 13.5 14 14 14 
14 13.5 13.5 13.5 13.5 13.5 14 14 14 14 14 14 14 14 14 14 13.5 14 14 14 14 
14 14 14 13.5 13.5 14 14 14 14 14 14 14 14 14 14 14 
14 13.5 13.5 13.5 14 14 14 14 14 14 14 14 14 14 14 14 14 14 
13.5 13.5 13.5 13.5 14 14 14 14 14 14 14 14 14 13.5 14 14 14 
13.5 13.5 13.5 13.5 14 14 14 14 14 14 14 14 13.5 13.5 14 14 14 14 14 14 
14 14 14 13.5 13.5 14 14 14 14 14 13.5 14 14 
14 14 14 13.5 13.5 13.5 14 14 14 14 14 14 14 14 14 14 14 14 
14 14 13.5 13.5 13.5 13.5 14 14 14 14 14 14 14 14 14 14 13.5 14 14 14 14 
13.5 13.5 13.5 13.5 13.5 13.5 14 14 14 14 14 14 14 14 13.5 13.5 14 14 14 
14 14 14 13.5 14 14 14 14 14 14 14 14 14 14 14 14 14 14 14 14 14 14 14 14 14 14 
14 13.5 13.5 13.5 13.5 13.5 13.5 14 14 14 14 14 14 14 13.5 13.5 14 14 14 
14 14 13.5 13.5 14 14 14 14 14 14 14 14 14 13.5 13.5 13.5 14 14 14 
14 13.5 13.5 13.5 13.5 13.5 14 14 14 14 14 14 14 14 13.5 13.5 14 14 14 
14 13.5 13.5 13.5 13.5 13.5 14 14 14 14 14 14 14 14 14 14 14 14 14 14 14 
14 13.5 13.5 13.5 14 14 14 14 14 14 14 14 14 14 14 14 14 14 14 
14 14 14 13.5 13.5 13.5 14 14 14 14 14 14 14 14 14 14 14 13.5 14 14 14 
13.5 13.5 13.5 13.5 13.5 13.5 14 14 14 14 14 14 14 14 14 14 14 14 14 14 
14 14 13.5 13.5 13.5 14 14 14 14 13.5 13.5 14 14 14 14 
14 13.5 13.5 13.5 13.5 13.5 14 14 14 14 14 14 14 14 14 14 14 14 14 14 14 
14 13.5 13.5 13.5 13.5 13.5 14 14 14 14 14 14 14 14 14 13.5 14 14 14 14 
14 14 13.5 13.5 13.5 13.5 13.5 13.5 14 14 14 14 14 13.5 13.5 13.5 14 14 14 14 14 13.5 
13.5 13.5 13.5 13.5 14 14 14 14 14 14 14 14 14 14 14 14 14 14 14 
14 13.5 13.5 13.5 13.5 13.5 14 14 14 14 14 14 14 14 14 14 14 14 14 14 14 14 14 
14 14 13.5 13.5 13.5 13.5 14 14 14 14 14 14 14 14 14 14 13.5 13.5 14 14 14 14 
13.5 13.5 13.5 13.5 14 14 14 14 14 14 14 14 14 14 14 14 13.5 13.5 14 14 14 
14 13.5 13.5 13.5 14 14 14 14 14 14 14 14 14 14 14 14 14 
14 13.5 13.5 13.5 13.5 13.5 14 14 14 14 14 14 14 14 13.5 13.5 14 14 14 13.5 14 14 
14 13.5 13.5 13.5 13.5 13.5 14 14 14 14 14 14 14 14 14 14 13.5 13.5 14 14 13.5 
14 13.5 14 14 14 14 14 14 14 14 14 14 14 14 14 14 14 14 14 14 14 14 14 
13.5 13.5 13.5 13.5 14 14 14 14 14 14 14 14 14 14 14 14 14 14 
14 13.5 13.5 13.5 13.5 13.5 13.5 14 14 14 14 14 14 14 14 14 14 14 14 14 14 14 
13.5 13.5 13.5 13.5 14 14 14 14 14 14 14 14 14 14 14 14 14 14 
13.5 13.5 14 14 14 14 14 14 14 14 14 14 14 13.5 14 14 14 
14 13.5 13.5 14 14 14 14 14 14 14 14 14 14 14 14 14 13.5 14 14 14 14 14 
14 13.5 13.5 13.5 13.5 13.5 14 14 14 14 14 14 14 14 14 14 14 14 14 
14 14 13.5 13.5 13.5 13.5 14 14 14 14 14 14 14 14 14 14 14 14 14 14 14 
14 14 13.5 13.5 13.5 13.5 13.5 14 14 14 14 14 14 13.5 14 14 14 14 
14 13.5 13.5 13.5 13.5 13.5 13.5 14 14 14 14 14 14 14 14 14 13.5 14 14 13.5 14 
14 13.5 13.5 13.5 14 14 14 14 14 14 14 14 14 14 14 
14 13.5 13.5 13.5 13.5 13.5 14 14 14 14 14 14 14 14 14 13.5 13.5 13.5 14 14 14 14 
14 13.5 13.5 13.5 13.5 13.5 14 14 14 14 14 14 14 14 14 14 14 14 14 14 
13.5 13.5 13.5 13.5 13.5 13.5 14 14 14 14 14 14 14 14 14 13.5 14 14 
14 14 13.5 13.5 13.5 13.5 14 14 14 14 14 14 14 14 14 14 13.5 13.5 14 14 14 
14 13.5 13.5 13.5 13.5 13.5 13.5 14 14 14 14 14 14 14 14 14 13.5 13.5 14 14 
14 14 13.5 13.5 13.5 13.5 13.5 13.5 14 14 14 14 14 14 13.5 13.5 13.5 14 14 14 14 14 14 14 
14 14 13.5 13.5 13.5 13.5 13.5 13.5 14 14 14 14 14 14 14 14 14 13.5 14 14 14 
14 13.5 14 14 14 14 14 14 14 14 14 14 14 14 14 14 14 14 14 14 14 14 14 14 14 14 14 
13.5 13.5 13.5 13.5 14 14 14 14 14 14 14 14 14 14 14 14 14 14 
13.5 13.5 13.5 13.5 14 14 14 14 14 14 14 14 14 13.5 14 14 14 
13.5 13.5 13.5 14 14 14 14 13.5 14 14 14 14 14 14 14 14 14 
13.5 13.5 13.5 13.5 14 14 14 14 14 14 14 14 14 14 14 14 14 14 13.5 
14 14 14 13.5 14 14 14 14 14 14 14 14 14 14 14 14 13.5 14 14 14 
13.5 13.5 13.5 13.5 13.5 13.5 14 14 14 14 14 14 14 14 14 14 13.5 14 14 14 14 
14 13.5 13.5 13.5 13.5 13.5 13.5 13.5 14 14 14 14 14 14 14 14 14 14 14 14 
14 13.5 13.5 14 14 14 14 14 14 14 14 14 14 14 14 14 14 14 14 
14 13.5 13.5 13.5 13.5 13.5 14 14 14 14 14 14 14 14 14 13.5 14 14 14 14 14 
14 14 13.5 13.5 13.5 13.5 14 14 14 14 14 14 14 14 13.5 14 14 14 14 14 14 
14 14 14 14 14 14 14 14 14 14 14 14 14 14 14 
13.5 13.5 13.5 13.5 13.5 14 14 14 14 14 14 14 13.5 14 14 14 
14 13.5 13.5 13.5 13.5 14 14 14 14 14 14 14 14 14 14 14 13.5 14 14 
14 14 14 13.5 13.5 13.5 14 14 14 14 14 14 14 14 14 14 14 14 14 14 
14 13.5 13.5 14 14 14 14 14 14 14 14 13.5 14 14 
14 13.5 13.5 13.5 13.5 13.5 14 14 14 14 14 14 14 14 14 14 14 14 14 
14 13.5 13.5 13.5 13.5 13.5 14 14 14 14 14 14 14 14 14 13.5 14 14 
14 13.5 13.5 13.5 13.5 13.5 14 14 14 14 14 14 14 14 14 14 
14 13.5 13.5 13.5 13.5 13.5 14 14 14 14 14 14 13.5 14 
14 13.5 13.5 13.5 13.5 13.5 14 14 14 14 14 14 14 14 14 14 14 14 14 14 14 14 14 14 14 
14 13.5 13.5 13.5 13.5 13.5 14 14 14 14 14 14 14 14 13.5 14 14 14 14 14 14 14 14 14 
14 13.5 14 14 14 14 14 14 14 14 13.5 14 14 14 14 14 14 14 14 14 14 
14 14 13.5 13.5 13.5 14 14 13.5 13.5 14 14 14 14 14 14 14 14 14 
14 14 14 13.5 13.5 13.5 13.5 14 14 14 14 14 14 14 14 14 14 14 13.5 13.5 13.5 14 14 14 
14 14 13.5 13.5 13.5 13.5 14 14 14 14 14 14 14 14 14 14 14 14 14 14 
14 13.5 13.5 13.5 13.5 13.5 14 14 14 14 14 14 14 14 14 13.5 14 14 14 
14 13.5 13.5 13.5 13.5 13.5 14 14 14 14 14 14 14 14 14 14 14 14 
14 13.5 13.5 13.5 13.5 13.5 14 14 14 14 14 14 14 14 14 14 14 14 
14 13.5 13.5 13.5 13.5 14 14 14 14 14 13.5 13.5 14 14 14 
14 14 13.5 13.5 13.5 13.5 14 14 14 14 14 14 14 14 
14 14 14 13.5 13.5 14 14 14 14 14 14 14 14 14 14 14 13.5 14 14 14 14 14 14 14 
14 14 13.5 13.5 13.5 13.5 14 14 14 14 14 14 14 14 13.5 14 14 14 14 14 
14 13.5 14 14 14 14 14 14 14 14 14 14 14 14 13.5 13.5 13.5 14 14 14 14 14 14 14 14 14 14 
14 13.5 13.5 13.5 13.5 13.5 13.5 14 14 14 14 14 14 14 14 14 14 14 
14 14 13.5 13.5 13.5 13.5 14 14 14 14 14 14 14 14 13.5 13.5 14 14 14 
14 13.5 13.5 13.5 13.5 13.5 14 14 14 14 14 14 14 14 14 14 14 14 14 14 14 14 
14 13.5 13.5 13.5 13.5 14 14 14 14 14 14 14 14 14 14 14 
14 13.5 13.5 13.5 13.5 13.5 13.5 14 14 14 14 14 14 14 14 14 13.5 13.5 14 14 14 
14 13.5 13.5 13.5 13.5 13.5 14 14 14 14 14 14 14 14 14 14 13.5 14 14 13.5 14 
14 13.5 13.5 13.5 13.5 13.5 13.5 14 14 14 14 14 13.5 14 14 13.5 
14 13.5 13.5 13.5 13.5 13.5 13.5 14 14 14 14 14 14 14 14 14 14 14 14 14 
13.5 13.5 13.5 13.5 13.5 13.5 14 14 14 14 14 14 14 14 14 14 14 14 14 14 
14 14 14 13.5 14 14 14 14 14 14 14 14 14 14 14 14 14 13.5 14 14 14 
14 13.5 13.5 13.5 13.5 13.5 14 14 14 14 14 14 14 14 13.5 14 14 14 14 
14 14 13.5 13.5 13.5 13.5 14 14 14 14 14 14 14 14 14 14 13.5 13.5 14 14 14 
14 13.5 13.5 13.5 13.5 13.5 14 14 14 14 14 14 14 14 14 14 
14 14 13.5 13.5 13.5 13.5 13.5 14 14 14 14 14 14 14 14 14 14 14 14 14 14 
13.5 14 14 14 14 14 14 14 14 14 14 14 14 14 14 
14 13.5 13.5 13.5 13.5 13.5 14 14 14 14 14 13.5 14 14 14 14 
14 13.5 14 14 14 14 14 13.5 13.5 13.5 13.5 14 14 14 14 
13.5 13.5 13.5 13.5 14 14 14 14 14 14 14 14 14 14 13.5 13.5 14 14 14 14 14 
14 14 13.5 13.5 13.5 13.5 14 14 14 14 14 14 14 14 14 14 14 14 14 14 14 
13.5 13.5 13.5 13.5 13.5 14 14 14 14 14 14 14 14 14 13.5 14 14 14 14 
14 14 14 14 13.5 13.5 14 14 14 14 14 14 14 14 13.5 13.5 14 14 14 
14 14 14 14 14 14 14 14 14 14 14 14 14 14 14 13.5 14 
14 14 13.5 13.5 13.5 13.5 14 14 14 14 14 14 14 14 14 
14 13.5 13.5 13.5 13.5 13.5 14 14 14 14 14 14 14 14 
14 14 13.5 13.5 13.5 13.5 14 14 14 14 14 13.5 13.5 14 14 14 
14 13.5 13.5 13.5 13.5 13.5 13.5 14 14 14 14 13.5 14 14 14 14 14 14 14 14 14 
14 13.5 13.5 13.5 13.5 13.5 13.5 14 14 14 14 14 14 14 14 14 14 14 14 14 
14 14 13.5 13.5 13.5 13.5 14 14 14 14 14 14 14 14 13.5 13.5 14 14 14 
14 14 14 13.5 13.5 13.5 14 14 14 14 14 14 14 14 14 14 
14 14 14 14 14 14 14 14 14 14 14 14 14 14 14 
14 13.5 13.5 13.5 13.5 13.5 14 14 14 14 14 14 14 14 14 13.5 13.5 13.5 14 14 13.5 14 
13.5 13.5 13.5 13.5 14 14 14 14 14 14 14 14 14 14 14 14 14 13.5 14 14 14 
14 14 14 13.5 14 14 14 14 14 13.5 14 14 14 
13.5 13.5 14 14 14 14 14 14 14 14 14 14 14 14 14 14 14 14 14 
14 13.5 13.5 13.5 13.5 13.5 13.5 14 14 14 14 14 14 14 13.5 14 14 14 14 14 
14 13.5 13.5 13.5 13.5 13.5 13.5 13.5 13.5 13.5 14 14 14 14 14 14 14 14 14 13.5 
14 14 13.5 13.5 13.5 13.5 14 14 14 14 14 14 14 14 14 14 13.5 14 14 14 14 
13.5 13.5 13.5 13.5 13.5 14 14 14 14 14 14 14 14 14 14 14 13.5 13.5 14 14 
14 13.5 13.5 13.5 13.5 14 14 14 14 14 14 14 14 14 14 14 14 14 14 14 14 14 14 14 
14 13.5 13.5 13.5 13.5 13.5 13.5 14 14 14 14 14 14 14 14 13.5 14 14 14 
14 13.5 13.5 13.5 13.5 13.5 14 14 14 14 14 14 14 14 14 14 14 14 14 
14 13.5 13.5 13.5 13.5 13.5 13.5 14 14 14 14 14 14 14 14 14 13.5 14 14 14 14 14 
13.5 13.5 13.5 13.5 13.5 14 14 14 14 14 14 14 14 14 14 14 14 14 14 14 14 14 14 14 
14 13.5 13.5 13.5 13.5 13.5 14 14 14 14 14 14 14 14 14 14 14 14 
14 13.5 13.5 13.5 13.5 13.5 13.5 13.5 14 14 14 14 14 14 14 14 14 13.5 13.5 13.5 14 14 14 14 
14 13.5 13.5 13.5 13.5 13.5 13.5 14 14 14 14 14 14 14 14 14 14 14 14 14 
13.5 13.5 13.5 13.5 14 14 14 14 14 14 14 14 14 
14 14 14 13.5 14 14 14 14 14 14 14 14 14 14 13.5 13.5 14 
14 14 14 13.5 13.5 14 14 14 14 14 14 14 14 14 14 14 14 
14 14 14 14 14 14 14 14 14 14 14 14 14 14 14 13.5 13.5 13.5 14 14 14 14 
13.5 13.5 13.5 13.5 14 14 14 14 14 14 14 14 14 14 14 14 13.5 13.5 14 14 14 
14 13.5 13.5 13.5 13.5 13.5 14 14 14 14 14 14 14 14 13.5 14 14 14 14 14 
14 13.5 13.5 13.5 13.5 13.5 13.5 14 14 14 14 14 14 14 14 14 14 14 14 14 
14 13.5 13.5 13.5 13.5 13.5 14 14 14 14 14 14 14 14 14 14 14 14 14 14 
14 13.5 13.5 13.5 13.5 13.5 14 14 14 14 14 14 14 14 14 14 14 14 14 14 
14 13.5 13.5 14 14 14 14 14 14 14 14 14 14 14 14 14 14 14 13.5 13.5 13.5 13.5 14 14 14 14 14 
14 14 14 14 14 14 14 14 14 14 14 14 14 14 14 14 14 13.5 
14 13.5 13.5 13.5 14 14 14 14 14 14 14 13.5 13.5 13.5 14 14 14 14 14 14 
14 13.5 13.5 13.5 13.5 13.5 13.5 14 14 14 14 14 14 14 14 14 14 14 14 14 
13.5 13.5 13.5 13.5 13.5 13.5 13.5 13.5 14 14 14 14 14 14 14 14 13.5 14 
14 13.5 13.5 13.5 13.5 13.5 14 14 14 14 14 14 14 14 14 14 14 14 14 14 14 
14 13.5 13.5 13.5 13.5 14 14 14 14 14 14 14 14 14 14 14 14 14 14 14 14 
14 13.5 13.5 13.5 13.5 13.5 14 14 14 14 14 14 14 14 14 14 14 14 14 
14 13.5 13.5 13.5 13.5 13.5 14 14 14 14 14 13.5 13.5 14 14 14 14 
14 13.5 14 14 14 14 14 14 14 14 14 14 14 14 14 14 14 14 14 14 
14 13.5 13.5 13.5 13.5 14 14 14 14 14 14 14 14 14 14 14 13.5 13.5 14 14 14 
14 13.5 13.5 13.5 13.5 13.5 13.5 14 14 14 14 14 14 14 13.5 14 14 14 14 14 
13.5 13.5 13.5 13.5 13.5 13.5 13.5 14 14 14 14 14 14 14 14 14 14 14 14 
14 14 13.5 13.5 14 14 14 14 14 14 14 14 14 14 14 14 14 14 13.5 13.5 13.5 14 14 14 14 14 
14 14 14 13.5 14 14 14 14 14 14 14 13.5 13.5 13.5 
13.5 13.5 13.5 13.5 14 14 14 14 14 14 14 14 14 14 14 14 14 
14 14 13.5 13.5 13.5 13.5 14 14 14 14 14 14 14 14 14 14 14 14 14 14 14 
14 14 14 13.5 13.5 14 14 14 14 14 14 14 14 14 14 
14 14 14 13.5 14 14 14 14 14 14 13.5 14 14 14 14 
14 14 14 13.5 13.5 14 14 14 14 14 14 14 14 14 
14 13.5 13.5 13.5 13.5 13.5 14 14 14 14 14 13.5 14 14 14 14 14 14 14 14 14 
14 14 14 13.5 13.5 13.5 14 14 14 14 14 14 14 14 14 14 14 14 14 
14 14 13.5 13.5 13.5 13.5 14 14 14 14 14 14 14 14 14 14 14 14 14 14 14 
14 13.5 13.5 13.5 14 14 14 14 14 14 14 14 13.5 13.5 14 14 
13.5 13.5 13.5 13.5 14 14 14 14 14 14 14 14 14 14 13.5 13.5 14 14 14 
14 13.5 13.5 13.5 14 14 14 14 14 14 14 14 14 13.5 13.5 13.5 14 14 14 
14 14 14 13.5 13.5 14 14 14 14 14 14 14 14 14 14 14 14 14 14 
14 14 13.5 13.5 13.5 13.5 14 14 14 14 14 14 14 14 13.5 14 14 14 14 
14 13.5 13.5 13.5 14 14 14 14 14 14 14 14 14 14 14 14 14 14 13.5 14 14 
14 14 13.5 13.5 14 14 14 14 14 14 14 14 14 14 14 14 13.5 14 14 14 14 14 
14 14 14 14 14 14 14 14 14 14 13.5 13.5 13.5 13.5 13.5 13.5 13.5 13.5 13.5 14 
14 14 14 13.5 13.5 13.5 14 14 14 14 14 14 14 14 14 14 14 14 14 14 14 
14 14 14 14 14 14 14 14 14 14 14 14 14 14 14 14 14 14 14 14 14 
14 14 14 14 13.5 13.5 14 14 14 14 14 14 14 14 14 13.5 14 14 14 
14 14 13.5 13.5 13.5 13.5 13.5 13.5 14 14 14 14 14 14 14 14 14 14 
14 13.5 13.5 13.5 13.5 13.5 14 14 14 14 14 14 14 14 14 14 13.5 14 14 14 14 
13.5 13.5 13.5 13.5 13.5 13.5 14 14 14 14 14 14 14 14 14 14 14 14 
14 14 13.5 13.5 13.5 13.5 14 14 14 14 14 14 14 14 14 14 14 14 14 14 
14 13.5 13.5 13.5 13.5 13.5 13.5 14 14 14 14 14 14 14 14 14 13.5 13.5 14 14 14 14 
13.5 13.5 13.5 14 14 14 14 14 14 14 14 14 14 14 14 14 13.5 14 14 14 14 
14 13.5 13.5 13.5 13.5 13.5 14 14 14 14 14 14 14 14 14 14 13.5 14 14 14 14 
14 13.5 13.5 13.5 13.5 13.5 14 14 14 14 14 14 14 14 14 14 14 
14 13.5 13.5 13.5 13.5 13.5 13.5 14 14 14 14 14 14 14 14 14 13.5 14 14 14 14 
14 13.5 13.5 13.5 13.5 13.5 14 14 14 14 14 14 14 14 14 14 13.5 13.5 14 14 14 
14 13.5 13.5 13.5 13.5 13.5 14 14 14 14 14 14 14 14 13.5 14 
14 13.5 13.5 13.5 13.5 13.5 13.5 14 14 14 14 14 14 14 14 14 14 14 14 14 14 
14 13.5 13.5 13.5 13.5 13.5 13.5 14 14 14 14 14 14 14 14 14 14 14 14 14 
13.5 13.5 13.5 13.5 14 14 14 14 14 14 14 14 14 14 14 14 
13.5 13.5 13.5 13.5 13.5 13.5 14 14 14 14 14 14 14 14 14 14 13.5 13.5 14 14 14 
14 13.5 13.5 13.5 13.5 13.5 13.5 14 14 14 14 14 13.5 14 14 14 
14 14 13.5 13.5 13.5 13.5 13.5 13.5 14 14 14 14 14 14 14 14 14 14 14 14 14 13.5 13.5 14 
14 13.5 13.5 13.5 13.5 13.5 13.5 14 14 14 14 13.5 14 14 14 14 13.5 14 14 14 
14 13.5 13.5 14 14 14 14 14 14 14 14 14 14 14 14 14 14 13.5 14 
14 13.5 13.5 13.5 13.5 13.5 13.5 14 14 14 14 14 14 14 14 14 14 14 14 14 14 
14 13.5 13.5 13.5 13.5 13.5 14 14 14 14 14 14 14 14 14 14 14 14 14 
14 14 14 14 14 14 14 14 14 14 14 13.5 13.5 14 14 14 14 14 14 14 14 14 14 14 
14 13.5 13.5 13.5 13.5 13.5 14 14 14 14 13.5 14 14 14 14 14 14 14 14 14 14 
14 13.5 13.5 13.5 13.5 13.5 14 14 14 14 14 14 14 14 14 13.5 14 14 14 
14 14 14 13.5 14 14 14 14 14 14 14 14 14 14 14 13.5 13.5 14 
13.5 13.5 13.5 13.5 14 14 14 14 14 14 14 14 13.5 14 14 14 
14 14 13.5 13.5 13.5 13.5 14 14 14 14 14 14 14 14 14 14 14 14 14 14 
14 13.5 13.5 13.5 13.5 13.5 13.5 13.5 14 14 14 14 14 14 14 14 14 
14 14 14 13.5 13.5 13.5 14 14 14 14 14 14 14 14 13.5 13.5 14 14 14 
14 14 14 13.5 13.5 13.5 13.5 14 14 14 14 14 14 14 14 14 14 
14 13.5 13.5 13.5 14 14 14 14 14 14 14 14 14 14 14 14 14 14 14 14 14 14 14 
14 13.5 13.5 14 14 14 14 14 14 14 14 14 14 14 14 14 14 14 14 13.5 
13.5 13.5 13.5 14 14 14 14 13.5 14 14 14 14 14 14 14 14 
14 14 14 13.5 13.5 14 14 14 14 14 14 14 14 14 13.5 13.5 14 14 14 14 
14 14 14 13.5 14 14 14 14 14 14 14 14 14 14 14 14 14 13.5 14 14 
14 13.5 13.5 13.5 13.5 13.5 14 14 14 14 14 14 14 14 14 13.5 14 14 14 
14 13.5 13.5 13.5 13.5 13.5 14 14 14 14 14 14 14 14 13.5 13.5 14 14 14 
14 14 13.5 13.5 13.5 13.5 14 14 14 14 14 13.5 13.5 14 14 14 14 14 14 14 14 14 14 14 14 14 
14 13.5 13.5 13.5 13.5 13.5 14 14 14 14 14 14 14 14 14 14 14 14 14 14 14 
14 13.5 13.5 13.5 13.5 13.5 14 14 14 14 14 14 14 14 14 14 14 13.5 14 14 14 
14 13.5 13.5 13.5 13.5 13.5 13.5 14 14 14 14 14 14 14 14 14 14 14 14 14 14 14 
14 14 14 14 14 14 14 14 14 14 14 14 14 14 14 
14 14 13.5 13.5 14 14 14 14 14 14 14 14 14 14 14 14 14 14 
14 14 13.5 13.5 13.5 13.5 14 14 14 14 14 14 14 13.5 14 14 14 14 
14 13.5 13.5 13.5 13.5 13.5 13.5 14 14 14 14 14 14 14 14 14 14 14 14 
13.5 13.5 13.5 13.5 14 14 14 14 14 14 14 14 14 14 14 14 14 
14 14 13.5 13.5 13.5 13.5 14 14 14 14 14 14 14 14 14 14 14 14 14 14 14 
14 13.5 13.5 13.5 13.5 13.5 14 14 14 14 14 14 14 14 14 14 14 14 14 
14 13.5 13.5 14 14 14 14 14 14 14 14 14 14 14 14 14 14 13.5 13.5 14 14 
14 13.5 13.5 14 14 14 14 14 14 14 14 14 14 14 14 14 14 14 14 14 14 14 14 14 
14 14 13.5 13.5 14 14 14 14 14 14 14 14 14 14 14 14 13.5 13.5 14 14 14 
13.5 13.5 13.5 13.5 13.5 13.5 13.5 13.5 13.5 13.5 13.5 13.5 14 14 14 14 14 14 14 14 14 14 14 14 14 
13.5 13.5 13.5 13.5 13.5 13.5 14 14 14 14 14 14 14 14 14 14 14 14 14 14 14 14 14 
14 13.5 13.5 13.5 13.5 14 14 14 14 14 14 14 14 13.5 14 14 14 
14 13.5 13.5 13.5 13.5 13.5 13.5 14 14 14 14 14 14 14 14 14 13.5 14 14 14 14 
