13.5 13.5 13.5 13.5 13.5 13.5 13.5 13.5 13.5 13.5 13.7143 13.7143 13.7143 15 15 15.25 15.25 15.25 14.6667 15.5 15.5 15.5 15.5 16 
14 13.875 13.2857 13.2857 13.2857 12.6667 12.6667 12.6667 12.6667 12.6667 12.6667 12.6667 12.6667 12.6667 12.6667 13 13 13 12.25 12.25 12.3333 13.5 13.5 14 
14 14 14 14 14 14 14 14 13.625 13.8571 14.5 14.5 13.25 13.25 13.25 13.3333 13.3333 13.3333 14.5 15 15 15 
14 14 13.875 12.6667 12.6667 12 12 12.5 12.5 12.5 12.5 12.5 12.5 12.5 12.5 12.5 12.5 12.5 12.5 12.5 12.5 12.3333 12.3333 12.3333 12.3333 11.5 11.5 11 
14 14 13 13 12.6667 12.6667 12.6667 12.6667 12.6 11.75 11.75 11.75 11.75 11.75 11.75 11.75 12 12 12 12 13 13 13 12 12 12 12 12 
14 14 14 14 13.875 13.875 13.2857 13.2857 13.5 13.5 13.5 13.6 13.6 13.6 13.6 13.6 13.6 13.6 13 12.6667 12.6667 12.6667 12.6667 12.6667 10.5 10 10 
14 14 13.875 13.875 13.875 13.5714 13.5714 12 12 12 12 12 11.75 11.75 11.75 11.75 11.75 12.3333 12.3333 12.3333 12.3333 12.3333 12.3333 12.5 11 11 
14 14 13.875 12.6667 12.6667 12.6667 12.6667 12.6667 12.6667 12.4 12.4 12.4 12.75 12.75 12.75 13.6667 13.6667 13.6667 13.6667 13.6667 14.5 14.5 14.5 14.5 14.5 14.5 16 
14 14 14.125 14.125 14.125 14.125 14.125 14.1429 14.1429 13.5 13.2 13.2 13.2 12.25 12.25 13 13 13.5 13.5 13.5 13.5 13.5 13.5 13.5 13.5 16 
14 13.5 13.5 13.7143 13.7143 14.3333 13.8 13.8 13.8 13.5 12.6667 13.5 14 14 14 14 
14 14 14 14 13 13 13 13 13 13.6 13.6 13.6 14 14 14 14 14 14 13.6667 13.6667 12.5 12.5 12.5 14 
14 14 14 13.5 13.5 13.5 13 13 13 13 13 13 12.8333 12.4 12.4 11.5 11.5 11.5 11.5 11.5 11.5 11.5 11.5 12 12 13 13 13 
14 13 13 12.5 12.5 12.4 12.4 12.5 12.5 12.5 13.3333 13.3333 13.3333 13.3333 13.3333 13.3333 13 11 11 11 11 11 11 11 11 11 11 
14 14 14 14 13 12.6667 12.6667 13.2 13.2 13.25 13.25 12.3333 11.5 12 12 12 12 12 12 12 12 12 
14 14 13 13 13 13 13 13 13 13 13 13 13.6 13.6 13.6 13.6 14.25 14.25 14.25 14 14 13 13 13 12 12 12 
14 14 14 14 14 14 14.25 14.25 14.25 14.25 14.25 14 15.4 15.4 14.75 14.75 14.75 14.75 14 14.5 14.5 14.5 14 14 14 14 
14 14 14 14 14 14.1429 14.1429 14 14 14 14 14 14 14 14 12.25 12.25 12.6667 12.6667 12.6667 14 14 14 16 16 16 
14 14 14 14 14 14 14 14 14 14 13.2857 13.5 13.5 13.6 13.6 13.6 13.6 13.6 13.6 14.25 14.25 15.6667 15.6667 16.5 16.5 17 17 
14 14 14 14 14 14 14 14 14.5 14.5 14.1429 13 13 13 13 13 13 13.6667 13 14 14 14 14 14 14 
14 14 13.5 13.5 13.8571 13.8571 13.8571 13.5 14.2 14.2 14 14 14 15 15 15 15 15 15 17 17 17 17 17 
14 14 14 14.125 14.125 14.125 14.125 13.7143 13.7143 15 15 15 13 12.6667 12.6667 11 11 12 12 12 12 12 12 12 12 12 12 
14 14 14 12.8333 12.8333 12.8333 12.4 12.25 11 10.5 10.5 10.5 10.5 10.5 10.5 10.5 10.5 10.5 10.5 10.5 10.5 10.5 10.5 10 10 10 
14 14 14 14 13.625 14.1429 14.1429 14.1429 14.1429 14.1429 14.1429 13.5 13.5 13.4 13.4 13.4 13.4 13.75 13.75 14 14 14 13 11 
14 14 14 14 14 13.8571 13.1667 13.1667 13.1667 12.6 12.6 12.6 12.5 12.5 12.5 12.5 12.5 12.5 12.5 12.6667 12.6667 13.5 13.5 17 
14 14 14 14 14 14 14.2857 14 14 14 14 14 12.75 12.75 12.6667 12.6667 12.6667 12.6667 12.6667 14 14 14 11 11 11 11 11 
14 14 13.875 13.875 14.1429 14.1429 14.1429 14.1429 14.1429 13.8333 13.2 13.2 14 15 15 15 13.5 13.5 13.5 13.5 13.5 13 
14 14 14 13.5 13.4286 14 14.4 14.4 14.4 13.75 13.75 13.75 13.75 13.75 13.75 13.75 13.75 14.6667 14.6667 14.6667 14.6667 14.6667 14.6667 14.6667 14.6667 14.6667 14.5 13 
14 14 13.875 14 14 14 14 14 13.2 12.25 12.25 12.25 12.25 12.25 12.3333 13.5 13.5 13.5 13.5 13.5 13.5 16 16 16 16 16 16 16 
14 14 14 14 14 14 14 14.25 14.25 14.25 13.7143 13.1667 13.1667 13.1667 13.1667 13 13 13 13 13.5 13.5 13.5 13.5 13.5 13.5 13 14.5 13 
14 14 14.25 14.25 14 14.6667 15 15 14 14 14 14 14 14 14 14 14 14 14 14 14 17 17 
14 14 14 14 13.5 13.7143 15 15 15 15 14.5 14.5 14.5 14.6667 14.6667 14.6667 14.6667 14.6667 14.6667 14 14 14 14 14 15 
14 14 14 13.875 13.875 13.875 13.875 13.875 13.4286 13.4286 13.4286 13.4286 13.4286 12 12.25 12.25 11.6667 11.6667 11.6667 11.6667 11.6667 11.6667 11.6667 11.5 11.5 10 
14 14 14.375 13.3333 13.4 13.4 13.4 13.4 13.4 12.75 12.75 12.75 12.75 12.75 12.75 12.3333 12.3333 12.3333 13.5 13.5 13.5 12 12 12 12 
14 14 14 14 14 14 13.5 13.5 13.5 13.5 13.5 13.5 13.5 13.5 13.8571 14 13.6 13.6 12.75 12.75 12.75 12.75 13.6667 13.6667 13.5 15 15 
14 13.875 13.875 13.875 13.875 13.875 13.2857 13.2857 12.6667 12.8 12.8 12.8 12.8 12.8 12.8 12.8 12.8 12.8 12.75 12.75 13.6667 12.5 14 14 14 
14 14 14 14.375 14.375 15 15 15 15 15 15 15 15.1667 15.1667 15 15 15 15.5 15.5 15.5 15.5 15.5 13.5 13.5 13.5 12 12 
14 14 14 14 14 14 13.75 14.1429 14.1429 13.6667 13.6667 14 14 14 14.25 15.6667 15.6667 16.5 16.5 16.5 16.5 15 15 15 15 15 15 15 
14 14 14 14 14 14.25 14 14 13.3333 13.2 13.2 13.2 13.2 13.2 13.2 13.2 13.2 13.25 13.25 13.25 13.25 13.25 12.6667 12.6667 13.5 13.5 17 17 
14 14 13.75 13.1429 13.3333 14.75 14.75 14.75 14.75 14.75 14.75 14.75 14.75 15.3333 15.3333 15.3333 15.5 15.5 15.5 15.5 15.5 15.5 15.5 17 17 
14 14.5 14.5 14.5 14.5 14.5 14.5 14.5 14.5 14.5 14.5 14.5 14 14 14.1667 14.1667 14.1667 14.8 14.8 14.8 14.5 14.6667 14.6667 14.6667 13.5 15 15 
14 14 14.25 14.25 13.8571 13.8571 13.8333 13.8333 13.8333 13.8333 13.8333 13 13 13 13 13 13 12.5 13.3333 13.3333 13.3333 12 12 12 12 12 13 13 
14 14 14 14 14 14.125 14.4286 14.4286 14.4286 14.4286 14.4286 14.4286 14.4286 14.4286 14.4286 14.4286 14.4286 14.4286 14.5 14.4 14.4 13.5 13.5 16.5 16 16 16 
14 13 13 13 13.1667 13.1667 13.1667 13.1667 13.1667 13.1667 13.1667 13.8 13.8 13.8 13.75 14.6667 15.5 16 16 16 
14 14 14 14 14.375 15.3333 15.3333 15.3333 15.3333 15 15 15 15 15 15 15 15 15 15.75 15.75 15.75 15.75 14.5 14 14 14 14 14 
14 14.375 14.375 13.8571 13.8571 13.5 13.5 13.5 13.4 13.4 13.4 13.4 12.5 12.5 12.5 12.5 12.5 13.3333 13.3333 13.5 13.5 13.5 13.5 15 15 15 15 15 
14 14 14 14.375 14.375 14.375 14.375 14.2857 14 14 14 14.8 14.8 14.8 14.8 14.8 14.8 14.8 14.8 14.8 14 14 14 14.6667 13.5 14 14 
14 14 14 14 14 14.5 14.5714 14 14 14.6 14.6 14.6 14.6 15.25 15.25 14.6667 14.6667 14.6667 15.5 15.5 15.5 16 16 
14 14 14 14 14 14 14 14 14.1429 13.2 13.2 13.2 13.2 13.2 13.2 13.2 13.2 13.2 13.2 13.2 12.5 12.5 11 11 11 11 10.5 11 
14 14 14 14 14 14 14 14.25 14.8571 13.8 13.8 14.5 14.5 14.5 14 14 14 14 14 14 14 14 14 14 13 13 
14 13.75 13.8571 13.8571 13.8571 13.8571 14.1667 14.1667 14.1667 15 15 14.25 14.25 15.3333 15.3333 15.3333 15.3333 15.3333 15.5 15.5 15.5 15.5 15.5 15.5 17 17 
14 14.125 13.8571 13.8571 13.1667 12.4 12.4 12.75 12.75 12.75 13.6667 13.6667 13.6667 13.6667 13.6667 13.5 13.5 13.5 13.5 13.5 13.5 15 15 15 
14 14 14 14 14 14 14 13.875 13.875 13.875 12.8333 13.2 13.2 13.2 13.2 14 14 14 14.3333 14.3333 15.5 15.5 17 17 17 17 17 
14 14 14 14 14 14 14.25 14.25 14.25 14.4286 14.4286 14.4286 14.4286 14.4286 15.1667 15.1667 15.1667 16 15.75 15.75 16 16 17 17 16 
14 14 13 13 13 13 13 13 13 13 13 12.6667 12 12 12 12 13 13 13 14 14 14 14 14 14 
14 14 14.25 14.25 14.25 13.1667 13.1667 13.1667 14.5 14.5 14.5 14.5 14.5 14 14 14 13.5 13 13 13 13 13 13 13 13 13 
14 14 14.375 14.375 14.5714 14.5714 14.5714 14.5714 14.5 14.5 13.8 13.8 13.75 13.75 13 17 17 17 17 17 17 17 17 17 17 17 17 17 
14 14 14 14.5714 14.5714 14.5714 14.5714 14.5714 14.5714 14.5714 14.5714 14.5714 15.1667 15.1667 15.1667 15.1667 15.1667 15.1667 15.2 15.2 14.75 15.3333 12 
14 14 14 13 13 13 12.6667 12.6667 12.6667 12.6667 13.2 13.2 13.5 13.6667 13.6667 13.6667 13.6667 13.6667 13.6667 13.6667 13.6667 13.6667 13.6667 13.6667 12.5 11 
14 14 14.5 14.5 14 13.8333 13.8333 13.8333 14.2 14.2 14.2 14.2 14.2 14.25 14.25 14.25 14.6667 14.6667 13.5 13.5 16 
14 14 13.5 13.1429 13.1429 13.1429 13.1429 13.1429 13.1429 13.1429 14.2 14.2 14.2 14.75 14.6667 14.6667 14.6667 14.6667 15 15 15 15 15 15 15 17 
14 14 14 14 14.5714 14.5714 14.5714 14.5714 14.5714 14.5714 15.1667 15.1667 15.1667 15 15 14 14 14 15 13 13 13 13 13 
14 14 14 14 14.5 14.5 14.5 15 15 15 15 15 15.3333 16 16.25 16 16 16 15 15 15 15 15 15 15 15 14 14 
14 14 13 13 13.5 13.4 13.4 14 14 14 13.3333 13.3333 13.3333 13.3333 13.3333 13.5 13.5 12 12 12 12 12 12 12 12 
14 14.25 14.25 14.25 14.25 14.8571 14.8571 14.8571 15.5 15.5 15.6 15.5 15.5 14.6667 14.6667 14.6667 15 15 15 15 15 15 15 13 13 13 
14 14 14 14.375 14.375 14.375 15.5 15.5 15.5 15.5 15.5 15.5 15.8 15.8 15.25 15.25 15.25 15.3333 15.3333 14.5 14.5 14.5 14.5 16 16 
14 14 14 14 14 14 13.875 13.875 14.4286 14.4286 14.4286 14.4286 14.8333 14.8333 14.8333 14.8333 14.8333 14.6 14.6 14.6 13.75 13.6667 13.6667 13.6667 15 13 13 
14 14 13 13.5 13.5 13.5 13.8 13.8 13.8 13.8 13.8 14 14 14 14 14 13.3333 14.5 14.5 14.5 14.5 14.5 15 15 15 15 15 15 
14 14.5 14.5 14.7143 14.7143 14.8333 14.8333 14.8333 14.4 14.4 14.4 15.25 16.3333 17 17 17 17 16 16 16 16 16 16 16 16 16 16 
14 14 14 14.375 14.375 14.375 14.5714 14 14 14 14 13.25 13.25 13.25 12.3333 13.5 13.5 15 15 15 
14 14 14.5 15 15 14.8333 14.8333 14.8333 14.8333 14.8333 14.8333 14.8333 14.2 14.2 14.2 14.2 14.5 14.5 14.3333 14.3333 14.3333 14.3333 15.5 15.5 15.5 15.5 14 
14 14 13.75 13.75 13.75 13.75 13.75 13.75 13.7143 13.7143 13.7143 13.7143 13.7143 12.2 12.25 13 13 13 14 14 14 14 14 14 13 13 13 13 
14 14 14.125 14.125 14.4286 14.4286 14.5 14.5 14.2 14.2 14.2 15.25 15.25 15.25 15.25 15.25 15.25 14.3333 14.3333 13 13 15 15 
14 13 13 13 13 12.5 12.5 12.5 12.5 12.8 12.8 12.8 12.8 12.25 12.25 12.25 12.25 11.6667 11.5 11.5 11.5 10 10 
14 14 14.25 13.1667 13.2 13.2 13.2 13.2 13.2 14 13.6667 13.6667 15 15 14 14 14 14 14 14 14 14 14 14 14 
14 14 14 14 13.1429 13.1429 13.1429 13.1429 13.1429 13.1429 13.1429 13.1429 13.1429 13.1667 13.1667 13.1667 13.1667 13.1667 12.4 12.4 12.4 12.5 12.5 12.5 11.6667 12 10 10 
14 14 14 14 13 13.3333 13 13.25 12.3333 12 12 
14 14 14 14 14 14 13.5 13.5 13.7143 13.8333 13.8333 13.8333 13.8333 14.6 14.6 14.6 14.6 14.25 14 14 15.5 17 17 17 
14 14 13.875 13.2857 13.6667 13.6667 13.8 13.8 14.75 14.75 15 15 15 15 14.5 14.5 14.5 14.5 14.5 14.5 14.5 14.5 14.5 14.5 14.5 14.5 17 17 
14 14 14.375 14.1429 14.1429 14.1429 14.1429 14.1429 13.5 13.5 13.2 13.2 13.2 13.2 13.2 13 13 13 13 14 14.5 14.5 17 17 17 17 17 
14 14 13.4286 13.4286 14 14.4 14.4 14.4 14.4 14 14 14 13.6667 13.6667 12 12 12 12 12 12 13 13 13 13 13 13 13 13 
14 13.875 13.2857 13.2857 13.2857 13.2857 13.2857 13.2857 13.2857 13.1667 13.2 13.2 13.2 15 15 15 15 15 16.5 16.5 16.5 16.5 16.5 16.5 16.5 16.5 16 
14 14 14 14 14 14 14 14 14 13.5 13.2857 12.6667 12.6667 12 12.5 12.5 12.3333 12.3333 12.3333 12.3333 12.3333 12.3333 12.5 12.5 12.5 12.5 11 11 
14 13.875 13.2857 13.2857 13.2857 13.2857 13.2857 13.2857 13.2857 13.2857 13.2857 13.5 14.2 13.5 14.3333 14.3333 13.5 13.5 13 13 13 13 
14 14 13.875 13.875 13.875 13.875 13.875 14.2857 14.2857 13.6667 13.6667 13 13 13 12.6667 12.6667 14 14 14 14 14 16 16 16 16 16 16 
14 14 14 14 14 14 13.75 13.75 13.75 12.5 12.5 12.5 12.6 12.6 12.6 12.6 12.6 12.6 12.6 12 11.6667 10.5 10.5 10.5 10.5 10 10 
14 14 14 14 14.125 14.125 14.125 14.125 14.125 15.3333 15.4 15.4 15.4 15.4 14.75 14.3333 14.3333 14.3333 14.3333 15.5 15.5 15.5 15.5 15.5 14 
14 13.875 13.8571 13.8571 13.8571 14.5 14.5 14.5 14.5 14.5 14.5 14.5 14.2 15 12.5 12.5 12.5 12.5 12.5 12.5 12.5 12.5 13 13 
14 14 14 14 14 14 13 13 13.3333 14 14 14 14 14 14 14 14.5 14.5 14.5 14.6667 14.6667 14.6667 14.6667 14.6667 14 14 13 
14 14 14 14 14 14.125 14.5714 14.5714 16 16 15.5 15.5 15 15 15 15.5 15.5 15.5 15.5 15.5 15.5 15.5 15.5 15 15 15 15 15 
14 13.5 13.5 13.8571 13.8571 13.8571 14.8 14.8 14.8 15 16 16 16.5 16.5 16.5 16.5 16.5 16.5 16.5 16.5 16.5 16.5 16.5 16.5 16 16 16 
14 14.25 14.25 14.8571 14.8571 14.8571 14.8571 14.5 14.5 15.2 15.5 15.6667 14.5 14.5 14.5 14.5 14.5 14.5 14.5 14.5 14.5 14.5 13 13 13 
14 14 13.5 13.5 13 13 13 13 12.5 12.5 12.5 12.5 12 12 11.5 11.5 11.5 11.5 12 12 11.5 11 
14 14 14 14 14 14.125 14.125 14.4286 14.4286 14.3333 14.3333 14.3333 14.3333 15 15.25 15.25 15.25 14.6667 10 10 10 10 10 10 10 10 
14 14.25 14.25 14.1429 14.1429 14.1429 14.1429 14.1429 14.1667 14.1667 15 15 15 15 15 15 15 15 15 14.75 14.75 14.75 11.3333 10.5 11 11 11 
14 13.5 13.5 13.5 13.5 13 13 13 12.8 12.8 12.8 12.25 12.25 11 10.5 10.5 10.5 10.5 10.5 10.5 10.5 11 11 11 11 11 
14 14 14 13.8571 13.8571 13.8571 13.8571 13.8571 14 14 14.6 15.25 17 17 17 17 17 17 17 17 17 17 17 17 17 16 
14 13.875 13.875 13.8571 13.8571 14 14 14.4 17 17 17 17 17.5 17.5 17.5 17.5 17.5 17.5 17.5 17.5 
14 14 14 14.25 14.25 15.5 14.5 14.5 14.6667 14.6667 14.6667 14.6667 15.5 16 16 16 16 16 16 16 16 16 16 16 16 16 16 
14 14 14 14 13.1429 13.1429 13.1429 13.3333 13.3333 13.3333 13.3333 13.4 13.4 13.4 12.5 12.5 12.5 12 12.5 12.5 12.5 12.5 12.5 15 15 15 
14 14 14 14 14.25 14.25 14.25 14.4286 14.4286 14.4286 14 13.2 13.2 13.2 13 12 12 12 12 12 12 12 12 10.5 10.5 10.5 11 11 
