22 21.75 22 22 22 22 22 22 22 22 22 22 22 22 22 22 22 22 22 22 22 22 22 22 22 22 24 24 
22 22 22 22 22 22 22 22 22 22 22 21.75 21.6667 21.6667 21.6667 21.6667 21.6667 21.6667 22 24 24 24 
22 21.5 21.5 21.5 21.5 21.5 21.5 21.5 22.5 22.5 22 22 22 22 22 22 22 22 22 22 22 22 22.5 22.5 22.5 22 22 22 
22 22 22 22 22 22 21.75 21.75 21.75 21.75 21.75 22.3333 22.3333 22.3333 22.3333 23 23 23 23 23 23 23 23 23 22 
22 21.5 22 22 22 21.6667 21.6667 21.6667 21.6667 21.6667 21.6667 21.6667 21.6667 21.6667 21.6667 21.6667 21.6667 22 22 22 22 24 24 24 24 24 24 24 
22 21 21 21 21.5 21.5 21.5 21.5 21.5 21.5 21.5 21.5 21.6667 21.6667 21.6667 21.6667 21.6667 21.6667 21.6667 21.6667 22.5 22.5 22.5 22.5 22.5 23 23 
22 22.5 22 22 22 21.75 21.75 22 22 23 23 23 23 23 23 23 23 23 23 23 23 23 22 22 22 22 22 
22 21.5 21.5 21.5 21.5 21.5 22 22 22 22 22 22 22 22 22 22 22 22 22 21.6667 20.5 20.5 20.5 20.5 20.5 21 21 21 
22 21.5 22 22 22 22 22 22 21.6667 21.6667 21.6667 21.6667 21.6667 21.6667 21.6667 21.6667 21.6667 21.6667 21.6667 21.6667 21.6667 22 22 20 
22 21.5 22 22 21.75 21.6667 21.6667 21.6667 21.6667 21.6667 21.6667 20.5 20.5 20.5 20.5 20.5 20.5 20.5 20.5 20.5 20.5 20.5 20 20 
22 23 23 23 22.5 22.5 22.5 22.5 22.5 22.6667 22.6667 22.6667 23.5 23.5 23 23 23 23 
22 22.8 22.8 22.25 22 22 22 22 22 22 22 22 22 22 22 22 21 21 21 22 22 22 22 22 22 22 
22 21.5 22 22 22 22 22 22 22 22.6667 22.6667 22.6667 22.6667 22.6667 22.6667 22.6667 22.6667 22.6667 22.6667 22.6667 22.6667 22.6667 22 22 22 21 21 
22 21.5 21.5 22 22.5 22 22 22 22 22 22 22.5 22.5 22.5 22.5 22 22 22 22 22 
22 22.5 22.5 21.75 21.75 21.75 21.75 21.75 21.75 21.75 21 21 21 21 21 21 21 21 21 21 21 20.5 20.5 20.5 20.5 20.5 20 20 
22 21.5 22 22 22 22 22.5 22.5 23 23 23 23.5 23.5 23.5 23.5 23.5 23.5 23.5 23.5 23.5 24 24 24 24 24 24 
22 21.5 21.5 21.5 21.5 21.5 21.5 22.25 22.25 22.3333 22.3333 22.3333 22.3333 22 22 22 22 22 22 22 22 22 20 20 20 20 20 20 
22 21.5 22 22.25 23 23 22.5 22.5 22.5 22.5 22.5 22.5 22.5 22.5 23 23 23 23 23 23 23 23 
22 21.5 22 22 22 22 22 22 22.3333 22.3333 22.3333 22.3333 23.5 23.5 23.5 23.5 23.5 23.5 23.5 23.5 23 23 
22 22.5 22 21.75 21.75 21.75 21.75 21.75 21.75 22.3333 22.3333 22.3333 22.3333 22.3333 22.3333 22.3333 22.3333 22.3333 22.3333 22.3333 22.3333 22.3333 23 24 24 24 
22 21 20.75 21.3333 21.3333 21.3333 21.3333 22 22 22 22 21 21 21 21 21 21 21 21 21 21 21 21 21 21 
22 21.5 21.5 21.5 21.5 21.5 21.5 21.5 21.5 21.5 21.6 21.6 23 23 23 23 23.5 23.5 23.5 23.5 24 24 24 24 24 24 24 
22 22.8 22.8 22.25 22.25 22.25 22.25 22.25 22.25 22.25 22.25 22.25 22.25 22.3333 22.3333 22.3333 22.3333 21.5 21.5 21.5 21.5 21.5 21.5 21.5 20 20 
22 21.5 21.5 22 22 22 22 21.5 21.5 21.5 21.5 21.5 21.5 21.5 21.5 21 21 21.5 21.5 21.5 21.5 21.5 22 22 22 
22 21.5 21.5 21.5 21.5 21.5 22 22 22 22 21.5 21.5 22 22 22 22 22 22 22 22 22 22 22 22 21 21 21 
22 21.5 21.2 21.75 21.75 21.75 21 21 21 21 21 21 21 20.5 20.5 20.5 20.5 20.5 20.5 20.5 20.5 20.5 20.5 20.5 20 20 20 20 
22 21.2 21.6667 21.6667 21.6667 21.6667 21.6667 21.6667 21.6667 20.5 20.5 21 21 21 
22 22.5 22.5 22 22 22 22 22 22 21.75 21.75 21.75 22.3333 22.3333 22.3333 23 23 23 23 23 23 23 23 23 24 24 24 
22 21.5 21.5 21.5 21.5 21.4 21.4 21.4 21.4 21 21 21 20 20 20 20 20 20 20.5 21 
22 21.5 22.25 22.25 22.25 22.25 22.3333 21.5 21.5 21.5 21.5 20 20 20 20 20 20 20 20 20 20 20 20 20 
22 21.5 22.25 22.25 22.25 22.25 22.25 22.25 22.25 22.25 22.25 22.25 22.25 22.25 22.25 23 23.5 23.5 23.5 23.5 23.5 23.5 23.5 23.5 23.5 23 23 23 
22 21.5 21.5 21.5 21.5 21.4 21.4 21.4 22.6667 22.6667 22.6667 22.6667 22.6667 22.6667 23.5 23.5 23.5 23.5 23.5 23 
22 21.5 21.5 21.2 21.2 21.75 21 21 21 21 21 21 21 21 21 21 21 21 21 21 20 20 20 20 
22 21.5 21.2 21.75 21.75 21.75 21.75 21.75 21.2 21.2 21.2 21.75 21.75 21.75 21.6667 21.6667 21.6667 21.6667 20.5 20.5 20.5 20.5 20.5 20.5 20.5 21 21 
22 22.5 22.5 22 22 22 22.5 22 22 22 22 22 22 22 22 22 22 22 22 22 22 22 22 23 23 23 23 23 
22 21.5 22 22 22 22 22 22 22 22 22 22 22 22 22 22 22 22 22 21.3333 21.3333 21.3333 21.3333 21.5 20 20 20 
22 21.5 21.5 22 22 22 22 22 22 22 22.3333 22.3333 22.3333 22.3333 22.3333 21.5 21.5 21.5 21.5 21.5 21.5 21.5 21.5 21.5 23 23 23 23 
22 22.8 22 22 22 21 21 20 20 
22 21.5 22 22 22 22 22 22 22 22 22 21.6667 21.6667 21.6667 22 22 24 24 24 24 24 
22 21.5 21 21 21.5 21.5 21.5 21.5 21.5 21.5 21.5 21.5 21.5 21.5 21.5 21.5 21.5 21.5 21.3333 21.5 21.5 20 20 20 
22 21.5 21.5 21.5 21.5 21.5 21.5 21.4 21.4 21.4 21.5 21.5 21.5 22.3333 22.3333 22.3333 22.3333 21.5 21.5 21.5 21.5 21.5 23 23 23 
22 22 21.3333 20.5 20.5 20.5 20.5 20.5 20.5 20.5 20.5 20.5 20.5 20.5 20.5 21 
22 21.2 21.2 21.6667 22 22 22 22 22 20 20 20 20 20 20 20 20 20 
22 22.5 22.5 22 22 22 22.5 22.5 22.5 22.5 22.5 22.5 22.5 22.5 22.5 22.5 22.5 22.5 22.5 22.5 22.5 22.5 22.5 22.3333 22.3333 22.3333 22.5 24 
22 21.5 22 21.5 21.5 21.5 21.5 21.5 21.5 21.3333 21.5 21.5 21.5 21.5 21.5 21.5 21.5 21.5 21.5 21.5 21.5 21.5 21.5 21.5 21.5 23 23 23 
22 21.5 22 21.75 21.75 21.75 21.75 21.6667 21.6667 21.6667 21.6667 21.6667 21.6667 22.5 22.5 22.5 22.5 21 21 21 21 21 21 21 21 21 21 
22 21.5 21.5 21.5 22.25 22.25 22.25 22.25 22 21 21 21 20 20 20 20 20 
22 21.5 21.5 21.5 22.5 22.5 22.5 22.5 22.5 22.5 23 23 23 23 23 23 23 23 22.5 22.5 22.5 22.5 22.5 23 23 
22 22.5 22.5 22.5 22.8 22.8 22.8 23.5 23.5 23 23 23 23 23 23 23 22.5 22 22 22 22 22 22 
22 21.2 21.75 21.75 21.75 21.6667 20.5 20.5 20.5 21 21 21 21 21 21 21 21 21 21 21 
22 21.5 21.5 22 22 22 22 22 22 22 22.25 22.25 22.25 22.25 22.25 22.25 22.25 22.25 22.25 22.25 21.6667 21.6667 21.5 21.5 23 23 
22 21.5 22 22 22 22 22 22 22 22 22.25 22.25 22.25 23 23 22.5 22.5 22.5 22.5 22.5 22.5 22.5 22 22 22 22 
22 22.5 21.5 21.5 21.5 21.5 21.5 21.5 21.6667 21.6667 21.6667 21.6667 21.6667 21.6667 21.6667 21.6667 21.6667 21.5 21.5 21.5 21.5 20 20 20 20 20 20 20 
22 21.5 21.6 21.6 22.25 22.25 22.25 22.25 22.25 22.25 22.25 22.25 21.6667 21.6667 21.5 21.5 21.5 21.5 21.5 21.5 21.5 20 20 20 20 20 
22 22.5 22 22 22 22 22 22 21.3333 20.5 20.5 20.5 20.5 20.5 21 21 21 21 21 21 
22 21.5 21 21 21 21 21 21 21 21 21 21 21 21 21 21.3333 21.3333 21.3333 21.5 21.5 21.5 21.5 23 23 
22 22.5 22.5 22.5 22.5 22.5 22.5 22.5 23 23 23 22 22 22 22 22 23 23 23 
22 21.5 22 22 22 22 22 22.25 22.25 22.25 22.25 22.25 22.25 22 22 22 22 22 22 22 20 20 20 20 20 20 
22 22 22 22 22 22 22 22.5 22.5 22.5 22.5 22.5 22 21.75 21.75 21.75 21.6667 21.6667 22.5 22.5 24 
22 21.5 22 22.6667 23.5 23.5 23.5 23.5 23.5 23.5 23.5 23.5 23 23 23 23 
22 22.5 22.5 22.5 22.5 22.5 22.5 22 22 22 21.6667 21.6667 21.6667 21.6667 21.6667 21.6667 21.6667 21.6667 21.6667 21.6667 22.5 21 21 21 21 
22 21.5 22.5 22.5 22.5 22.6667 22.6667 22.6667 22.6667 22.6667 22.6667 22.6667 22.6667 22.6667 22.6667 22.6667 22.6667 22.6667 22.6667 23.5 23.5 23.5 23.5 23.5 24 24 24 
22 22.5 22.5 22 22 22 22 22 22.5 22.5 22.5 22.5 22.5 22.5 22.5 22.5 22.5 23 23 23 23 24 24 24 24 24 
22 22.5 22.5 22.5 22.5 22 22 22 22 22 22 22 22 22 22 22 22 22.5 22.5 22.5 22 22 22.5 22.5 22.5 22.5 23 
22 21.5 21 21 21.5 21.5 21.5 21.5 21.5 21.5 21.5 21.5 21.5 21.5 21.5 21.5 21.5 21.5 21.5 22 22 22 22 21 21 
22 21.5 22.5 22.5 22.5 22.5 22 22 22 22 22 22 22 22 22 22 22 22 22 22 22 22 22 22 21 21 
22 22.5 22.5 22.5 21.5 21.5 21.5 21.5 21.3333 21.3333 21.3333 21.3333 21.3333 21.3333 21.3333 21.3333 20.5 20.5 20.5 21 21 21 21 21 21 21 21 21 
22 21.2 22.3333 22.3333 22.3333 22.3333 22.3333 22.3333 22.3333 22.3333 22.3333 22.3333 23 23 23 23 23 23 23 23 24 24 
22 21.5 21.5 21.5 21.6 21.6 21.6 21.6 21 21 21.6667 21.6667 22.5 22.5 22.5 22.5 22 22 22 22 22 22 22 22 22 22 
22 21.5 21.5 21.5 22 22.3333 22.3333 22.3333 23.5 23.5 23.5 23.5 23.5 23.5 23.5 23.5 23.5 23.5 24 24 24 24 24 24 24 24 24 
22 22.5 22.5 22.5 22 22 21.5 21.5 21.5 21 21 21 21 21 20.5 20.5 20.5 20 20 20 20 20 20 20 
22 21 21 21 21.3333 21.3333 21.3333 21.3333 21.3333 21.3333 21.3333 21.3333 21.3333 21.3333 20.5 20.5 20.5 20.5 20.5 20.5 20.5 20.5 20.5 20 
22 22.5 22.5 21.5 21.5 21.5 21.5 21.5 21.5 21.5 21.5 21.5 21.5 22 22 22 22 22 22 22 22 22 22 22 22 21 
22 23 23 22.3333 21.5 21.5 21.5 21.5 21.5 21.5 21.5 21.5 21.5 22 22 22 22 22 22 22 22 22 
22 22.5 22.5 22.5 22.5 22.5 22.5 22.5 22.5 22.5 22 22.5 22.5 22.5 22.5 23 23.5 23.5 23.5 23.5 23.5 24 24 24 
22 22.5 22.5 21.5 21.5 21.3333 21.3333 21.3333 21.3333 21.3333 21.3333 21.3333 21.3333 21.3333 21.3333 21.3333 22 22 22 22 23 23 23 23 23 23 
22 22.5 22.6 22.6 22.6 22.6 22.6 22.6 22.6 22.6 21.3333 21.3333 21.3333 21.3333 21.3333 21.3333 21.3333 22 22 22 22 22 22 23 23 23 23 23 
22 22 22 22 22 22 21.3333 21.3333 20.5 20.5 20.5 20.5 20.5 21 21 21 21 21 21 
22 22 22 22 22 22 22 22 22 21.6667 21.6667 21.6667 21.6667 21.6667 20.5 20.5 20.5 20.5 20.5 20.5 21 21 
22 22.5 22.5 21.5 21.3333 21.3333 21.3333 20.5 20 20 20 20 20 20 20 20 20 20 20 20 20 20 20 20 20 20 
22 21.5 22 22 22 22 22 22 22.25 22 22 22 23 23 23 23 23 23 23 23 23 22 22 22 22 22 
22 21.5 22 22 22 22 22 22 22 22 22 21.75 21.75 22.3333 23 23 23 22 22 22 
22 22.5 22.5 22 22 22 22 22 22 22.5 23 23 23 23 24 24 24 24 24 24 24 24 24 24 24 24 
22 21.5 22 21.75 21.75 21.75 22 22 22 22 22 22 22 22 23 24 24 24 24 24 
22 21.5 22 22 22 22 22.25 22.25 22.25 22.25 21.6667 21.6667 21.6667 22.5 22.5 22 22 22 22 22 22 
22 22 22 22 22 22 22.3333 22.3333 22.3333 22.3333 22.3333 22.3333 22.3333 22.3333 22.3333 22.3333 21.5 21.5 21.5 21.5 21.5 21.5 21.5 20 20 
22 22.5 22.5 22 22 22 22 22 22 22 22 22 22 22 22 22 22 22.6667 22.6667 22.6667 22.5 24 24 24 24 24 
22 21.5 21.6 21.6 21.6 22.25 22.25 22.25 22.25 22.25 22.25 23 23 23 23 23 23 23 23.5 23.5 23.5 24 24 24 24 24 24 24 
22 21.5 22 22.25 22.25 22.25 22.25 22.25 22.25 22.25 22.25 22.25 22.25 22.25 22.25 22.25 22.3333 22.3333 21.5 21.5 23 
22 22.5 22 22 22 22 22 22 22 22 22.5 23 22.5 22.5 22.5 22.5 22.5 22.5 22.5 22.5 22 22 22 22 22 22 22 
22 21.5 22 22 22 22 21.75 21.75 21.75 21.75 21.75 21.75 21.75 21.75 21.75 21.75 21.75 21 21 21 21 21 21 20 20 
22 21.5 21.5 21.5 21.5 21.5 21.5 21.5 21.5 21.6 21 21 21.6667 21.6667 21.6667 21.6667 21 21 22 22 22 22 
22 21.2 20.5 20.5 21 20.5 20.5 20.5 20.5 20.5 20.5 20.5 20.5 20 20 20 
22 22.5 22.5 22.5 22.5 22.5 22.5 21.5 21.5 21.3333 21.3333 21.3333 21.3333 22 22 22 22 22 22 22 22 22 22 22 22 21 21 21 
22 21.5 21.5 21.5 21.5 21.5 22 22 22.5 22.5 22.5 22.6667 22.6667 22.6667 22.6667 22.6667 22.6667 22.6667 22 22 22 22 22 22 22 23 23 
22 22.5 22.5 22 22.5 22.3333 22.3333 22.3333 22.3333 22.3333 22.3333 22.3333 22.3333 22.3333 22.3333 22.3333 22.3333 22.3333 22.3333 22.5 21 21 21 21 
22 21.5 22.25 22.25 22.25 22.25 22 22 22 23 23 23 23 23 23 23 23 23 22 22 
22 21.5 22 22 22 22 22.25 22 22 22 23 23 24 24 24 
22 21.5 21.5 21.5 21.5 21.5 21.5 21.5 21.5 22 22 21.5 21.5 21.5 21.5 21.5 21.5 21.3333 21.3333 21.3333 21.3333 21.3333 21.5 23 23 
22 21.5 22.5 22.5 23 23.5 23.5 23 23 23 
