140 140 140 140 140 140 140 140 140 140 140 140 140 140 140.5 140 140 140 140 
140 140 140 140 140 140 140 140 140 140 140 140 140 140 140 140 140 140 140 140 140 140 
100.938 100.938 100.938 100.938 100.938 100.938 100.938 100.938 100.938 140 140 140 140 140 140 140 140 140 140 140 140 140.5 140 140 
140 140 140 140 140 140 140 140 140 140 140 140 140 140 140 140 140 140 140 140 140 140.5 140.5 140 
140 140 140 140 140 140 140 140 140 140 140 140 140 140 140 140 140 140 140 140 140 140 140 
140 140 140 140 140 140 140 140 140 140 140 140 140 140 140 140.5 140 140 140 140 140 140 140 
140 140 140 140 140 140 140 140 140 139.5 139.5 140 140 140 140 140 140 140 140 140 140 140 140 140 140 140 140 
140 140 140 140 140 140 140 140 140 140 140 140 140 140 140 140 140 140 140 140 140 140 140 140 140 140 140 140 140 140 
140 140 140 140 140 140 140 140 140 140 140 140 140 140 140 140 140 140 140 140 140 140 140 140 140 140 140 139.5 139.5 140 140 140 
140 140 140 140 140 140 140 140 140 140 140 140 140 140 140 140 140 140 140 140 140 140 140 
140 140 140 140 140 140 140 140 140 140 140 140 140 140 140 140 140 140 140 140 140 140 140 
140 140 140 140 140 140 140 140 140 140 139.5 139.5 140 140 140 140 140 140 140 140 140 140 140 140 
140 140 140 140 140 140 140 140 140 140 140 139.5 140 140 140 140 140 140 140 140 140 140 140 140 140 
140 140 140 140 140 140 140 140 140 140 140 140 140 140 140 140 140 140 140 140 140 140 140 
140 140 140 140 140 140 140 140 140 140.5 140 140 140 140 140 140 140 140 140 140 140 140 140 140 
140 140 140 140 140 140 140 140 140 140 140 140 140 140 140 140 140 140 140 140 140 140 140 140 140 140 140 140 140 
140 140 140 140 140 140 140 140 140 140 140 140 140 140 140 140 140 140 140 140 140 140 140 140 
140 140 140 140 140 140 140 140 140 140 140 140 140 140 140 140 140 140 140 140 140 140 140 140 140 140 140 
140 140 140 140 140 140 140 140 140 140 140 140 140 140 140 140 140 140 140 140 140 
140 140 140 140 140 140 140 140 140 140 139.5 139.5 139.5 140 140 140 140 140 140 140 140 140 140 140 140 140 140 140 140 140 140 
140 140 140 140 140 140 140 140 140 140 140 140 140 140 140 140 140 140 140 140 140 140 140 140 
140 140 140 140 140 140 140 140 140 140 140 139.5 140 140 140 140 140 140 140 140 
140 140 140 140 140 140 140 139.5 139.5 139.5 139.5 139.5 139.5 139.5 139.5 139.5 139.5 139.5 139.5 140 140 140 140 
140 140 140 140 140 140 140 140 140 140 140 140 140 140 140 140 140 140 140 140 140 140 140 
140 140 140 140 140 140 140 140 140 140 140 140 140 140 140 140 140 140 140 140 140 140 140 140 140 140 140 140 140 140 140 140.5 140 140 
140 140 140 140 140 140 140 140 140 140 140 140 140 140 140 140 140 140 140 140 140 140 140 
140 140 140 140 140 140 140 140 140 140 140 140 140 140 140 140 140 140 140 140 140 140 139.5 139.5 140 140 140 140 140 140 140 140 140 
140 140 140 140 140 140 140 140 140 140 140 140.5 140 140 
140 140 140 140 140 140 140 140 140 140 140 140 140 140 140 140 140 140 140 140 140 140 140 140 140 140 140 140 
140 140 140 140 140 140 140 140 140 140 140 140 140 140 140 140 140 140 140 140 140 140 140 140 140 139.5 139.5 

140 140 140 140 140 140 140 139.5 139.5 140 140 140 140 140 140 140 140 140 140 140 140 
140 140 140 140 140 140 140 140 140 140 140 140 140 140 140 140 140 140 139.5 140 140 
