2 2 2 2 2 2 2 2 2.25 2 2 2 2 2 2 1 0 0 0 0 0 0 0 
2 1.5 1.5 1.5 1.5 1.5 1.5 1.5 1.5 1 1 1 1 1 1 1 1 1 1 1.5 1.5 1.5 2 2 2 2 2 
2 2.25 2.25 2.25 3 3 3 3 3 3 3 3.5 3.5 3.5 3.5 3.5 3.5 3.5 4 4 4 4 4 4 4 
2 2.25 2.25 2.25 2.25 2.25 2.25 2.25 2.25 2.25 2.25 2.25 3 3 3 3 3 3 3 3.5 4 4 4 4 4 4 4 4 
2 2 2 2 1.5 1.5 1.5 1.33333 1.33333 1.33333 1.33333 1.33333 1.5 1.5 1.5 1.5 1.5 1.5 1.5 1.5 1.5 1.5 1.5 1.5 1.5 1.5 3 3 
2 2 2 2 2 2 2 2 2 2 2 2.33333 2.33333 2.33333 2.33333 2.33333 2.33333 2.33333 2.33333 2.33333 2.33333 2.33333 2.33333 2 0 0 0 
2 2 2 1.75 1.75 1.75 1.75 1.75 1.75 2 2 3 3 3 3 3 3 3 4 4 
2 2 1.75 1.75 1.75 1.75 1.75 1.75 1.75 1.75 1.75 1 1 1 1 1 1 1 1 1 1 1 1 1 1.5 1 
2 2 2 2 2 2 2 2 2 2 2 2 1.5 1.5 1 1 1 1 1 1 1 1 0 0 0 0 0 0 
2 2 2 2 2 2.66667 2.66667 2.66667 2.66667 2.66667 2.66667 2.66667 2.66667 2.66667 3.5 3.5 3.5 3.5 3 3 3 3 3 
2 2 2 2 2 2 2 2 2 1.75 1.75 1.75 1.75 1.75 1.66667 1.66667 1.66667 1.66667 1.66667 1.66667 1.66667 1.66667 1.66667 1.66667 1.66667 0.5 0 
2 2 2 2 2 2 2 2 2 2 2 2 2 2 2 2 2 2 2 1.33333 1.33333 0.5 0.5 0.5 0.5 0 
2 2 2 2 2 2.25 3 3 3 3 3 3 3 3.5 3.5 3.5 3.5 3.5 3.5 3.5 3.5 3.5 3.5 3.5 4 
2 2 2 2 2 2 2 2 2 2 1.66667 1.66667 1.66667 1.66667 1.66667 2.5 4 4 4 4 4 4 4 4 4 4 
2 1.75 1 1 0.5 0 0 0 0 0 
2 2 2 2 2.5 2.5 2.5 2.5 2.5 2.5 2.5 2.66667 2.66667 2.66667 3.5 3.5 3.5 3.5 3.5 3 
2 2 1.5 1.5 1.5 1.5 1 1 1 1 1 1 1 0.5 0.5 0.5 0.5 0.5 0.5 1 1 1 1 1 1 1 
2 2 2 2 2 2.5 2.5 2.5 2.5 2.5 2.5 2.5 3 3.5 3.5 3.5 3.5 3.5 3.5 3.5 3.5 3.5 3.5 4 4 4 
2 2 2 2 2 2 1.5 1.5 1.5 1.5 1.5 1.5 1.5 1.5 1.5 1.66667 1.66667 1.66667 1.66667 1.66667 1.66667 1.66667 1 1 0 0 0 0 
2 2 2 2.33333 3.5 3.5 3.5 3.5 3.5 4 4 4 4 4 
2 2 2.25 2.25 2.25 2.25 2.25 2 3 3 3 3 3 2 2 2 2 2 2 
2 2 2 2 2 2 1.33333 1.33333 1.33333 1.33333 1.33333 1.33333 1.5 1.5 1.5 1.5 1.5 0 0 0 0 0 0 0 0 0 0 0 
2 2 2 2 2 2 2 1.66667 1.66667 1.66667 0.5 0.5 0.5 0.5 0.5 0.5 0.5 1 1 1 1 1 1 1 1 
2 2 2 2 2 2 2 2 2 2 2 2.25 2.25 2.25 2.25 3 3 3 3 3 3.5 4 4 4 
2 2 2 2 2 2 2 2 2.25 1.66667 1.66667 1.66667 1.66667 1.66667 1.66667 1.66667 1.66667 1.66667 1.66667 1.66667 1.66667 1.66667 1 1 1 1 1 2 
2 2.25 2.25 3 3 3 3 3 3 3 3 3 3 3 3 3 3 4 4 
2 2 2 2 2 2 2 2 2 2 2.5 2.5 2.5 2.5 2.5 2.5 2.5 2.5 2.5 2.66667 2.66667 2 2 2 3 3 
2 2 2 2 2 2 2 2 2 2 2 2 2 2 2 2 2 1.75 1.75 1.75 1 1 1 1 1 0 
2 1.5 1.33333 1.33333 1.33333 1.33333 1.5 1.5 1.5 1.5 1.5 1.5 3 3 3 3 3 3 3 3 3 3 3 3 3 3 3 3 
2 2 2 2 2 2 2 2 2.5 2 2 2 2 2 2 2 1 1 1 1 1 1 1 1 1 1 1 
2 2 2.5 2.5 2.5 2.5 2.5 2.5 2.5 2.5 2.5 2.5 2.5 2.5 2.5 2.5 2.5 2.5 2.5 2.5 2.5 2.5 2.5 3 3 3 2 
2 2 2 2 2 2 1.75 2 2 2 2 2 0 0 0 0 0 0 0 0 0 0 0 0 0 0 0 
2 2 2 2 2 2 1.5 1.5 1.66667 1.66667 1 2 2 2 2 2 2 2 2 2 2 2 2 2 2 2 
2 2 2 2 2 2 2 2 2 2 2 2 2 2 2 2 2 2 2 2 1.33333 0.5 0.5 0.5 0.5 1 1 
2 2 2 2 2 2 2 2 2 2 2 2 2 2 2 2 2 1.66667 1.66667 1.66667 2.5 2.5 2.5 2.5 1 1 1 1 
2 2 1.75 1.75 2.33333 2.33333 2.33333 2.33333 2.33333 1.5 1.5 1.5 1.5 1.5 1.5 1.5 1.5 2 
2 2 2 2 2 2 2 2 1.66667 1.66667 1.66667 1.66667 1.66667 1.66667 1.66667 1.66667 1.66667 1.66667 1.66667 1.66667 1.66667 1.66667 0.5 0.5 0.5 0.5 0.5 1 
2 2 2 2 2 2 2 2 1.66667 1.66667 1.66667 1.66667 1.66667 2.5 2.5 2.5 2.5 2.5 2.5 4 4 4 4 4 4 4 4 
2 2 2 2 2 2 1.5 1.5 1.5 1.5 1.33333 1.5 1.5 1.5 1.5 1.5 1.5 1.5 1.5 3 3 3 3 3 3 
2 1.75 1.75 2.33333 2.33333 2.33333 2.33333 2.5 2.5 2.5 1 1 1 1 1 
2 2 2 2.5 2.5 2.5 2.5 2.5 2.5 2 2 2 2 2 2 1.5 2 2 2 2 2 2 2 2 2 
2 2 2 1.75 1.75 1.75 2 2 2 2 2 2 2 2 2 2 4 4 
2 2 2 2 2 2 2 2 2 2 2 2 2 2 2 2 2 2 2 2.66667 2.66667 2.66667 2.66667 2 2 2 3 
2 2 2 2 2 2 2 2 2 2 1.75 1.75 1.75 1.75 1 1 1 1 1 1 1 1 1 1 1 2 2 2 
2 2.25 2.25 2.25 2.25 2.25 2.25 2.25 2.25 2 2 3 3 3 3 3 3 3 3 4 4 4 
2 2 2 2 2 2 2 2 2 2 2 2 2 2.33333 2 2 2 2 2 2 2 4 4 4 4 4 4 4 
2 2 2.25 2.25 2.25 3 3 3 3 3 3 3 3 3 3 3 3 3 3 3 3 3 3 3 3 3 2 
2 2 2.25 2.25 2.25 1.66667 1.66667 1.66667 1.66667 1.66667 1.66667 2.5 2.5 2 2 2 2 2 2 2 2 2 2 2 2 2 2 2 
2 2 2 2 2 2.5 2.5 2.5 2.5 2.5 2.5 2.5 2.5 2.5 2.5 2.5 2.5 2.5 2.5 2.5 3 3 3 3 3 3 2 
2 2 2 1.75 1.66667 1.66667 1.66667 2 2 2 2 2 0 0 0 0 0 0 0 0 0 
2 2 2 2 1.5 1.5 1.33333 1.33333 1.33333 1.33333 1.33333 1.33333 1.33333 1.33333 1.5 0 0 0 
2 2 2 2 2 2 2 2.25 2.25 2.25 2.25 2.25 2.25 2.25 2.25 2.25 2.25 2.25 2 1 0 0 0 0 
2 2 2.25 2.25 2.25 2.25 3 3 3 3 3 2.5 2.5 2.5 2.5 2.5 2.5 2.5 2.5 3 3 3 3 
2 2 2 2 2 2 2 2 2 2.5 2.5 2.5 2 2 2 2 2 1.5 1.5 1.5 1 1 1 1 
2 2 2 2 1.5 1.5 1.5 1.5 1.5 1.5 1.5 1.5 1.5 1.66667 1.66667 1.66667 1.66667 1.66667 1.66667 1.66667 1 1 1 1 1 1 0 0 
2 2 1.5 1.5 1.5 1.5 1.5 1.5 1.5 1 1 1 1.5 1.5 1.5 1.5 1.5 2 2 
2 2 2 2 2 2.25 2.25 2.33333 2.33333 3.5 3.5 3.5 3.5 3.5 3.5 3.5 3.5 3.5 3.5 3.5 4 4 4 4 4 
2 2 2 2 2 2 2 2 2 2.66667 2.66667 2.66667 2 2 2 2 2 2 2 2 2 2 2 2 2 2 1 1 
2 2 2 2 2 2 2 2 2 2.5 2.5 2.5 3 3.5 3.5 3.5 3.5 3.5 3.5 4 4 4 4 4 4 4 
2 2.5 2.5 2.5 2.5 2.5 3 3 3 3 3 3 3 3 3 3 3 3 4 4 4 4 4 4 
2 2 1.75 1.75 1.75 1.75 1 1 1 1 1 1 1 1 1 1 0.5 0 0 0 0 0 0 
2 2 2 2 2 2 2 2 2 2 2 2 2.25 2.25 2.25 2.33333 2.33333 2.33333 2 2 2 0 0 0 0 
2 2 2 2 2 2 2 1.75 1.75 1.66667 1.66667 1.66667 1.66667 1.66667 1.66667 1.66667 1.66667 2.5 2.5 2.5 2.5 2.5 2.5 1 1 1 1 
2 2 1.5 1.5 1 1 1.5 1.5 1.5 1 1 1 1 1 1 1 1 1 1 1 1 1 1 
2 2 2 2 2 1.75 1.75 1.75 1.75 1.75 1.75 1 1.5 1.5 1.5 1.5 2 2 2 2 2 2 2 2 2 2 
2 2 2 2 2 2 2 2 2 1.75 1.75 1.75 1.75 1.75 1.75 1.75 1 1.5 1.5 1.5 1.5 1.5 1.5 2 2 2 
2 2 2 1.5 1.5 1.33333 1.33333 1.33333 1.33333 1.33333 1.33333 1.5 1.5 1.5 1.5 1.5 1.5 1.5 1.5 1.5 1.5 1.5 1.5 1.5 1.5 0 0 
2 2 2 1.5 1.5 1.5 1.5 1 1 1.5 1.5 1.5 1.5 1.5 1.5 1.5 1.5 1.5 1.5 2 2 2 2 2 2 2 2 2 
2 2 2 1.75 1.75 1.75 1.66667 1.66667 1.66667 1.66667 1.66667 1.66667 1.66667 1.66667 2 2 2 0 0 0 0 0 0 
2 2 2 2 1.75 1.75 1.75 1.75 1.75 1.75 1.75 2.33333 2.33333 2.33333 2.33333 2.33333 3 3 3 3 4 
2 2.5 2.5 3 3 3 3 2.5 2.5 2.5 2.5 2.5 2.5 2.5 2.5 2.5 2.5 2.5 2.5 2 2 2 
2 2 2 2 2 2 2 2 2 2 2 2 1.33333 1.33333 2 2 1 1 1 1 1 1 1 1 1 
2 2 2 2 2 2 2 2 2 2 2 2 2 2 1.66667 2 2 2 2 2 2 2 2 4 
2 2 2 2 2.5 2 2 2.5 2.5 3 3 3 3 3 3 3 3 3 3 3 3 3 3 3 3 3 3 3 
2 1.75 1.75 1.75 1.75 1.75 2 2 2 2 1 1 1 1 0 0 0 0 0 0 0 0 0 
2 2 2.25 3 3 3 2.5 2.5 2.5 2.5 2.5 2.5 2.5 2.5 2.5 2.5 2.5 2.5 2.5 2.5 2.5 2.5 2.5 2.5 2.5 2.5 2.5 2 
2 2 2 2 2 2 2 2 2 2 1.66667 1.66667 0.5 0.5 0.5 0.5 0.5 0.5 0.5 0.5 0.5 0.5 0.5 0 
2 2 2 2 2 2 2 2.5 2.5 2.5 2.5 2.5 2.33333 2.33333 2.33333 2.33333 2.33333 2.33333 2.33333 2.33333 2.5 1 1 1 1 1 1 
2 2 2 2 2 2 2 2 2 1.75 1.75 1.75 1.75 1.75 1.66667 1.66667 2.5 2.5 2.5 1 1 1 
2 2 2 2 2 1.75 1.75 1.75 1.75 1.75 1.75 1.66667 2.5 2.5 2.5 2.5 1 1 1 1 1 1 1 1 1 
2 2 2 2.5 2.5 2.5 2.5 2.5 2.5 2.5 2.5 2.5 2.5 2.33333 2.33333 2.33333 2.33333 2.33333 2.33333 1.5 1.5 1.5 1 
2 2 2 2 2.5 2.5 2.5 2.5 2.5 2.66667 2.66667 2.66667 2.66667 2.66667 2.66667 2.66667 2.66667 2.66667 2 2 2 1 
2 2.5 2.5 2.66667 2.66667 2.66667 2.66667 2.66667 2.66667 3.5 3.5 3.5 3.5 4 
2 2 2 2 2 2 2 2 2 2 2 2.25 2.25 2.25 2.25 3 3 3 3.5 3.5 3.5 4 4 4 
2 2 2 2 2 2 2 2.5 2.5 2.5 3 3 3 3 3 3 2 2 2 2 2 2 2 2 2 
2 2 2 2 2.5 2.5 2.66667 2.66667 2.66667 2.66667 2.66667 2.66667 2.66667 2.66667 2.66667 2.66667 2.66667 3.5 3.5 3.5 3.5 3.5 3.5 3.5 3 
2 2 2 1.75 1.75 1.75 1.66667 1.66667 1.66667 1.66667 1.66667 1.66667 1.66667 1.66667 1.66667 2 2 2 2 2 2 0 0 0 0 0 0 
2 2 2 2 2 2 1.66667 1.66667 2.5 2.5 2.5 2.5 2.5 2.5 2.5 2.5 2.5 2.5 2.5 2.5 4 4 4 4 
2 2 2 2 2 2 1.75 2.33333 2.33333 2.33333 2.33333 2.33333 2.33333 2.33333 2.33333 1.5 1.5 1.5 1 1 1 1 1 1 1 1 1 
2 2 2 2 2 2 2 2 2 2 2 2 2 2 2 2 2 2 2 2.66667 2.66667 2.66667 3.5 3.5 3.5 3.5 4 4 
2 2 2.25 2.25 2.25 2.25 2.25 2 2 1 1 1 2 2 2 2 2 2 2 2 2 2 2 2 2 
2 2 2 2 2.5 2.5 2.5 2.5 2.5 2.5 2.66667 2.66667 2.5 1 1 1 1 1 1 1 
2 2 2 2 2 2 2 2 2 2 2 2 2 2 1.33333 0.5 0.5 0.5 0.5 0.5 0.5 0.5 1 1 1 1 1 1 
2 2 2 2 2 2 2 2 2 2 2 2 2 2 2 2 2 2 2.66667 2.66667 2.66667 2.5 1 1 1 
2 2 2 2 1.5 1.5 1.5 1.5 1.5 1.5 1.5 1.5 1.5 1.33333 0.5 0.5 0.5 1 1 1 1 
2 2 2 2 2 2 2 2 2 2 2.25 2.33333 2.33333 2.33333 2.33333 1.5 1.5 1.5 1.5 1.5 1.5 1.5 0 0 
2 2 2 1.5 1.5 1.66667 1.66667 1.66667 1.66667 1.66667 2.5 2.5 2.5 2.5 2.5 2.5 2.5 2.5 2 2 2 
2 2 2 2 2 2 2 2 2 2 2 2 2 2 2 2 2 2 2 2 2.66667 2.66667 2.66667 3.5 3 3 3 
2 2 2 2 2 2 1.75 2 2 3 3 3 3 3 3 3 3 4 4 4 4 4 4 4 4 
2 2 2 2 2 2 2 1.5 1.5 1.5 1.5 1.5 1.5 1.33333 1.33333 1.33333 2 1 1 1 1 1 1 1 
2 2 2 2 2 2 2 2 1.66667 1.66667 2.5 1 1 1 1 1 1 1 1 1 1 1 1 1 1 1 
2 2 2 2 2 2.25 2.25 2.25 3 3 3 3 3 3 3 3 3.5 4 4 
2 2 2 2.5 2.5 2.5 2.5 2.5 2.5 2.5 2.5 2.5 2.5 2.5 3 3 2 2 2 2 2 2 2 2 2 
2 2 2 2 2 2 2 2 2 2 2 2 2 2 2 2 1.5 1.5 1.5 1.66667 1.66667 1.66667 1.66667 1 1 1 1 2 
2 2 2 2 2 2 2.66667 2.66667 2.66667 2 2 2 2 2 1 1 1 1 1 1 1 1 1 1 1 1 1 
