26 26 26 26.5 26.5 26.6667 26.6667 26.6667 26.6667 26.5 26.5 26.5 26.5 26.5 26.5 26.5 26.5 26.5 26.5 0 0 0 0 0 0 0 0 
25.5 26 25.5 25.5 25.5 25.6667 25.6667 25.6667 25.6667 25 25 25 25 25 24 24 24 24 24 24 24 24 24 24 24 24 24 24 
26 25.5 25.5 26.25 26.25 26.3333 26.3333 26 26 26 26 26 26 26 26 26 26 26 26 26 26 26 26 26 26 0 
26 25.5 26 25.75 25.75 25.75 25.75 25 25 25 25 25 25 25 25 25 25 25 25 25 24 24 
26 25.5 26.25 26.25 26.25 26.25 26.25 26.25 26.25 26.3333 26.3333 26.3333 26.3333 26.3333 26.3333 26.3333 26.3333 26.3333 26.3333 26.3333 26.3333 27.5 27.5 27.5 27.5 27.5 0 0 
26 26.5 26 26 26.5 26.5 26.5 27 27 27 27 27 27 27 27 27 27 27 27 27 0 0 
26 25.5 26 26.5 26.5 26.5 27 27 27 27 27.25 27.25 27.25 27.25 0 0 0 0 0 27 27 27 27 27 27 27 27 27 
26 25.5 26 26 26 26 26 26 26 26 26 26.3333 26.3333 26.3333 26.3333 26.3333 26.3333 25.5 25.5 25.5 25.5 24 
26 25.5 26 26 26 26 26 26 26 25.5 25.5 25.3333 25.3333 25.3333 25.3333 25.3333 25.3333 25.3333 25.3333 25.3333 24.5 24.5 25 25 25 
26 25.5 25.5 25.2 24.5 25.5 25.5 25.5 25.5 25.5 25.5 25.5 25.5 25.5 25.5 25.5 25.5 25.5 25.5 25.5 25.5 25.5 26 
26 25.5 26 26 26 26 26 26 26 26 26 26 26 26 26 26 25.6667 26 0 0 0 0 0 0 0 0 0 0 
26 25.5 26 26 26.5 26.5 26.5 26.3333 26.3333 26.3333 26.3333 25.5 25.5 25.5 26 26 26 
26 26 26 26 26 25.75 25.75 25.75 26 26 26 26 26 26 26 26 26 26 26 25 25 25 24 24 
26 25.5 26 26 26 26 26 26 26 26 26 26 26 26 25.3333 25.3333 25.3333 26 26 26 26 26 26 26 27 27 27 
26 25.5 26 25.5 25.5 25.5 25.5 25.5 25.5 25.5 25.5 25.5 25.5 25.5 26 26 26 26 25.5 25 25 25 25 25 25 
26 25.5 26 26 26.5 26.5 26.5 26.5 26 26 26 26 26 26 26 26 26 26 26 26 26 26 25 25 25 
26 27 27 27 27 27 27 26 26 26 26 26 26 26 26 26 26 25.5 25.5 25.5 25.5 25.5 25.5 25 25 25 25 
26 26.8 26.25 26.25 26.25 26.25 26.25 26.25 26.25 26.25 25.6667 25.6667 25 25 25 25 24 24 24 24 24 24 24 24 24 24 24 24 
26 25.5 25.5 26 26 26 26 26 26 26.5 26.5 26.5 26.6667 26.6667 26 26 26 26 26 25 25 25 25 25 25 25 25 
26 25.5 26 26 26.5 26.5 26 26 26 26 26 26 26 26 26 26.5 26.5 26.5 26.5 26.5 26.5 26.5 26 26 26 
26 25.5 25.5 25.5 25.2 25.2 25.2 26.3333 26.3333 26.3333 26.3333 26.3333 26.3333 26.3333 26.3333 26.3333 26.3333 26.3333 26.5 26.5 26.5 0 0 
26 25.5 26 26 26 26.6667 26 26 26 26 26 26 26 26 26 26 26 26 27 27 27 27 
26 26.5 26 26 26 25.75 25.75 25.75 25.75 25.75 25.75 25.6667 25.6667 25.6667 25.6667 25.6667 25.6667 25.6667 26.5 26.5 0 0 
26 25.5 26 26 26 26 26 26 26 26 26 26 26.25 26 26 26 26 26 26 26 26 26 24 24 24 24 24 
26 26.5 26 26 26 26 26 26 26 26 26 26 26.5 26.5 26.5 26.5 26.5 26.5 26 26 26 26 26.5 26.5 27 27 27 
26 25.5 26 26 26 26 26 26 26 26 26 25.3333 25.3333 25.3333 25.3333 25.3333 26 26 26 26 27 27 27 27 27 27 27 
26 25.5 25.5 25.5 25.5 25.5 25.5 25 25 25 25 25 25 25 25.5 25 25 25.5 25.5 25.5 25.5 26 26 26 
26 25.5 26 26 26 25.5 25.5 25.6667 25.6667 25.6667 25.6667 25.6667 25.6667 25.6667 25.6667 25.6667 26.5 26.5 26.5 26.5 26.5 26.5 26.5 26.5 26.5 27 27 27 
26 25.5 26 26 26 26 26 26 26 26 26 25.6667 25.6667 25.6667 25.6667 25.6667 25.6667 26 26 26 24 
26 26 26 25.5 25.5 25.5 25.5 25.5 25.5 25.5 26 26 26.5 26.5 26.5 26.5 26.5 26.5 26.5 26.5 26.5 26.5 26.5 26 26 26 
26 26 26 26 26.6667 26.6667 26.6667 26.6667 26.6667 26.6667 26.6667 26.6667 26.6667 26.6667 26.6667 26.6667 26.6667 26.6667 26.6667 26.6667 26.6667 26.6667 26.6667 27.5 0 0 0 0 
26 25.5 26.5 26.3333 26.3333 26.3333 26.3333 26.3333 26.3333 26.3333 26.3333 26.3333 26.3333 26.3333 26.3333 26.3333 26.3333 26.3333 25.5 25.5 25.5 25.5 25.5 25.5 25 25 
26 25.5 25.5 25.5 25 25.3333 25.3333 25.3333 25.3333 26 26 26 26 26 26 26 25 25 25 25 25 25 25 25 25 
26 26.8 26.25 26.25 26.25 26.3333 26.3333 26.3333 26.3333 26 26 0 0 0 0 0 0 0 0 0 0 0 0 0 0 0 0 0 
26 26 26 26 26 26 26 26.5 26.5 26.3333 26.5 26.5 26.5 26.5 26.5 25 25 25 25 25 25 25 25 25 25 25 
26 25 25 25 25.3333 25.3333 25.3333 25.3333 25.3333 25.3333 25.3333 25.3333 25.3333 25.3333 26 26 26 26 27 27 27 27 27 27 
26 26 26 26 26 25.5 25.5 25.5 25.5 25.5 25.5 25 25 25 25 25 25 24.5 24.5 24.5 24.5 24.5 24.5 24.5 25 25 
26 25.5 26 26 26 26 26.25 25.6667 25.6667 25.6667 25.6667 25.6667 26.5 27 27 27 27 27 27 27 27 
26 25.5 26 26 25.5 25.5 25.5 25 25 25 25 25 25 25 25 25 25 25 25 25 25 24.5 24.5 24 24 24 
26 25.5 26 25.75 26 26 26 26 26 26 26 26 26 26 26 25 25 25 25 25 25 25 26 26 26 26 26 26 
26 25.5 25.5 26.25 26.25 25.6667 25.6667 25.6667 26.5 26.5 26.5 26.5 26.5 26.5 26 26 26 26 26 26 26 26 26 26 26 26 
26 25 25 25 25 25 25 25.5 26 26 26 26.5 26.5 26.5 26.5 26.5 26 26 26 26 26 26 
26 25.5 26 26 25.75 25.75 26.3333 26.3333 26.3333 26.3333 26.3333 27 27 27 27 27 27 27 27 27 27 26 26 
26 25.5 26 26 26 26 26.25 26.25 26.25 25.6667 26.5 26.5 26.5 26.5 26.5 26 26 26 26 26 
26 25.5 25.5 26 26.25 26 27 26 26 26 26 26 26 26 26 26 26 26 26 
26 25.5 26 26 26 26 26 26 26 26 26 26 26 26 26 26 26.25 26.3333 26.3333 26.3333 26.3333 25.5 25.5 25.5 24 24 24 24 
26 25.5 26 26 26 26 26 26 26 26 26 26.5 26.3333 26.3333 25.5 25.5 25 25 25 25 25 25 25 25 25 25 25 
26 27 27 26.5 26.5 26.5 26.5 26.5 26 26 25.5 25.5 25.5 25.5 25 25 25 25 25 25 25 25 25 25 25 
26 25.5 25.5 26 26 26 26 26 26 26 25.75 25.75 25.75 25.75 25.75 25.75 26 25 24 24 24 24 24 
26 26 26 26 26 26 26 26 25.5 25.5 25.5 25.5 25.5 25.5 25.5 25.6667 25.6667 25.6667 25.6667 25.5 27 27 27 27 27 27 27 27 
26 25.5 25.5 25.5 25.5 25.5 25.5 25.2 24.5 24.5 25 25 25 25 25 25 25 25 25 25 25 25 25 24 24 
26 26.5 26 26 26 26 26 26.25 27 27 27 27 27 27 27 27 27 27 27 27 26 26 26 26 
26 25.5 26 26 26 26 26 26 26 26 26 26 25.3333 25.3333 26 26 25 
26 25.5 26 25.5 25.5 25.5 25 25 24.5 24.5 24.5 24.5 24.5 24.5 24.5 24.5 25 25 25 25 25 25 
26 25.5 26 26 26 26 26 26 26 26.3333 26.3333 25.5 25.5 25.5 27 27 27 27 27 27 27 27 27 27 27 27 27 27 
26 26 26 26 26 26 25.3333 25.3333 25.3333 25.3333 24.5 24 24 24 24 24 24 24 
26 26.5 26 26 26 26 26.5 26.5 26.5 26.5 27 27 27 27 27 27 27 27 27 27 27 27 27 27 27 27 27 0 
26 25.5 25.5 25.5 25.5 26 26 26 26 26 26 26 26 26 26 26 26 26 26.3333 27.5 27.5 27.5 27.5 27.5 27.5 27.5 27.5 27 
26 25.5 25 25 25.5 25.5 25.5 25.5 25 25 25 25 25 25 25 25 25 25 25 25 25 25 24 24 24 24 
26 26.5 26.5 26.5 25.5 25.5 25.5 25.5 25.5 25.5 25.5 26 26 26 26 26.5 26.5 26.5 26 26 26 26 26 26 
26 25.5 26 26 26 26 26 26 26 26 25.5 25.5 25.5 25.5 25.5 25.5 25.5 25.5 25.6667 26.5 26.5 26.5 26.5 26.5 26 26 
26 25.5 26 26 26 26 26 25.5 25.5 25.5 26 26 26 26 26 26.5 26.5 26.5 26 
26 25.5 26 26 26 26 26 26 26 26 26 26.3333 26 26 26 26 26 26 26 26 26 0 
26 25.5 25.5 25.5 26 26 26 26 26 25.5 25 25 25 25 25 25 25 25 25 25 25 25 26 
26 25.5 25.5 25.5 25.5 25.5 25.5 25.5 25.6 25.6 25.6 25.6 25.6 25.6 25.25 25.25 25.25 24.3333 25 25 25 25 25 26 
26 26.5 26.5 26.5 26.5 26.5 26.5 26.5 26.5 26.5 26.5 26.6 26 26 25.6667 25.6667 24.5 24.5 24.5 24.5 24.5 24.5 24 24 24 
26 25.2 26.3333 26.3333 27 27 27 27 27 27 27 27 27 27 0 0 0 0 
26 26 26 26 26 26 26 26 26 26 26 26 25.6667 25.6667 26 26 26 26 26 26 26 26 24 
26 26.5 26.2 26.2 25.5 25.5 25.5 25.3333 25.3333 25.3333 25.3333 25.3333 25.3333 25.3333 24.5 24.5 24.5 25 25 25 25 25 25 25 25 
26 25.5 26 26 25.6667 25.6667 25.6667 24.5 24.5 25 25 25 25 25 25 
26 26.8 26.25 26.25 26 26 26 26 27 27 27 27 27 0 0 0 
26 25.5 25 25 25 25.5 25.5 25.6667 25.6667 25.6667 25.6667 26.5 26.5 26.5 26.5 27 27 27 27 27 27 
26 25.5 26 26 26 26 26 26 26 26 26 26 26 25.3333 25.3333 25.3333 25.3333 25.3333 25.3333 26 26 25 25 25 25 
26 25.5 26 25.5 25.5 25.5 25.5 25.5 25.5 25.5 25.5 25.5 25.5 25.5 25.5 25.5 25.5 25.5 25.3333 26 27 27 27 27 
26 27 26.6667 26.6667 26.6667 26.6667 26.6667 26.6667 26.6667 26.6667 26.6667 26.6667 26.6667 26.6667 26.6667 26.6667 26.6667 26.6667 26.6667 26.6667 26 26 26 26 26 26 25 25 
26 25 25.6667 25.6667 25.6667 25.6667 25.6667 25.6667 25.6667 25.6667 25.6667 26.5 26.5 26.5 26.5 26.5 26.5 26.5 26.5 26.5 26.5 26.5 26.5 26.5 26 26 
26 25.5 25.2 25.2 25.2 25.2 25.2 25.2 25.2 25.2 25.2 25.2 25.75 25.75 25.6667 25.6667 25.6667 25.6667 25.6667 25.6667 26.5 26.5 26.5 26.5 25 25 25 
26 25.5 25.5 25.2 25.2 25.2 25.2 25.2 25.5 25.5 25.5 25.5 25.5 25.5 26.3333 26.3333 26.3333 26.3333 26.3333 26.5 26.5 26.5 26.5 26.5 26.5 0 0 
26 25.5 26 26 26 26.5 26.5 26.5 26.5 26.5 26.5 26.6667 26.6667 26.6667 26.5 26.5 26.5 26.5 26.5 26.5 26.5 26.5 26.5 26.5 26.5 26.5 25 
26 25.5 25.2 25.75 25.75 25.75 25.75 25.75 25.75 25 25 25 25 25 25 25.5 25.5 25.5 25.5 25.5 25 25 25 25 25 25 
26 25.5 26 26 25.5 26 26 26 26 26 26 26 26 26 26 26 26.6667 26.6667 26.6667 26.6667 26.6667 26.6667 27.5 27.5 27.5 27.5 27.5 27 
26 25.5 26 26 26 26 26 26 26 26 26 26 26 26 26 26 26 25.75 25.75 26.3333 26.3333 27 0 0 0 0 0 0 
26 27 26 26 26 26 26 26 26 26 26 26 26 26 26 26 26 26 26 26 26 26 25 25 25 25 25 25 
26 25.5 26 26 26 26.3333 26.3333 25.5 25.5 25.5 25.5 25.5 25.5 25.5 25.5 25.5 27 27 27 
26 26.8 26.25 26.25 26.25 26.25 26.25 26.25 26.25 27 27 27 27 27 27 27 27 26.5 26 26 26 26 26 26 26 26 26 26 
26 25.5 25.2 25.2 25.2 25.2 25.2 25.2 25.75 25.75 26.3333 26.3333 26.3333 27 27 27 27 27 27 27 27 27 0 0 0 
26 26 25.75 25.75 25.75 25.75 25.75 25.75 25.75 25.75 25.6667 24.5 24.5 24 24 24 24 24 24 24 
26 26.8 27.5 27.5 27 27 27 27 27 27 27 27 27 27 27 27 27 27 27 27 0 0 0 0 0 0 0 
26 26 26 26 26 26 26 26 26 26 26 26 26 26 26 26 26 26 26 25.3333 24.5 24.5 24 24 24 24 
26 25.5 25.2 25.75 25.75 25.75 25.75 25.75 25.75 25.75 25.75 25.75 25.75 25.75 25.75 25.6667 25.6667 25.6667 25.6667 25.6667 25.6667 25.6667 26.5 26.5 0 0 0 
26 26.5 26.5 26.5 26.5 26.5 26.5 26.6 25.6667 25.6667 25.6667 25.6667 25.6667 24.5 24.5 24.5 24.5 24.5 24.5 24.5 25 25 25 25 25 
26 26 26.25 26.25 26.25 26.25 25.6667 25.6667 25.6667 25.6667 25.6667 25.6667 25.6667 25.6667 25.6667 25.6667 25.6667 25 25 25 25 25 25 25 25 25 26 26 
26 25.5 26 26 26 26 26 26 26 26 26 26 26 26 26 26 26.6667 26.6667 26.6667 26.6667 26.6667 27.5 27.5 27.5 27.5 27 
26 26 26.5 26.5 26.5 26.5 27 27.5 27.5 27.5 27.5 27.5 27.5 0 0 0 0 0 0 0 
26 25.5 26 26 25.5 25.5 25.5 25.5 25.5 25.6667 25.6667 25.6667 25.6667 25.6667 25.5 27 27 27 27 27 27 
26 25.5 26 26 26 26 26 26 26 26 26 26 26 26.6667 26.6667 26.6667 26.6667 26.6667 26.6667 26.5 0 0 0 0 
26 25.5 25.5 25 25 25.5 25 25 25 25 25 25 25 24.5 24.5 24.5 24.5 24.5 24.5 24.5 24 
26 25 25 25 25 25 25.5 25.5 25.5 25.5 25.5 25.5 25.5 25.5 25.5 25.5 25.5 25.5 25.5 25.3333 24.5 24.5 25 25 25 25 25 
26 26 26 26 26 26 26 26 26 26 26 26.5 26.5 26.5 26.5 26.5 26.5 26.5 27 27.5 27.5 27.5 27 27 27 27 27 
26 27 27 27 26.5 26.5 26.5 26.5 26.6667 26.6667 26.6667 26.6667 26.6667 26.6667 26.6667 26.6667 26.6667 26.5 26.5 26.5 26.5 26.5 26.5 26.5 26.5 0 0 
