165 165 165 165 165 165 165 165 165 165 165 165 165 165 165 165 165 165 165 165 165 165 165.5 165.5 165 165 165 165 165 165 165 165 165 165 165 165 165 165 
165 165 165 165 165 165 165 165 165 165 165 165 165 165 165 165 165 165 165 165 165 165 165 
165 165 165 165 165 165 165 165 165 165 165 165 165 165 165 165 165 165 165 165 165 165 165 165 165 165 165 
165 165 165 165 165 165 165 165 165 165 165 165 165 165 165 165 165 165 165 165 165 165 165 165 
165 165 165 165 165 165 165 165 165 165 165 165 165 165 165 165 
165 165 165 165 165 165 165 165 165 165 165 165 165 165 165 165 165 165 165 165 165 165 165 
165 165 165 165 165 165 165 165 165 165 165 165 165 165 165 165 165 165 165 165 165 165 165 
165 165 165 165 165 165 165 165 165 165 165 165 165 165 165 165 165 165 165 165 165 165 165 165 165 
165 165 165 165 165 165 165 165 165 165 165 165 165 165 165 165 165 165 165 165 165 165 165 165 165 165 165 165 165 165 165 
165 165 165 165 165 165.5 165.5 165.5 165.5 165.5 165 165 165 165 165 165 165 165 165 165 165 165 165 165 165 
165 165 165 165 165 165 165 165 165 165 165 165 165 165 165 165 165 165 165 165 165 165 165 
165 165 165 165 165 165 165 165 165 165 165 165 165 165 165 165 165 165 165 165 165 165 
165 165 165 165 165 165 165 165 165 165 165 165 165 165 165 165 165 165 165 165 165 165 165 165 165 
165 165 165 165 165 165 165 165 165 165 165 
165 165 165 165 165 165 165 165 165 165 
165 165 165 165 165 165.5 165 
165 165 165 165 165 165.5 165.5 165.5 165 165 
165 165 165 165 165 165 165 165 
165 165 165 165 165 165.5 165.5 165.5 165 165 165 165 165 165 165 165 165 165 
165 165 165 165 165 165 165 165 165 165 165 165 165 165 165 165 165 165 165 165 165 165 165 165 165 165 
165 165 165 165 165 165 165 165 165 165 165 165 165 165 165 165 165 165 165 165 165 165 165 
165 165 165 165 165 165 165 165 165 165 165 165 165 165 165 165 165 165 165 165 165 165 165 165 165 165 165 165 165 165 165 165 
165 165 165 165 165 165 165 165 165 165 165 165 165 165 165 165 165 165 165 165 165 165 165 165 
165 165 165 165 165 165 165 165 165 165 165 165 165 165 165 165 165 165 165 165 165 165 165 
165 165 165 165 165 165 165 165 165 165 165 165 165 165 165 165 165 165 165 165 165 165 165 165 165 165 165 165 165 165 165 165 
165 165 165 165 165 165 165 165 165 165 165 165 165 165 165 165 165 165 165 165 165 165 165 165 165 165 165 165 165 
165 165 165 165 165.5 165.5 165 165 165 165 165 165 165 165 165 165 165 165 165.5 165 165 165 
165 165 165 165 165 165 165.5 165.5 165.5 165 165 165 165 165 165 165 165 165 165 165 165 165 165 165 
165 165 165 165 165 165 165 165 165 165 165 165 165 165 165 165 165 165 165 165 165 165 165 165 
165 165 165 165 165 165 165 165 165 165 165 165 165 165 165 165 165 165 165 165 165 165 165 165 
165 165 165 165 165 165 165 165 165 165 165 165 165 165 165 165 165 165 165 165 165 165 165 165 165 
165 165 165 165 165 165 165 165 165 165 165 165 165 165 165 165 165 165 165 165 165 165 165 
165 165 165 165 165 165 165 165 165 165 165 165 165 165 165 165 165 165 165 165 165 165 165 165 165 165 165 165 165 165 
165 165 165 165 165 165 165 165 165 165 165 165 165 165 165 165 165 165 165 165 165 165 165 165 165 165 165 165 165 165 
165 165 165 165 165 165 165 165 165 165 165 165 165 165 165 165 
165 165 165 165 165 165 165 165 165 165 165 165 165 165 165 165 165 165 165 165 165 165 165 165 
165 165 165 165 165 165 165 165 165 165 165 165 165 165 165 165 165 165 165 165 165 
165 165 165 165 165 165 165 165 165 165 165 165 165 165 165 165 165 165 165 165 165 165 165 
165 165 165 165 165 165 165 165 165 165 165 165 165 165 165 165 165 165 165 165 165 165 165 
165 165 165 165 165 165 165 165 165 165 165 165 165 165 165 165 165 165 165 165 165 
165 165 165 165 165 165 165 165 165 165 165 165 165 165 165 165 165 165 165 165 165 165 165 165 
165 165 165 165 165 165 165 165 165 165 165 165 165 165 165 165 165 165 165 165 165 165 165 
165 165 165 165 165 165 165 165 165 165 165 165 165 165 165 165 165 165 165.5 165.5 165 165 165 
165 165 165 165 165 165 165 165 165 165 165 165 165 165 165 165 165 165 165 165 165 165 165.5 
165 165 165 165 165 165 165 165 165 165 165 165 165 165 165 165 165 165 165 165 165 165 165.5 165 
165 165 165 165 165 165 165 165 165 165 165 165 165 165 165 165 165 165 165 165 165 165 165 165 
165 165 165 165 165 165 165 165 165 165 165 165 165 165 165 165 165 165 165 165 165 165 165 
165 165 165 165 165 165 165 165 165 165 165 165 165 165 165 165 165 165 165 165 165 165 
165 165 165 165 165 165 165 165 165 165 165 165 165 165 165 165 165 165 165 165 165 165 165 
165 165 165 165 165 165 165 165 165 165 165 165 165 165 165 165 165 165 165 165 165.5 165 165 165 
165 165 165 165 165 165 165 165 165 165 165 165 165 165 165 165 165 165 165 165 165 165 165 165 165 165 165 165 165 165 165 
165 165 165 165 165 165 165 165 165 165 165 165 165 165 165 165 165 165 165 165 165 165.5 165 165 
165 165 165 165 165 165 165 165 165 165 165 165 165 165 165 165 165 165 165 165 165 165 165 
165 165 165 165 165 165 165 165 165 165 165 165 165 165 165 165 165 165 165 165 165 165 165 165 165 165 165 165 
165 165 165 165 165 165 165 165 165 165 165 165 165 165 165 165 165 165 165 165 165 165 165 165 
165 165 165 165 165 165 165 165 165 165 165 165 165 165 165 165 
165 165 165 165 165 165 165 165 165 165 165 165 165 165 165 165 165 165 165 165 165 165 165 165 
165 165 165 165 165 165 165 165 165 165 165 165 165 165 165 165 165 165 165 165 165 165 165 
165 165 165 165 165 165 165 165 165 165 165 165 165 165 165 165 165 165 165 165 165 
165 165 165 165 165 165 165 165 165 165 165 165 165 165 165 165 165 165 165 165 165 165 165 165 
165 165 165 165 165 165 165 165 165 165 165 165 165 165 165 165 165 165 165 165 165 165 165 
165 165 165 165 165 165 165 165 165 165 165 165 165 165 165 165 165 165 165 165 165 165 165 165 165 165 165 165 
165 165 165 165 165 165 165 165 165 165 165 165 165 165 165 165 165 165 165 165 165 165 165 
165 165 165 165 165 165 165 165 165 165 165 165 165 165 165 165 165 165 165 165 165 165 
165 165 165 165 165 165 165 165 165 165 165 165 165 165 165 165 165 165 165 165 165 165 165 165 165 165 165 
165 165 165 165 165 165 165 165 165 165 165 165 165 165 165 165 165 165 165 165 165 165 165 165 165 
165 165 165 165 165 165 165 165 165 165 165 165 165 165 165 165 165 165 165 165 165 165 165 165 165 165 165 165 165 165 165 165 
165 165 165 165 165 165 165 165 165 165 165 165 165 165 165 165 165 165 165 165 165 165 165 
165 165 165 165 165 165 165 165 164.5 165 165 165 165 165 165 165 165 165 165 165 165 165 165 165 
165 165 165 165 165 165 165 165 165 165 165 165 165 165 165 165 165 165 165 165 165 165 165 164.5 165 165 165 165 165 165 
165 165 165 165 165 165 165 165 165 165 165 165 165 165 165 165 165 165 165 165 165 165 165 165 
165 165 165 165 165 165 165 165 165 165 165 165 165 165 165 165 165 165 165 165 165 165 165 165 165 165 
165 165 165 165 165 165 165 165 165 165 165 165 165 165 165 165 165 165 165 165 165 165 165 
165 165 165 165 165 165 165 165 165 165 165 165 165 165 165 165 165 165 165 165 165 165 165 
165 165 165 165 165 165 165 165 165 165 165 165 165 165 165 165 165 165 165 165 165 165 165 165 165 165 165 165 165 165 165 165 165 165 165 165 
165 165 165 165 165 165 165 165 165 165 165 165 165 165 165 165 165 165 165 165 165 165 165 165 165 165 165 165 165 165 165 165 165 165 165 165 
165 165 165 165 165 165 165 165 165 165 165 165 165 165 165 165 165 165 165 165 165 165 165 165 
165 165 165 165 165 165 165 165 164.5 165 165 165 165 165 165 165 165 165 165 165 165 165 165 165 165 
165 165 165 165 165 165 165 165 165 165 165 165 165 165 165 165 165 165 165 165 165 165.5 165.5 165 165 165 165 
165 165 165 165 165 165 165 165 165 165 165 165 165 165 165 165 165 165 165 165 165 165 165 165 165 165 165 165 165 165 165 165 
165 165 165 165 165 165 165 165 165 165 165 165 165 165 165 165 165 165 165 165 165 165 165 165 165 
165 165 165 165 165 165 165 165 165 165 165 165 165 165 165 165 165 165 165 165 165 165.5 165 165 
165 165 165 165 165 165 165 165 165 165 165 165 165 165 165 165 165 165 165 165 165 165 165 165 
165 165 165 165 165 165 165 165 165 165 165 165 165 165 165 165 165 165.5 165 
165 165 165 165 165 165 165 165 165.5 165.5 165 165 165 165 165 
165 165 165 165 165 165 165.5 165.5 165 165 165 165 165 165 165 165 165 165 165 165 
165 165 165 165 165 165 165 165.5 165 165 165 165 165 165 165 165 165 165 
165 165 165 165 165 165 165 165.5 165 165 
165 165 165 165 165 165 165 165 165 165 165 165 165 165 165 165 165 165 165 165 165 165.5 165 165 
165 165 165 165 165 165 165 165 165 165 165 165 165 165 165 165 165 165 165 165 165 165 
165 165 165 165 165 165 165 165 165 165 165 165 165 165 165 165 165 165 165.5 165.5 165 165 165 
165 165 165 165 165 165 165 165 165 165 165 165 165 165 165 165 165 165 165 165 165 165 165 165 
165 165 165 165 165 165 165 165 165 165 165 165 165 165 165 165 165 165 165 165 165 165 165 165 165 
165 165 165 165 165 165 165 165 165 165 165 165 165 165 165 165 165 165 165 165 165 165 165 165 165.5 165 
165 165 165 165 165.5 165.5 165.5 165.5 165 165 165 165 165 165 165 165 165 165 165 165 165 165 165 165 165 165 165 165 165 165 
165 165 165 165 165 164.5 165 165 165 165 165 165 165 165.5 
165 165 165 165 165 165 165 165.5 165.5 165.5 165.5 165.5 165.5 165.5 165 165 165 165 165 165.5 165.5 165 165 
165 165 165 165 165 165 165 165 165 165 165 165 165 165 165 165 165 165 165 165 165 165 165 165 165 
165 165 165 165 165 165 165 165 165 165 165 165 165 165 165 165 165 165 165 165 164.5 165 165 
165 165 165 165 165 165 165 165 165 165 165 165 165 165 165 165 165 165 165 165 165 165 165 165 165 165 
165 165 165 165 165 165 165 165 165 165 165 165 165 165 165 165 165 165 165 165 165 165 165 165 165 165 
165 165 165 165 165 165 165 165 165 165 165 165 165 165 165 165 165 165 165 165 165 165 
165 165 165 165 165 165 165 


165 
165 165 165 165 165 165 165 165.5 165.5 165 
165 165 165 165 165 165 165 165 
165 165 165 165 165 165 165 165 165 165 165 165.5 165 165 165 165 165 165 165 165 165 165 165 165 165 165 165 165 165 165 165 
165 165 165 165 165 165 165 165 165 165 164.5 164.5 164.5 164.5 164.5 164.5 164.5 165 165 165 165 
165.5 165.5 165.5 165 165 165 165 165 165 165 165 165 165 165 165 165 165 165 165 165 165 165 165 
165 165 165 165 165 165 165 165 165 165 165 165 165 165 165 165 165 165 165 165 165 165 165 165 
165 165 165 165 165 165 165 165 165 165 165 165 165 165 165 165 165 165 165 165 165 165 
165 165 165 165 165 165 165 165 165 165 165 165 165 165 165 165 165 165 165 165 165 165.5 
165 165 165 165 165 165 165 165 165 165 165 165 165 165 
165 165 165 165 165 165 165 165 165 165 165 165.5 165.5 165 165 165 165 165 165 165 165 165 165 165 165 165 165 165 
165 165 165 165 165 165 165 165 165 165 165 165 165 165 165 165 165 165 165 165 165 165 
165 165 165 165 165 165 165 165 165 165 165 165 165 165 165 165 165 165 165 165 165 165 165 165 165 165 165 165 
165 165 165 165 165 165 165 165 165 165 165 165 165 165 165 165 165 165 165 165 165 165 165 165 
165 165 165 165 165 165 165 165 165 165 165 165 165 165 165 165 165 165 165 165 165 165 165 165 
165 165 165 165 165 165 165 


165.5 
165 165 165 165 165 165 165 165.5 165 165 
165 165 165 165 165 165 165 165 165 165 165 165 165 165 165 165 165 165.5 165.5 165 165 165 165 165 165 165 165 165 165 165 
165 165 165 165 165 165 165 165 165 165 165 165 165 165 165 165 165 165 165 165 165 
165 165 165 165 165 165 165 165 165 165 165 165 165 165 165 165 165 165 165 165 165 165 165 
165 165 165 165 165 165 165 165 165 165 165 165 165 165 165 165 165 165 165 165 165 165 165 165 
165 165 165 165 165 165 165 165 165 165 165 165 165 165 165 165 165 165 165 165 165 165 165 
165 165 165 165 165 165 165 165 165 165 165 165 165 165 165 165 165 165 165 165 165 165 165 165 165 
165 165 165 165 165 165 165 165 165 165 165 165 165 165 165 
165 165 165 165 165 165 165 
165 165 165 165 165 165.5 165.5 165.5 165 165 165 165 165 165 165 165 165 165 165 165 165 165 165 165 165 165 165 165 
165 165 165 165 165 165 165 165 165 165 165 165 165 165 165 165 165 165 165 165 165 165 
165 165 165 165 165 165 165 165 165 165 165 165 165 165 165 165 165 165 165 165 165 165 165 165 
165 165 165 165 165 165 165 165 165 165 165 165 165 165 165 165 165 165 165 165 165 165 165 165 165 165 
165 165 165 165 165 165 165 165 165 165 165 165 165 165 165 165 165 165 165 165 165 165 165 165 
165 165 165 165 165 165 165 165 165 165 165 165 165 165 
165 165 165 165 165 165.5 165.5 165.5 165 165 165 165 165 165 165 165 165 165 165 165 165 165 165 
165 165 165 165 165 165 165 165 165 165 165 165 165 165 165 165 
165 165 165 165 165 165 165 165 165 165 165 165 165 165 165 165 165 165 165 165 165 165 165 165 165 165 165 165 164.5 
165 165 165 165 165 165 165 165 165 165 165 165 165 165 165 165 165 165 165 165 165 165 165 165 165 165.5 165.5 165 
165 165 165 165 165 165 165 165 165 165 165 165 165 165 165 165 165 165 165 165 165 165 165 165 
165 165 165 165 165 165 165 165 165 
165 165 165 165 165 165 165 165 
165 165 165 165 165 165.5 165.5 165.5 165.5 165.5 165.5 165 165 165 165 165 165 165 165 165 165 165 165 165 165 
165 165 165 165 165 165 165 165 165 165 165 165 165 165 165 165 165 165 165 165 165 165 165 165 
165 165 165 165 165 165 165 165 165 165 165 165 165 165 165 165 165 165 165 165 165 165 165 165 
165 165 165 165 165 165 165 165 165 165 165 165 165 165 165 165 165 165 165 165 165 165 
165 165 165 165 165 165 165 165 165 165 165 165 165 165 165 165 165 165 165 165 165 165 165 
165 165 165 165 165 165 165 165 165 165 165 165 165 165 165 165 165 165 165 165 165 165 165 165 
165 165 165 165 165 165 165 165 165 165 165 165 165 165 165 165 
165 165 165 165 165 165 164.5 164.5 164.5 164.5 164.5 164.5 164.5 165 165 165 165 165 165 165 165 165 165 165 165 165 165 165 165 165 165 165 165 
165 165 165 165 165 165 165 165 165 165 165 165 165 165 165 165 165 165 165 165 165 165.5 165 165 
165 165 165 165 165 165 165 165 165 165 164.5 165 
165 165 165 165 165 165.5 165.5 165.5 165.5 165.5 165 165 165 165 165 165 165 165 165 165 165 165 165 165 165 
165 165 165 165 165 165 165 165 165 165 165 165 165 165 165 165 165 165 165 165 165 165 165 
165 165 165 165 165 165 165 165 165 165 165 165 165 165 165 165 165 165 165 165 165 165 165 165 
165 165 165 165 165 165 165 165 165 165 165 165 165 165 165 165 165 165 165 165 165.5 165 165 
165 165 165 165 165 165 165 165 165 165 165 165 165 165 165 165 165 165 165 165 165 165 165 
165 165 165 165 165 165 165 165 165 165 165 165 165 165 165 165 165 165 165 165 165 165 165 165 165 165 165 165 165.5 165 
165 165 165 165 165 165 165 165 165 165 165 165 165 165 165 165 165 165 165 165 165 165 
165 165 165 165 165 165 164.5 164.5 164.5 164.5 165 165 165 165 165 165 165 165 165 165 165 165 165 
165 165 165 165 165 165 165 165 165 165 165 165 165 165 165 165 165 165 165 165 165 165 165 165 
165 165 165 165 165 165 165 165 165 165 165 165 165 165 165 165 165 165 165 165 165 165 165 165 165 
165 165 165 165 165 165 165 165 165 165 165 165 165 165 165 165 165 165 165 165 165 165 165 165 
165 165 165 165 165 165 165 165 165 165 165 165 165 165 165 165 165 165 165 165 165 165 165.5 165.5 165.5 165 165 165 165 
165 165 165 165 165 165 165 165 165 165 165 165 165 165 165 165 165 165 165 165 165 165 165 
165 165 165 165 165 165 165 165 165 165 165 165 165 165 165 165 165 165 165 165 165 165 165 165 165 165 
165 165 165 165 165 165 165 165 165 165 165 165 165 165 165 165 165 165 
165 165 165 165 165 165 165 165 165 165 165 165 165 165 165 165 165 165 165 165 165 165 165 165 165 165 165 165 165 165 165 
165 165 165 165 165 165 165 165 164.5 165 165 165 165 165 165 165 165 165 165 165 165 165 165 165 165 165 165 165 
165 165 165 165 165 165 165 165 165 165 165 165 165 165 165 
165 165 165 165 165 165.5 165.5 165.5 165 165 165 165 165 165 165 165 165 165 165 165.5 165.5 165 165 
165 165 165 165 165 165 165 165 165 165 165 165 165 165 165 165 165 165 165 165 165 165 165 165 165 165 165 165 165 165 165 165 165 165 165 165 
165 165 165 165 165 165 165 165 165 165 165 165 165 165 165 165 165 165 165 165 165 165 165 165 165 165 
165 165 165 165 165 165 165 165 165 165 165 165 165 165 165 165 165 165 165 165 165 165 165 165 165 165 165 
165 165 165 165 165 165 165 165 165 165 165 165 165 165 165 165 165 165 165 165 165 165 
165 165 165 165 165 165 165 165 165 165 165 165 165 165 165 165 165 165 165 165 165 165 165 165 165 
165 165 165 165 165 165 165 165 165 165 165 165 165 165 165 165 165 165 165.5 165.5 165 165 165 
165 165 165 165 165 165 165 165 165 165 165 165 165 165 165 165 165 165 165 165 165 165 165 
165 165 165 165 165 165 165 165 165 165 165 165 165 165 165 165 165 165 165 165 165 165 165 165 165 165 165 165 165 165 165 165.5 165 165 165 165 
165 165 165 165 165 165 165 165 165 165 165 165 165 165 165 165 165 165 165 165 165 165 165.5 165.5 165 165 
165 165 165 165 165 165 165 165 165 165 165 165 165 165 165 165 165 165 165 165 165 165.5 165.5 165 165 
165 165 165 165 165 165 165 165 165 165 165 165 165 165 165 165 165 165 165 165 165 165 
165 165 165 165 165 165 165.5 165.5 165 165 165 165 165 165 165 165 165 165 165 165 165 165 165 165 
165 165 165 165 165 165 165 165 165 165 165 165 165 165 165 165 165 165 165 165 165 165 165 165 165 165 165 165 165 165 165 165 165 165 
165 165 165 165 165 165 165 165 165 165 164.5 164.5 164.5 164.5 164.5 164.5 164.5 164.5 165 165 165 165 
165 165 165 165 165 165 165 165 165 165 165 165 165 165.5 165 165 165 165 165 165 165 165 
165 165 165 165 165 

165 
165 165 
165 165 165 165 165 165 165.5 165.5 165 165 165 165 165 165 
165 165 165 165.5 165 165 165 165 165 165 165 165 165 165 165 165 165 165 165 165 165 165.5 
165 165 165 165 165 165 165 165 165 165.5 165.5 165.5 165.5 165 165 165 165 165 165 165 165 165 165 165 165 165 165 165 165 165 165 165 165 165 165 165 165 
165 165 165 165 165 165 165 165 165 165 165 165 165 165 165 165 165 165 165 165 165 165 165 165 
165 165 165 165 165 165 165 165 165 165 165 165 165 165 165 165 165 165 165 165 165 165 165 165 165 
165 165 165 165 165 165 165 165 165 165 165 165 165 165 165 165 165 165 165 165 165 165 165 165 165 
165 165 165 165 165 165 165 165 165 165 165 165 165 165 165 165 165 165 165 165 165 165 165 
165 165 165 165 165 165 165 165 165 165 165 165 165 165 165 165 165 165 165 165 165 165 165 165 
165 165 165 165 165 165 165 165 165 165 165 165 165 165 165 165 165 165 165 165 165 165 165 165 
165 165 165 165 165 165 165 165 165 165 165 165 165 165 165 165 165 165 165 165 165 165 165 
165 165 165 165 165 165 165 165 165 165 165 165 165 165 165 165 165 
165 165 165 165 165 165 165 165 165 165 165 165 165 165 
165 165 165 165 165 165 165 165 165 165 165 165 165 165 165 165 165 165 165 165 165 165 165 165 165 165 165 165 165 165 165 165 165 165 165 165 165 
165 165 165 165 165 165 165 165 165 165 165 165 165 165 165 165 165 165 165 165 165 165 165 165 
165 165 165 165 165 165 165 165 165 165 165 165 165 165 165 165 
165 165 165 165 165 165 165 165 165 165 165 165 165 165 165 165 165 165 165 165 165 165 165 
165 165 165 165 165 165 165 165 165 165 165 165 165 165 165 165 165 165 165 165 165 165 165 
165 165 165 165 165 165 165 165 165 165 165 165 165 165 165 165 165 165 165 165 165 165 165 165 165 165 
165 165 165 165 165 165 165 165 165 165 165 165 165 165 165 165 165 165 165 165 165 165 165 165 165 165 165 165 165 165 165 
165 165 165 165 165 165 165 165 165 165 165 164.5 165 165 165 165 165 165 165 
165 165 165 165 165 165 165 165 165 165 165 165 165 165 165 165 165 165 165 165 
165 165 165 165 165 165 165 165 165 165 165 165 165 165.5 165 165 165 165 165 165.5 165.5 165 165.5 
165 165 165 165 165 165 165 165 165 165 165 165 165 165 165 165 165 165 165 
165 165 165 165 165 165 165 165.5 165.5 165.5 165 165 165 165 165 165 165 165 165 165 165 165 165 165 
165 165 165 165 165 165 165 165 165 165 165 165 165 165 165 165 165 165 165 165 165 165 
165 165 165 165 165 165 165 165 165 165 165 165 165 165 
165 165 165 165 165 165 165 165 165 165 165 165 165 165 165 165 165 165 165 165.5 165.5 165 165 
164.5 165 165 165 165 165 165 165 165 165 165 
165 165 165 165 165 165 165.5 165.5 165.5 165 165 165 165 165 165 165 165 165 165 
165 165 165 165 165 165 164.5 164.5 164.5 164.5 165 165 165 165 165 165 165 165 165 165 165.5 
165 165 165 165 165 165 165 165 165 165 165 165 165 165 165 165 140 140 140 140 140 140 140 140 140 140 140 140 140 140 140 140 140 140 140 140 140.5 140 140 140 
165 165 165 165 165 165 165 165 165 165 165 165 165 165 165 165 165 165 165 165 165 165 165 
165 165 165 165 165 165 165 165 165 165 165 164.5 165 165 165 165 165 165 165 165 165 165 165 165 165 165 165 
165 165 165 165 165 165 165 165 165 165 165 165 165 165 165 165 165 165 165 165.5 165 165 
165 165 165 164.5 164.5 164.5 164.5 164.5 164.5 164.5 164.5 165 165 165 165 165 165 165 165 165 165 165 165 165 165 
165 165 165 165 165 165 165 165 165 165 165 165 165 165 165 165 165 165 165 165 165 165 
164.5 165 165 165 165 165 165 165 165 165 165 165 165 165 165 165 165 165 165 165.5 165 165 165 
165 165 165 165 165 165 165 165 165 165 165 165 165 165 165 165 165 165 165 165 165 165 165 165 165.5 
165 165 165 165 165 165 165 165 165 165 165 165 165 165 165 165 165 165 165 165 165 165 165 
165 165 165 165 165 165 165 165 165 165 165 165 165 165 165 165 165 165 165 165 165 165 165 165 164.5 165 
165 165 165 165 165 165 165 165 165 165 165 165 165 165 165 165 165 165 165 165 165 165 165 165 165 
165 165 165 165 165 165 165 165 165 165 165 165 165 165 165 165 165 165 165 165 165 165 165 165 165 165 165 165 165 165 165 165 165 165 165 
165 165 165 165 165 165 165 165 165 165 165 165 165 165 165 165 165 165 165 165 165 165 165 165 
165 165 165 165 165 165 165 165 165 165 165 165 165 165 165 165 165 165 165 165 165 165 165 165 
165 165 165 165 165 165 165 165 165 165 165 165 165 165 165 165 165 165 165 165 165 165 
164.5 165 165 165 165 165 165 165 165 165 165 165 165 165 165 165 165 165 165 165 165 165 165 165 165 165 165 165 165 165 165 165 
165 165 165 165 165 165 165 165 165 165 165 165 165 165 165 165 165 165 165 165 165 165 165 
165 165 165 165 165 165 165 165 165 165 165 165 165 165 165 165 165 165 165 165 165 165 165 
165 165 165 165 165 165 165 165 165 165 165 165 165 165 165 165 165 165 165 165 165 165 165 165 
165 165 165 165 165 165 165 165 165 165 165 165 165 165 165 165 165 165 165 165 165 165 165 165 165 165 165 165 165 
165 165 165 165 165 165 165 165 165 165 165 165 165 165 165 165 165 165 165 165 165 165 
164.5 165 165 165 165 165 165 165 165 165 165 165 165 165 165 165 165 
165 165 165 165 165 165.5 165.5 165.5 165 165 165 165 165 165 165 165 165 165 165 
165 165 165 165 165 165 165 165 165 165 165 165 165 165 165 165 165 165 165 165 165 165 165 165 165 
165 165 165 165 165 165 165 165 165 165 165 165 165 164.5 164.5 164.5 164.5 164.5 164.5 164.5 165 165 165 165 165 
165 165 165 165 165 165 165 165 165 165 165 165 165 165 165 165 165 165 165 165 165 165 
165 165 165 165 165 165 165 165 165 165 165 165 165 165 165 
165 165 165 165 165 165 165 165 165 165 165 165 165 165 165 165 165 165 165 165 165 165 165 165 165 165 165 165 
165 165 165 165 165 165 165 165 164.5 165 165 165 165 165 165 165 165 165 165 165 165 165 165 165 165 
165 165 165 165 165 165 165 165 165 165 165 165 165 165 165 165 165 165 165 164.5 164.5 165 165 165 165 
165 165 165 165 165 165 165 165 165 165 165 165 165 165 165 165 165 165 165 165 165 165 165 165 
165 165 165 165 165 165 165 165 165 165 165 165 165 165 165 165 165 
165 165 165 165 165 165 165 165 165 165 165 165 165 165 165 165 165 165 165 
165 165 164.5 165 165 165 165 165.5 165 165 165 
165 165 165 165 165 165 165 165 165 165 165 165 165 165 165 165 165 165 165 165 165 165 165 165 
165 165 165 165 165 165 165 165 165 165 165 165 165 164.5 164.5 165 165 165 165 165 165 165 165 
165 165 165 165 165 165 165 165 165 165 165 165 165 165.5 165 165 165 165 165 165 165 165 165 
165 165 165 165 165 165 165 165 165 165 165 165 165 165 165 165 165 165 165 165 165 165 165 165 
165 165 165 165 165 165 165 165 165 165 165 165 165 165 165 165 165 165 165 165 165 165 165 165 165 165 
165 165 165 165 165 165 165 165 165 165 165 165 165 165 165 165 165 165 165 165 165 165 165 165 
165 165 165 165 165 165 165 165 165 165 165 165 165 165 165 165 165 165 165 
165 165 165 165 165 165 165 165 165 165 165 165 165 165 165 165 165 165 165 165 165 165 165 165 165 165 165 
165 165 165 165 165 165 165 165 165 165 165 165 165 165 165 165 165 165 165 165 165 165 165 165 
165 165 165 165 165 165 165 165 165 165 165 165 165 
165 165 165 165 165 165 165 165 165 165 165 165 165 165 165 165 165 165 165 165 165 165 165 
165 165 165 165 165 165 165 165 165 165 165 165 165 165 165 165 165 165 165 165.5 165.5 165.5 165.5 165.5 165 165 165 165 165 165 165 165 
165 165 165 165 165 165 165 165 165 165 165 165 165 164.5 164.5 164.5 164.5 164.5 164.5 165 165 165 165 165 165.5 165 165 
165 165 165 165 165 165 165 165 165 165 165 165 165 165 165 165 165 165 165 165 165 165 165 
165 165 165 165 165 165 165 165 165 165 165 165 165 165 165 165 165 165 165 165 165 165 
165 165 165 165 165 165 165 165 165 165 165 165.5 165 165 165 165 165 165 165 165 165 165 165 165 165 165 165 
165 165 165 165 165 165 165 165 165 165 165 165 165 165 165 165 165 165 165 165 165 165 165 165 165 
165 165 165 165 165 165 165 165 165 165 165 165 165 165 165 165 165 165 165 165 165 165 165 165 165 165 165 165 165 165 165 165 165 164.5 
165 165 165 165 165 164.5 164.5 164.5 164.5 165 165 165 

165 
165 165 165 165 165 165 165 165 165 165 165 
165 165 165 165 165 165 165 165 165 165 165 165 165 165.5 165 165 165 165 165 165.5 165.5 165 165 
165 165 165 165 165 165 165 165 165 165 165 165 165 165 165 165 165 165 165 165 165 165 165 165 165 165 
165 165 165 165 165 165 165 165 165 165 165 165 165 165 165 165 165 165 165.5 165.5 165 165 165 
165 165 165 165 165 165 165 165 165 165 165 165 165 165 165 165 165 165 165 165 165 165 165 
165 165 165 165 165 165 165 165 165 165 165 165 165 165.5 165 165 
165 165 165 165 165 165 164.5 164.5 164.5 164.5 165 165 165 165 165 165 165 165 165.5 165.5 165 165 165 
165 165 165 165 165 165 165 165 165 165 165 165 165 165 165 165 165 165 165 165 165 165 165 165 
165 165 165 165 165 165 165 165 165 165 165 165 165 165 165 165 165 165 165 165 165 165 165 
165 165 165 165 165 165 165 165 165 165 165 165 165 165 165 165 165 165 165 165 165 165 165 165 165 165 165 165 165 165 165 
165 165 165 165 165 165 165 165 165 165 165 165 165 165 165 165 165 165 165 165 165 165 165 165 165 165 165 165 165 165 165 165 165 165 165 
165 165 165 165 165 165 165 165 165 165 165 165 165 165 165 165 165 165 165 165 165 165 165 165 165 165 165 165 165 
165 165 165 165 165 165 165 165 165 165 165 165 165 165 165 165 
164.5 165 165 165 165 165 165 165 165 
165 165 165 165 165 165 165 165 
165 165 165 165 165 165 165 165.5 165 165 165 165 165 165 165 165 165 165 
165 165 165 165 165 165 165 165 165 165 165 165 165 165 165 165 165 165 165 165 165 165 165 165 165 165 
165 165 165 165 165 165 165 165 165 165 165 165 165 165 165 165 165 165 165 165 165 165 165 165 165 165 165 165 165 165 165 
165 165 165 165 165 165 165 165 165 165 165 165 165 165 165 165 165 165 165.5 165.5 165 165 165 165 165 
165 165 165 165 165 165 165 165 165 165 165 165 165 165 165 165 165 165 
165 165 165 165 165 165 165 165 165 165 165 165 165 165.5 165 165 165 165 165 165 165 165 
165 165 165 165 165 165 165 164.5 164.5 164.5 164.5 165 165 165 165 165 165 165 165 165 165 165 165 165 165 165 165 165 165 165 
165 165 165 165 165 165 165 165 165 165 165 165 165 165 165 165 165 165 165 165 165 165 165 165 
165 165 165 165 165 165 165 165 165 165 165 165 165 165 165 165 165 165 165 165 165 165 
165 165 165 165 165 165 165 165 165 165 165 165 165 165 165 165 165 165 165 165 165 165 165 165 
165 165 165 165 165 165 165 165 165 165 165 165 165 165 165 165 165 165 165 165 165 165 165 165 165 165.5 165.5 165 165 165 165 165 165 165 165 165 165 165 165 165 165.5 165 
165 165 165 165 165 165 165 165 165 165 165 165 165 165 165 165 165 165 165 165 165 165 165 
165 165 165 165 165 165 165 165 165 165 165 165 165 165 165 165 165.5 165.5 165 165 165 165 165 165 165 165 165 165 165 165 165 
165 165 165 165 165 165 165 165 165 165 165 165 165 165 165 165 165 
165 165 165 165 165 165 165 165 165 
165 165 165 165 165 165 165 165 165 165 165 165 165 165 165 165 165 165 165 165 165 165 165 165.5 165.5 165 165 165 165 165 
165 165 165 165 165 165 165 165 165 165 165 165 165 165 165 165 165 165 165 165 165 165 165 165 165.5 165.5 165 
165 165 165 165 165 165 165 165 165 165 165 165 165 165 165 165 165 165 165 165 165 165 165 165 165 
165 165 165 165 165 165 165 165 165 165 165 165 165 165 165 165 165 165 165 165 165 165 165 165 165 
165 165 165 165 165 165 165 165 165 165 165 165 165 165 165 165 165 165 165 165 165 165 
165 165 165 165 165 165 165 165 165 165 165.5 165.5 165.5 165.5 165.5 165.5 165.5 165.5 165.5 165 165 165 165 165 
165 165 165 165 165 165 165 165 165 165 165 165 165 165 165 165 165 165 165 165 165 165 165 
165 165 165 165 165 165 165 165 165 165 165 165 165 165 165 165 
165 165 165 165 165 165 165 165 165 165 165 165 165 165 165 165 165 165 165 165 165 165 165 165 
165 165 165 165 165 165 165 165 165 165 165 165 165 165 165 165 165 165 165 165 165 165 165 
165 165 165 165 165 165 165 165 165 165 165 165 165 165 165 165 165 165 165 165 165 165 165 165 
165 165 165 165 165 165 165 165 165 165 165 165 165 165 165 165 165 165 165 165 165 165 165 165 
165 165 165 165 165 165 165 165 165 165 165 165 165 165 165 165 165 165 165 165 165 
165 165 165 165 165 165 165 165 165 165 165 165 165 165 165 165 165 165 165 165 165 165 165 165 165 165 165 165 165 165 
165 165 165 165 165 165 165 165 165 165 165 165 165 165 165 165 165 165 165 165 165 165 165 165.5 165 
165 165 165 165 165 165 165 165 165 165 165 165 165 165 165 165 165 165 165 165 165 165 165 165 
165 165 165 165 165 165 165 165 165 165 165 165 165 165 165 165 165 165 165 165 165 164.5 165 
165 165 165 165 165 165 165 165 165 165 165 165 165 165 165 165 165 165 165 165 165 165 165 165.5 165.5 165 165 165 165 165 165 165 
165 165 165 165 165 165 165 165 165 165 165 165 165 165 165 165 165 165 165 165 165 165 165 165 165 165 165 165 165 
165 165 165 165 165.5 165.5 165.5 165.5 165 165 165 165 165 165 165 165 165 165 165.5 165 165 165 165 
165 165 165 165 165 165 165 165 165 165 165 165 165 165 165 165 165 165 165 165 165 165 165 
165 165 165 165 165 165 165 165 165 165 165 165 165 165 165 165 164.5 165 165 165 165 165 165 165 
165 165 165 165 165 165 165 165 165 165 165 165 165 165 165 165 165 165 165 165 165 165 165 165.5 
165 165 165 165 165 165 165 165 165 165 165 165 165 165 165 165 165 165 165 165 165 165 165 165 165 165 165 165 165 165 
165 165 165 165 165 165 165 165 165 165 165 165 165 165 165 165 165 165 165 165 165 165 165 
165 165 165 165 165 165 165 165 165 165 165 165 165 165 165 165 165 165 165 165 165 165 165 165.5 165 
165 165 165 165 165 165 165 165 165 165 165 165 165 165 165 165 165 165 165 165 165 165 165 165 
165 165 165 165 165 165 165 165 165 165 165 165 165 165 165 165 165 165 165 165.5 165 165 165 
165 165 165 165 165 165 165 165 165 165 165 165 165 165 165 165 165 165 165 165 165 165 165 
165 165 165 165 165 165 165 165 165 165 165 165 165 165 165 165 165 165 165 165 165 165 165 165 165 165 165 165 165 165 165 
165 165 165 165 165 165 165 165 165 165 165 165 165 165 165 165 165 165 165 165 165 165 165 165 
165 165 165 165 165 165 165 165 165 165 165 165 165 165 165 165 165 165 165 165 165 165 165 
165 165 165 165 165 165 165 165 165 165 165 165 165 165 165 165 165 165 165 165 165 165 165 165 
165 165 165 165 165 165 165 165 165 165 165 165 165 165 165 165 165 165 165 165 165 165 165 165.5 165 165 165 165 165 
165 165 165 165 165 165 165 165 165 165 165 165 165 165 165 165 165 165 165 165 165 165 
165 165 165 165 165 165 165 165 165 165 165 165 165 165 165 165 165 165 165 165 165 165 165 165 
165 165 165 165 165 165 165 165 165 165 165 165 165 165 165 165 165 165 165 165 165 165 165 
165 165 165 165 165 165 165 165 165 165 165 165 165 165 165 165 165 165 165 165 165 165 165 165 165 165 164.5 165 165 165 165 165 
165 165 165 165 165 165 165 165 165 165 165 165 165 165 165 165 
165 165 165 165 165 165 164.5 164.5 164.5 164.5 165 165 165 165 165 165 165 165 165 165.5 165 165 165 
165 165 165 165 165 165 165 165 165 165 165 165 165 165 165 165 165 165 165 165 165 165 165 165.5 165 165 
165 165 165 165 165 165 165 165 165 165 165 165 165 165 165 165 165 165 165 165 165 165 165 
165 165 165 165 165 165 165 165 165 165 165 165 165 165 165 165 165 165 165 165 165 165 165 165 165 
165 165 165 165 165 165 165 165 165 165 165 165 165 165 165 165 165 165 165 165 165 165 165 
165 165 165 165 165 165 165 165 165 165 165 165 165 165 165 165 165 165 165 165 164.5 165 165 
165 165 165 165 165 165 165 165 165 165 165 165 165 165 165 165 165 165 165 165 165 165 165 165 165 165 165 165 165 165 165 165 165 165 
165 165 165 165 165 165 165 165 165 165 165 165 165 165 165 165 165 165 165 165 165 165 165 165 165 
165 165 165 165 165 165 165 165 165 165 165 165 165 165 165 165 165 165 164.5 164.5 164.5 165 165 165 165 
165 165 165 165 165 165 165 165 165 165 165 165 165 165 165 165 165 
165 165 165 165 165 165 165 165 165 165 165 165 165 165 
165 165 165 165 165 165 165 165 165 165 165 165 165 165 165 165 165 165 165 165 165 165 165 
165 165 165 165 165 165 165 165 165 165 165 165 165 165 165 165 165 165 165 165 165 165 165 165 165 165 165 
165 165 165 165 165 165 165 165 165 165 165 165 165 165 165 165 165 165 165 165 165 165 165 165 165 
165 165 165 165 165 165 165 165 165 165 165 165 164.5 165 165 165 165 165 165 
165 165 165 165 165 165 165 165 165 165 165 165 165 165 165 165 165 165 165 165 165 165 165 165 
165 165 165 165 165 165 165 165 165 165 165 165 165 165 165 165 165 165 165 165 165 165 165 165 
165 165 165 165 165 165 165 165 165 165 165 165 165 165 165 165 165 165 165 165 165 165 165 165 165.5 165.5 165 165 165 165 165 
165 165 165 165 165 165 165 165 165 165 165 165 165 165 165 164.5 164.5 165 165 165 165 165 
165 165 165 165 165 165 165 165 165 165 165 165 165 165 165 165 165 165 165 165 165 165 165 164.5 
165 165 165 165 165 165 165 165 165 165 165 165 165 165 165 165 165 165 165 165 165 165 165 165.5 
165 165 165 165 165 165 165 165 165 165 165 165 165 165 165 165 165 165 165 165 165 165 165 165 
165 165 165 165 165 165 165 165 165 165 165 165 165 165 165 165 165 165 165 165 165 165 165.5 165 
165 165 165 165 165 165 165 165 165 165 165 165 165 164.5 165 165 165 165 165 165 165 165 
165 165 165 165 165 165 165 165 165 165 165 165 165 165 165 165 165 165 165 165 165 165 165 165 
165 165 165 165 165 165 165 165 165 165 165 165 165 165 165 165 165 165 165 165 165 165 165 165 165 165 165 165.5 
165 165 165 165 165 165 165 165 165 165 165 165 165 165 165 165 165 165 165 165 
165 165 165 165 165 165 165 165 165 165 165 165 165 165.5 165 165 165 165 165 165.5 165.5 165.5 165.5 
165 165 165 165 165 165 165 165 165 165 165 165 165 165 165 165 165 165 165 165 165 165 165 
165 165 165 165 165 165 165 165 165 165 165 165 165 165 165 165 165 165 165 165 165 165 
165 165 165 165 165 165 165 165 165 165 165 165 165 165 165 165 165 165 165 165 165 
165 165 165 165 165 165 165 165 165 165 165 165 165 165 165 165 165 165 165 165 165 165 
165 165 165 165 165 165 165 165 165 165 165 165 165 165 165 165 165 165 165 165 165 165 165 165 
165 165 165 165 165 165 165 165 165 165 165 165 165 165 165 165 165 165 165 165 165 
165 165 165 165 165 165 165 165 165 165 165 164.5 165 165 165 165 165 165 165 165 
165 165 165 165 165 165 165 165 165 165 165 165 165 165 165 165 165 165 165 165 165 165 165 165 165.5 165.5 165 165 165 165 165 
165 165 165 165 165 165 165 165 165 165 165 165 165 165 165 165 165 165 165 165 165 165 165 165 165 165 165 165 165 165 165 
165 165 165 165 165 165 165 165 165 165 165 165 165 165 165 165 165 165 165 165 165 165 165 
165 165 165 165 165 165 165 165 165 165 165 165 165 164.5 164.5 164.5 164.5 164.5 164.5 164.5 165 165 165.5 165 165 165 165 165 165 
165 165 165 165 165 165 165 165 165 165 165 165 165 165 165 165 165 165 165 165 165 165.5 165 165 165 165 165 165 
165 165 165 165 165 165 165 165 165 165 165 165 165 165 165 165 165 165 165.5 165 165 165 165 165 
165 165 165 165 165 165 165 165 165 165 165 165 165 164.5 164.5 164.5 164.5 164.5 164.5 165 165 165 165 165 165 
165 165 165 165 165 165 165 165 165 165 165 165 165 165 165 165 165 165 165 165 165 165 165 165 165 165 165 165 165 
165 165 165 165 165 165 165 165 165 165 165 165 165 165 165 165 165 165 165 165 165 165 165 165 165 
165 165 165 165 165 165 165 165 165 165 165 165 165 165 165 165 165 165 165 165 165 165 165 165 165 165 165 165 165 165 165 165 165 
165 165 165 165 165 165 165 165 165 165 165 165 165 165 165 165 165 165 165 165 165 165 165 165 165 165 165 165 165 165 
165 165 165 165 165 165 165 165 165 165 165 165 165 165 165 165 165 165 165 165 165 
165 165 165 165 165 165 165 165 165 165 165 165 
165 165 165 165 165 165 165 165 164.5 164.5 165 165 165 165 165 165 165.5 165.5 165.5 165.5 165.5 165.5 165.5 165.5 164.5 
165 165 165 165 165 165 165 165 165 165 165 165 165 165 165 165 165 165 165 165 165 165 165 165 
165 165 165 165 165 165 165 165 165 165 165 165 165 165 165 165 165 165 165 165 165 165 165 165 165 
165 165 165 165 165 165 165 165 165 165 165 165 165 165 165 165 165 165 165 165 165 165 165 165 165 
165 165 165 165 165 165 165 165 165 165 165 165 165 165 165 165 165 165 165 165 165 165 165 
165 165 165 165 165 165 165 165 165 165 165 165 165 165 165 165 165 165 165 165 165 165 165 165 165 165 165 165 165 165 165 
165 165 165 165 165 165 165 165 165 165 165 165 165 165 165 165 165 165 165 165 165 165 165 165 165 165 165 165 165 165 
165 165 165 165 165 165 165 165 165 165 165 165 165 165 165 165 165 165 165 165 165 165 165 
165 165 165 165 165 165 164.5 165 165 165 165 165 165 165 165 165 165 165 165 165 165 165 165 165 165 165 
165 165 165 165 165 165 165 165 165 165 165 165 165 165 165 165 165 165 165 165 165 165 165 165 165 
165 165 165 165 165 165 165 165 165 165 165 165 165 165 165 165 165 165 165 165 165 165 165 
165 165 165 165 165 165 165 165 165 165 165 165 165 165 165 165 165 165 165 165 165 165 165 165 165 165 165 165 165 165 165 165 165 165 165 165.5 165 165 
165 165 165 165 165 165 165 165 165 165 165 165 165 165 164.5 164.5 165 165 165 165 165 165 165 165 165 
165 165 165 165 165 165 165 165 165 165 165 165 165 165 165 165 165 165 165 165 165 165 165 165 165 165 165 165 165 165 165 165 165 165 165 165 
165 165 165 165 165 165 165 165 165 165 165 165 165 165 165 165 165 165 165 165 165 165 165 
165 165 165 165 165 165 165 165 165 165 165 165 165 165 165 165 165 165 165 165 165 165 165 165 165.5 165.5 165 165 165 165.5 
165 165 165 165 165 165 165 165 165 165 165 165 165 165 165 165 165 165 165 165 165 165 165 
165 165 165 165 165 165 165 165 165 165 165 164.5 165 165 165 165 165 165 165 
165 165 165 165 165 165 165 165 165 165 165 165 165 165 165 165 165 165 165 165 165 165 165 165 165 165 165 
165 165 165 165 165 165 165 165 165 165 165 165 165 165 165 165 165 165 165 165 165 165 165 165 
165 165 165 165 165 165 165 165 165 165 165 165 165 165 165 165 165 165 165 165 165 165 165 165 
165 165 165 165 165 165 165 165 165 165 165 165 165 165 165 165 165 165 165 165 165 165 165 165 
165 165 165 165 165 165 165 165 165 165 165 165 165 165 165 165 165 165 165 165 165 165 165 165 165 165 
165 165 165 165 165 165 165 165 165 165 165 165 165 165 165 165 165 165 165 165 165 165 
164.5 164.5 165 165 165 165 165 165 165 165 165 165 165 165 165 165 165 165 165 165 165 165 165 165 
165 165 165 165 165 165 165 165 165 165 165 165 165 165 
165 165 165 165 165 165 165 165 165 165 165 165 165 165 165 165 165 165 165 165 165 165 165 
165 165 165 165 165 165 165 165 165 165 165 165 165 165 165 165 165 165 165 165 165 165 
165 165 165 165 165 164.5 164.5 165 165 165 165 165 165 165 165 165 165 165 165 165 165 165 165 165 165 165 165 165 165 165 165 165 165 165 
165 165 165 165 165 165 165 165 165 165 165 165 165 165 165 165 165 165 165 165 165 165 165 
165 165 165 165 165 165 165 165 165 165 165 165 165 165 165 165 165 165 165 165 165 165 165 165 165 
165 165 165 165 165 165 165 165 165 165 165 165 165 165 165 165 165 165 165 165 
165 165 165 165 165 165 165 165 165 165 165 165 165 165 165 165 165 165 165 165 165 165 165 165 165 165 165 
165 165 165 165 165 165 165 165 165 165 165 165 165 165 164.5 165 165 165 165 165 165 165 165 165 165 165 165 165 165 
165 165 165 165 165 165 165 165 165 165 165 165 165 165 165 165 165 165 165 165 165 165 165 165 165 165 165 165 165 165 
165 165 165 165 165 165 165 165 165 165 165 165 165 165 165 165 165 165 165 165 165 165 165 165 165 165 
165 165 165 165 165 165 165 165 165 165 165 165 165 165 165 165 165 165 165 165 165 165 165 
165 165 165 165 165 165 165 165 165 165 165 165 165 165 165 165 165 165 165 165 165 165.5 165.5 165.5 165.5 
165 165 165 165 165 165 165 165 165 165 165 165 165 165 165 165 165 165 165 164.5 164.5 164.5 164.5 164.5 164.5 165 165 165 165 165 
165 165 165 165 165 165 165 165 165 165 165 165 165 165 165 165 165 165 165 165 165 165 165 165 
165 165 165 165 165 165 165 165 165 165 165 165 165 165 165 165 165 165 165 165 165 165 
165 165 165 165 165 165 165 165 165 165 165 165 165 165 165 165 165 165 165 165 165 165.5 165 165 165 
165 165 165 165 165 165 165 165 165 165 165 165 165 165 165 165 165 165 165 165 165 165 165 165 165 
165 165 165 165 165 165 165 165 165 165 165 165 165 165 165 165 165 165 165 165 165 165 165 165 165 
165 165 165 165 165 165 165 165 165 165 165 165 165 165 165 165 165 165 165 165 165 165 165 165 165 165 
165 165 165 165 165 165 165 165 165 165 165 165 165 165 165 165 165 165 165 165 165 165 165 165 
165 165 165 165 165 165 165 165 165 165 165 165 165 165 165 165 165 165 165 165 165 165 165 165 165 165 165 165 165 165 165 165 
165 165 165 165 165 165 165 165 165 165 165 165 165 165 165 165 165 165 165 165 165 165 165 
165 165 165 165 165 165 165 165 165 165 165 165 165 165 165 165 165 165 165 165 165 165 165 
165 165 165 165 165 165 165 165 165 165 165 164.5 165 165 165 165 165 165 165 
165 165 165 165 165 165 164.5 164.5 164.5 164.5 165 165 165 165 165 165.5 165.5 165 165 165 165 165 165 165 165 165 165 165 165.5 
165 165 165 165 165 165 165 165 165 165 165 165 165 165 165 165 165 165 165 165 165 165 165 165 165 165 165 165 
165 165 165 165 165 165 165 165 165 165 
165 165 165 165 




165 165 165 165 165 165 165 165 165 165 165 165 165 165 165 165 165 165 165 165 165 165 165 165 
165 165 165 165 165 165 165 165 165 165 165 165 165 165 165 165 165 165 165 165 165 165 165 165 165 165 165 165 165 165 165 165 
165 165 165 165 165 165 165 165 165 165 165 165 165 165 165 165 165 165 
165 
165 165 165 165 165 165 165 165 165 165 165 165 165 165 165 
165 165 165 165 165 165 165 165 165 165 165 165 165 165 165 165 165 165 165 165 165 165 165 165 165 165 165 165 165 165 
165 165 165 165 165 165 165 165 165 165 165 165 165 165 165 165 165 165 165 165 165 165 165 165 
165 165 165 165 165 165 165 165 165 165 165 165 165 165 165 165 165 165 165 165 165 165 165 165 165 
165 165 165 165 165 165 165 165 165 165 165 165 165 165 165 165 165 165 165 165 165 165 165 
165 165 165 165 165 165 165 165 165 165 165 165 165 165 165 165 165 165 165 165 165 165 165 165 
165 165 165 165 165 165 165 165 165 165 165 165 165 165 165 165 165 165 165 165 165 165 165.5 
165 165 165 165 165 165 165 165 165 165 165 165 165 165 165 165 165 165 165 165 165 165 165 165 165 165 165 165 165 
165 165 165 165 165 165 165 165 165 165 165 165 165 165 165 165 165 165 165 
165 165 165 165 165 165 165 165 
165 165 165 165 165 165 165 165 165 165 165 165 165 165 165 165 165 165 165 165 165 
165 165 165 165 165 165 165 165 165 165 165 165 165 165 165 165 165 165 165 165.5 165.5 165.5 165 165 165 165 165 165 165 165 165 
165 165 165 165 165 165 165 165 165 165 165 165 165 165 165 165 165 165 165 165 165 165 165 165 
165 165 165 165 165 165 165 165 165 165 165 165 165 165 165 165 165 165 165 
165 165 165 165 165.5 165.5 165.5 165.5 165.5 165.5 165.5 
165 165 165 165 165 165 165 165 165 165 
165 165 165 165 165 165 165 165 165 165 165 165 165 165.5 165.5 165.5 165 165 165 165 165 165 
165 165 165 165 165 165.5 165.5 165.5 165 165 165 165 165 165 165 165 165 165 165 165 165 165 165 165 
165 165 165 165 165 165 165 165 165 165 165 165 165 165 165 165 165 165 165 165 165 165 165 165 165 
165 165 165 165 165 165 165 165 165 165 165 165 165 165 165 165 165 165 165 165 165 165 165 
165 165 165 165 165 165 165 165 165 165 165 165 165 165 165 165 165 165 165 165 165 165 165 
165 165 165 165 165 165 165 165 165 165 165 165 165 165 165 165 165 164.5 164.5 164.5 164.5 165 165 165 165 165 165 165 
165 165 165 165 165 165 165 165 165 165 165 165 165 165 165 165 165 165 165 165 165 165 165 165 
165 165 165 165 165 165 165 165 165 165 165 165 165 165 165 165 165 165 165 165 165 165 165 165 165 165 165 
165 165 165 165 165 165 165 165 165 165 165 165 165 165 165 165 
165 165 165 165 165 165 165.5 165.5 165 165 165 165 165 165 165 165 
165 165 165 165 165 165 164.5 164.5 164.5 164.5 165 165 165 165 165 165 165 165 165 165 165 165 165 165 
165 165 165 165 165 165 165 165 165 165 165 165 165 165 165 165 165 164.5 164.5 165 165 165 165 165 165 
165 165 165 165 165 165 165 165 165 165 165 165 165 165 165 165 165 165 165 165 165 
165 165 165 165 165 165 165 165 165 165 
165 165 165 165 165 165 165 165 165 165 165 165 165 165 165 165 165 165 165 165 165 165 165 165 
165 165 165 165 165 165 165 165 165 165 165 165 165 165 165 165 165 165 165 165 165 165 165 165 165 165 165 165 165 165 165 165 165 165 165 164.5 165 
165 165 165 165 165 165 165 165 165 165 165 165 165 165 165 165 165 165 165 165 165 165 
165 165 165 165 165 165 165 165 165 165 165 165 165 165 165 165 165 165 165 165.5 165 165 165 165 
165 165 165 165 165 165 165 165 165 165 165 165 165 165 165 165 165 165 165 165 165 165 165 
165 165 165 165 165 165 165 165 165 165 165 165 165 165 165 165 165 165 165 165 165 165 165 165 165 165 165 165 165 165 165 
165 165 165 165 165 165 165 165 165 165 165 165 165 165 165 165 165 165 165 165 165 165 165 165 165 165 165 165 165 165 165 165 
165 165 165 165 165 165 165 165 165 165 165 165 165 165 165 165 165 165 165 165 165 165 165 
165 165 165 165 165 165 165 165 165 165 165 165 165 165 165.5 165.5 165 165 165 165 165 165 165 165 165 165 165 165 165 165 165 165 
165 165 165 165 165 165 165 165 165 165 165 165 165 165 165 165 165 165 165 165 165 165 165 165 165 165 165 165 
165 165 165 165 165 165 165 165 164.5 165 165 165 165 165 165 165 165 165 165 165 165 165 165 165 
165 165 165 165 165 165 165 165 165 165 165 165 165 165 165 165 165 165 165 165 165 165 165 165 165 
165 165 165 165 165 165 165 165 165 165 165 165 165 165 165 165 165 165 165 165 165 165 
165 165 165 165 165 165 165 165 165 165 165 165 165 165 165 165 165 165 165 165 165 165 165 165 
165 165 165 165 165 165 165 165 165 165 165 165 165 165 165 165 165 165 165 165 165 165 165 165 165 
165 165 165 165 165 165 165 165 165 165 165 165 165 165 165 165 165 165 165 165 165 165 165 165 
165 165 165 165 165 165 165 165.5 164.5 165 
165 165 165 165 165 165 165 165 
165 165 165 165 
165 
165 165 165 165 
165 165 165 165 


165.5 
165 165 165 165 165 165 165 165 
165 165 165 165 165 165 165 
165 165 165 165 165 165 165 165 
165 165 165 165 165 165 165 165.5 165.5 165 165 165 165 
165 165 165 165 165 165 165 165 165 165 165 165 165 165 
165 165 165 165 165 165.5 165.5 165.5 165 165 165 165 165 165 165 165 165 165 165 165 165 165 165 165 165 165 165 165 165 165 
165 165 165 165 165 165 165 165 165 165 165 165 165 165 165 165 165 165 165 165 165 165 165 165 165 
165 165 165 165 165 165 165 165 165 165 165 165 165 165 165 165 165 165 165 165 165 165 165 165 165 
165 165 165 165 165 165 165 165 165 165 165 165 165 165 165 165 165 165 165 165 165 165 165 165 
165 165 165 165 165 165 165 165 165 165 165 165 165 165 165 165 165 165 165 164.5 165 165 165 165 
165 165 165 165 165 165 165 165 165 165 165 165 165 165 165 165 165 165 165 165 165 165 165 165 165 165 165 
165 165 165 165 165 165 165 165 165 165 165 165 165 165 165 165 165 165 165 165 165 165 165 165 165 165 165 165 
165 165 165 165 165 165 165 165 165 165 165 165 165 165 165 165 165 165 165 165 165 165 165 165 165 
165 165 165 165 165 165 165 165 165 165 165 165 165 165 165 165 165 165 165 165 165 165 165 
165 165 165 165 165 165 165 165 165 165 165 165 165 165 165 165 165 165 165 165 165 165 165 165 165 165 165 165 165 165 
165 165 165 165 165 165 165 165 165 165 165 165 165 165 165 165 165 165 165 165 165.5 165.5 165 165 165 
165 165 165 165 165 165 165 165 165 165 165 165 165 164.5 165 165 165 165 165 
165 165 
165 165 165 165 165 165 165 165 165 165 165 165 165 165 165 165 
165 165 165 165 165 165 165 165 165 165 165 165 165 165.5 165 165 165 165 165 165.5 165.5 165 165 
165 165 165 165 165 165 165 165 165 165 165 165 165 165 165 165 165 165 165 165 165 165 165 165 165 165 165 165 165 
165 165 165 165 165 165 165 165 165 165 165 165 165 165 165 165 165 165 165 165 165 165 
165 165 165 165 165 165 165 165 165 165 165 165 165 165 165 165 165 165 165 165 165 
165 165 165 165 165 165 165 165 165 165 165 165 165 165 165 165 165 165 165 165 
165 165 165 165 165 165 165 165 165 165 165 165 165 165 165 165 165 165 165 165 165 
165 165 165 165 165 165 165 165 165 165 165 165 165 165 165 165 165 165 165 165 165 165 165 165 165 165 165 165 165 
165 165 165.5 165.5 165.5 165.5 165.5 165 165 165 165 165 165 165 165 165 165 165 165 165 165 164.5 165 165 165 165 165 165 165 165 165 
165 165 165 165 165 165 165 165 165 165 165 165 165 165 165 165 165 165 165 165 165 165 165 
165 165 165 165 165 165 165 165 165 165 165 165 165 165.5 165 165 
164.5 165 165 165 165 165 165 
165 165 165 165 165.5 165.5 165.5 165.5 165.5 165.5 165 165 165 165 165 165 165 165 165 165 165 165 165 165 
165 165 165 165 165 165 165 165 165 165 165 165 165 164.5 164.5 164.5 164.5 164.5 164.5 164.5 164.5 165 165 165 
165 165 165 165 165 165 165 165 165 165 165 165 165 165 165 165 165 165 165 165 165 165 165 165 165 
165 165 165 165 165 165 165 165 165 165 165 165 165 165 165 165 165 165 165 165 165 165 165 165 165 165 165 165 165 
165 165 165 165 165 165 165 

165 
165 165 165 165 








165.5 
165 165 165 165 165 165 165 165 165 165 165 165 165 165 165 165 165 165 165 165 165 165 165 165 
165 165 165 165 165 165 165 165 165 165 165 165 165 165 165 165 165 165 165 165 165 165 165 
165 165 165 165 165 165 165 165 165 165 165 165 165 165 165 165 165 165 165 165 164.5 165 165 
165 165 165 165 165 165 165 165 165 165 165 165 165 165 165 165 165 
165 165 165 165 165 165 165 165 165 165 165 165 165 165 165 165 165 165 165 165 165 165 165 165 165 
165 165 165 165 165 165 165 165 165 165 165 165 165 165 165 165 165 165 165 165 165 165 165 165 
165 165 165 165 165 165 165 165 165 165 165 165 165 165 165 165 165 165 165 165 165 165 165.5 165 165 
165 165 165 165 165 165 165 165 165 165 165 165 165 165 165 165 165 165 165 165 165 165 
165 165 165 165 165 165 165 165 
165 165 165 165 165 165.5 165.5 165.5 165 165 165 165 165 165 165 165 165 165 165 165 
165 165 165 165 165 165 165 165 165 165 165 165 165 165 165 165 165 165 165 165 165 165 165 165 165 165 165 165 
165 165 165 165 165 165 165 165 165 165 165 165 165 165 165 165 165 165 165 165 165 165 165 165 165 
165 165 165 165 165 165 165 165 165 165 165 165 165 165 165 165 165 165 
165 165 165 165 165 165 165.5 165.5 165 165 
165 165 165 165 165 165 165 165 
165 165 165 165 165 165 165 
165 165 165 165 165 165 165 165 
165 165 165 165 


165.5 
165 165 165 165 165 165.5 165.5 165.5 165.5 165.5 165.5 165.5 165 165 165 165 
165 165 165 165 165 165 165 165 165 165 165 165 165 
165 165 165 165 165 165 165 165 165 165 165 165 165 165.5 165 165 165 165 165 165 165 165 
165 165 165 165.5 165.5 164.5 
165 165 165 165 165 165 165 165 165 165 165 165 165 165 
165 165 165 165 
165 165 165 165 165 165 165 165 165 165 165 165 165 165 165 165 165 165 165 165 165 165 165 165 165 165 
165 165 165 165 165 165 165 165 165 165 165 165 165 165 165 165 165 165 165 165 165 165 165 
165 165 165 165 165 165 165 165 165 165 165 165 165 165 165 165 165 165 165 165 165 165 165 165 
165 165 165 165 165 165 165 165 165 165 165 165 165 165 165 165 165 165 165 165 165 165 165 165 
165 165 165 165 165 165 165 165 165 165 165 165 165 165 165 165 165 165 165 165 165 165.5 165.5 165.5 165 165 165 165 165 165 165 165 
165 165 165 165 165 165 165 165 165 165 165 165 165 165 165 165 165 165 165 165 165 165 165 165 165 165 
165 165 165 165 165 165 165 165 165 165 165 165 165 165 165 165 165 165 165 165 165 165 165 165 165 165 
165 165 165 165 165 165 165 165 165 165 165 165 165 164.5 164.5 164.5 164.5 164.5 164.5 164.5 164.5 165 165 165 165 
165 165 165 165 165 165 165 165 165 165 165 165 165 165 165 165 165 165 165 165 165 165 165 
165 165 165 165 165 165 165 165 165 165 165 165 165 165 165 165 165 165 165 165 165 165 165 165 
165 165 165 165 165 165 165 165 165 165 165 165 165 165 165 165 165 165 164.5 164.5 165 165 165 165 
165 165 165 165 165 165 165 165 165 165 165 165 165 165 165 165 165 165 165 165 165 165 165 165 
165 165 165 165 165 165 165 165 165 165 165 165 165 165 165 165 165 165 165 165 165 165 165 165 
165 165 165 165 165 165 165 165 165 165 165 165 165 165 165 165 165 165 165 165 165 165 165 165 
165 165 165 165 165 165 165 165 165 165 165 165 165 165 165 165 165 165 165 165 165 165 165 
165 165 165 165 165 165 165 165 165 165 165 165 165 165 165 165 165 165 165 165 165 165 165 165 165 165 
165 165 165 165 165 165 165 165 165 165 165 165 165 165 165 165 165 165 165 165 165 165 165 165 165 
165 165 165 165 165 165 165 165 165 165 165 165 165 165 165 165 165 165 165 165 165 165 165 165 
165 165 165 165 165 165 165 165 165 165 165 165 165 164.5 164.5 164.5 164.5 164.5 164.5 164.5 165 165 165 165 165 
165 165 165 165 165 165 165 165 165 165 165 165 165 165 165 165 165 165 165 165 165 165 165 165 165 165.5 165.5 165 165 165 165 
165 165 165 165 165 165 165 165 165 165 165 165 165 165 165 165 165 165 165 165 165 165 165 165 165 
165 165 165 165 165 165 165 165 165 165 165 165 165 165 165 165 165 165 165 165 165 165 165 165 
165 165 165 165 165 165 165 165 165 165 165 165 165 165 165 165 165 165 165 165 165 165 165 165 
165 165 165 165 165 165 165 165 165 165 165 165 165 165 165 165 165 165 165 165 165 165 165 165 165 165 
165 165 165 165 165 165 165 165 165 165 165 165 165 165 165 165 165 165 165 165 
165 165 165 165 165 165 165 165 165 165 165 165 165 165 165 165 165 165 165 165 165 165 165 165 
165 165 165 165 165 165 165 165 165 165 165 165 165 165 165 165 165 165 165 165 165 165 165 165 
165 165 165 165 165 165 165 165 165 165 165 165 165 165 165 165 165 165 165 165 165 165.5 165 165 
165 165 165 165 165 165 165 165 165 165 165 165 165 165 165 165 165 165 165 165 165 165 165 165 165 
165 165 165 165 165 165 165 165 165 165 165 165 165 165 165 165 165 165 165 165 165 165 165 165 
165 165 165 165 165 165 165 165 165 165 165 165 165 165 165 165 165 165 165 165 165 165 165 
165 165 165 165 165 165 165 165 165 165 165 165 165 165 165 165 165 165 165 165 165 165 165 165 165 165 165 165 
165 165 165 165 165 165 165 165 165 165 165 165 165 165 165 165 165 165 165 165 165 165 165 165 165 165 165 165 165 
165 165 165 165 165 165 165 165 165 165 165 165 165 165 165 165 165 165 165 165 165 165 165 165 165 165 165 165 
165 165 165 165 165 165 165 165 165 165 165 165 165 165 165 165 165 165 165 165 165 165 165 165 
165 165 165 165 165 165 165 165 165 165 165 165 165 165 165 165 165 165 165 
165 165 165 165 165 165 165 165 165 165 165 165 165 165 165 165 165 165 165 165 165 165 165 165 165 
165 165 165 165 165 165 165 165 165 165 165 165 165 165 165 165 165 165 165 165 165 165 165 
165 165 165 164.5 165 165 165 165 165 165 165 165 165 165 165 165 165 165 165.5 165.5 165.5 165.5 165.5 165.5 165.5 165.5 165.5 
165 165 165 165 165 165 165 165 165 165 165 165 165 165 164.5 165 165 165 165 165 165 165 165 165 
165 165 165 165 165 165 165 165 165 165 165 165 165 165 165 165 165 165 165 165 165 165 165 165 
165 165 165 165 165 165 165 165 165 165 165 
165 165 165 165 165 165 165 165 165 165 165.5 165 165 165 165 165 165 165 165 165 165 165 165 165 
165 165 165 165 165 165 165 165 165 165 165 165 165 165 165 165 165 165 165 165 165 165 165 165 165 
165 165 165 165 165 165 165 165 165 165 165 165 165 165 165 165 165 165 165 165 165 165 165 165 
165 165 165 165 165 165 165 165 165 165 165 165 165 165 165 165 165 165 165 165 165 165 164.5 165 165 165 
165 165 165 165 165 165 165 165 165 165 165 165 165 165.5 165 165 
165 165 165 165 165 165 165 165 165 165 165 165 165 165 165 165 
165 165 165 165 165 165 165 165 165 165 165 165 165 165 165 165 165 165 165 165 165 165 165 165 165 165 
165 165 165 165 165 165 165 165 165 165 165 165 165 165 165 165 165 165 165 165 165 165 165 165 165 
165 165 165 165 165 165 165 165 165 165 165 165 165 165 165 165 165 
165 165 165 165 165 165 165 165 165 165 165 165 165 165 165 165 165 165 165 165 165 165 165 165 165 165 165 
165 165 165 165 165 165 165 165 165 165 165 165 165 165 165 165 165 165 165 165 165 165 165 165 165 
165 165 165 165 165 165 165 165 165 165 165 165 165 165 165 165 165 165 
165 165 165 165 165 165 164.5 164.5 164.5 164.5 165 165 165 165 165 165 165 165 165 165 165 165 165 165 165 165 165 165 165 165 165 165 
165 165 165 165 165 165 165 165 165 165 165 165 165 165 165 165 165 165 165 165 165 165 165 
165 165 165 165 165 165 165 165 165 165 165 165 165 165 165 165 165 165 165 
165 165 165 165 165 165 165 165 165 165 165 165 165 165 165 165 
165 165 165 165 165 165 165 165 165 165 165 165 165 165 165 

165 
165 165 165 165 165 165 165 
165 165 165 165 165 165 165 
165 165 165 165 



165 
165 165 165 165 165 165 165 165.5 165.5 165 165 165 165 165 165 165 165 165 
165 165 165 165 165 165 165 165 165 165 165 165 165 165 165 165 165 165 165 165 165 165 165 
165 165 165 165 165 165 165 165 165 165 165 165 165 165 165 165 165 165 165 165 165 165 165 165 
165 165 165 165 165 165 165 165 165 165 165 165 165 165 165 165 165 165 165 165 165 165.5 165 165 
165 165 165 165 165 165 165 165 165 165 165 165 165 165 165 165 165 165 165 165 165 165 
165 165 165 165 165 165 165 165 165 165 165 165 165 165 165 165 165 165 165 165 165 165 165 
165 165 165 165 165 165 165 165 165 165 165 165 165 165 165 165 165 165 165 165 165 165 165 165 
165 165 165 165 165 165 165 165 165 165 165 165 165 165 165 165 165 165 165 165 165 165 165 165 
165 165 165 165 165 165 165 165 165 165 165 165 165 165 165 165 165 165 165 165 165 165 165 165 165 165 165 165 165 165 165 
165 165 165 165 165 165 165 165 165 165 165 165 165 165 165 165 165 165 165 165 165 
165 165 165 165 165 165 165 165 165 165 165 165 165 165.5 165 165 165 165 165 165 
165 165 165 165 165 165 165 165 165 165 165 165 165 165 165 165 165 165 165 165 165 165 165 165 
165 165 165 165 165 165 165 165 165 165 165 165 165 165 165 165 165 165 165 165 165 165 
165 165 165 165 165 165 165 165 165 165 165 165 165 165 
165 165 165 165 165 165 165 165 165 165 165 165 
165 165 165 165 165 165 165 165 165 165 165 165 165 165 165 165 165 165 165 165 164.5 165 165 165 165 
165 165 165 165 165 165 165 165 165 165 165 165 165 165 165 165 165 165 165 165 165 165 165 165 165 165 165 165 165 165 165 165 
165 165 165 165 165 165 165 165 165 165 165 165 165 164.5 164.5 165 165 165 165 165 165 165 165 165 165 165 165 165 
165 165 165 165 165 165 165 165 165 165 165 165 165 165 165 165 165 165 165 165 165 165 165 165 165 165 165 165 165 165 165 
165 165 165 165 165 165 165 165 165 165 165 165 165 165 165 165 165 165 165 165 165 165 165 165 
165 165 165 165 165 165 165 165 165 165 165 165 165 165 165 165 165 165 165 165 165 165 165 165 
165 165 165 165 165 165 165 165 165 165 165 165 165 165 165 165 165 165 165 165 165 165 165 165 165 
165 165 165 165 165 165 165 165 165 165 165 165 165 165 165 165 165 165 165 165 165 165 165 165 165 165 165 165 165 165 165 
165 165 165 165 165 165 165 165 165 165 164.5 165 165 165 165 165 165 
165 165 165 165 165 165 165 165 165 165 165 165 165 165 165 165 164.5 165 165 165 165 165 
165 165 165 165 
165 165 165 
165 165 165 165 165 165 165 165 
165 165 165 165 165 165 165 165 165 165 165 165 165.5 
165 165 165 165 165 165 165 165 165 165 165 165 165 165 165 165 165 165 165 165 165 165 165 165 165 165 165 165 165 165 165 
165 165 165 165 165 165 165 165 165 165 165 165 165 165 165 165 165 165 165 165 165 165 165 165 165 165 165 165 165 165 
165 165 165 165 165 165 165 165 165 165 165 165 165 165 165 165 165 165 165 165 165 165 165 
165 165 165 165 165 165 165 165 164.5 165 165 165 
165 
165 165 165 165 165 165 165 165 165 165 165 165 165 165 165 165 165 165 165 165 165 165 165 165 
165 165 165 165 165 165 165 165 165 165 165 165 165 165 165 165 165 165 165 165 165 
165 165 165 165 165 165 165 165 165 165 165 165 165 165 165 165 165 165 165 165 165 165 165 
165 165 165 165 165 165 165 165 165 165 165 165 165 165 165 165 165 165 165 165 165 165 165 165 165 
165 165 165 165 165 165 165 165 165 165 165 165 165 165 165 165 165 165 165 165 164.5 164.5 164.5 165 165 
165 165 165 165 165 165 165 165 165 165 165 165 165 165 165 165 165 165 165 165 165 165 165 165 165 
165 165 165 165 165 165 165 165 165 165 165 165 165 165 165 165 165 165 165 165 165 165 165 165 165 165 165 165 165 
165 165 165 165 165 165 165 165 165 165 165 165 165 165 165 165 165 165 165 165 165 165 165 165 165 165 165 165 165 165 165 
165 165 165 165 165 165 165 165 165 165 165 165 165 165 165 165 165 165 165 165 165.5 165 165 165 
165 165 165 165 165 165 165 165 165 165 165 165 165 165 165 165 165 165 165 165 165 165 165 165 165 
165 165 165 165 165 165 165 165 165 165 165 165 165 165 165 165 165 165 165 165 165 165 165 165.5 
165 165 165 165 165 165 165 165 165 165 165 165 165 165 165 165 
165 165 165 165 165 165 165 
165 165 165 165 165 165 165.5 165.5 165 165 
165 165 165 165 165 165 165 165 165 165 165 165.5 
165 165 165 165 165 165 165 165 165 165 165 165 165 165 165 165 165 165 165 165 165 165 165 
165 165 165 165 165 165 165 165.5 165.5 165 165 165 165 165 165 165 165.5 165.5 165.5 165 165 165 
165 165 165 165 165 165 165 165 165 165 165 165 165 165 165 165 165 165 165 165 165 165 165 165 
165 165 165 165 165 165 165 165 165 165 165 165 165 165 165 165 165 165.5 
165 165 165 165 165 165 165 165 165 165 165 165 165 
165 165 165 165 165 165 165.5 165 165 165 
165 165 165 165 165 165.5 165.5 165.5 165 165 165 165 165 165 165 165 165 165 165 165 165 165 164.5 
165 165 165 165 165 165 165 165 165 165 165 165 165 165 165 165 165 165 165 165 165 165 165 165 165 
165 165 165 165 165 165 165 165 165 165 165 165 165 165 165 165 165 165 165 165 165 
165 165 165 165 165 165 165 165 165 165 165 165 165 165 165 165 165 165 165 165 165 165 165 
165 165 165 165 165 165 165 165 165 165 165 165 165 165 165 165 165 165 165 165 165 165 165 165 
165 165 165 165 165 165 165 165 165 165 165 165 165 164.5 164.5 164.5 164.5 164.5 164.5 164.5 164.5 165 165 165 
165 165 165 165 165 165 165 165 165 165 165 165 165 165 165 165 165 165 165 165 165 165 165 165 165 165 165 165 
165 165 165 165 165 165 165 165 165 165 165 165 165 165 165 165 165 165 165 165 
165 165 165 165 165 165 165 165 165 165 165 165 165 165 165 165 165 165 165 165 165 165 165 165 
165 165 165 165 165 165 165 165 165 165 165 165 165 165 165 165 165 165 165 165 165 165 165 
165 165 165 165 165 165 165 165 165 165 165 165 165 165 165 165 165 165 165 165 165 165 165 165 
165 165 165 165 165 165 165 165 165 165 165 165 165 165 165 165 165 165 165 165 165 165 
165 165 165 165 165 165 165 165 165 165 165 165 165 165 165 165 165 165 165 165 165 165 165 165 165 165 165 165 165 165 165 165 165 165 165 
165 165 165 165 165 165 165 165 165 165 165 165 165 165 165 165 165 165 165 165 165 165 165 165 165 
165 165 165 165 165 165 165 165 165 165 165 165 
165 165 165 165 165 165 165.5 165.5 165.5 165 165 165 165 165 165 165 165 165 
165 165 165 165 165 165 165 
165 165 165 165 165 165 165 165 165 165 165 165 165 165 165 165 165 
165 165 165 165 165 165 165 165 165 165 165 165 165 165 165 165 165 165 165 165 165 165 165 165 165 165 165 165 
165 165 165 165 165 165 165 165 165 165 165 165 165 165 165 165 165 165 165 165 165 165 165 165 
165 165 165 165 165 165 165 165 165 165 165 165 165 165 165 165 165 165 165 165 165 165 165 165 165 165 165 165 165 165.5 165.5 165 165 165 165 165 
165 165 165 165 165 165 165 165 165 165 165 165 165 165 165 165 165 165 165 165 165 165 165 165 165 
165 165 165 165 165 165 165 165 165 165 165 165 165 165 165 165 165 165 165 165 165 165 165 
165 165 165 165 165 165 165 165 164.5 165 165 165 165 165 165 165 165 165 165 165 165 165 165 165 165 165 165.5 165.5 165 165 165 
165 165 165 165 165 165 165 165 165 165 165 165 165 165 165 165 165 165 165 165 165 165 165.5 165 165 165 165 165 165 165 
165 165 165 165 165 165 165 165 165 165 165 165 165 165 165 165 165 165 165 165 165 165 165 165 165 
165 165 165 165 165 165 165 165 165 165 165 165 165 165 165 165 165 165 165 164.5 165 165 165 
165 165 165 165 165 165 165 165 165 165 165 165 165 165 165 165 165 165 165 165 165 165 165 
165 165 165 165 165 165 165 165 165 165 165 165 165 165 165 165 165 165 165 165 165 165 
165 165 165 165 165 165 165 165 165 
165 165 165 165 165 165 165 165 165 165 165 165 165 165 165 165 165 165 165 165 165 165 165 165 165 
165 165 165 165 165 165 165 165 165 165 165 165 165 165 165 165 165 165 165 165 165 165 165 165 165 
165 165 165 165 165 165 165 165 165 165 165 165 165 165 165 165 165 165 165 165 165 
165 165 165 165 165 165 165 165 165 165 165 165 165 165 165 165 165 165 165 165 165 165 165 165 165 
165 165 165 165 165 165 165 165 165 165 165 165 165 165 165 165 165 165 165 165 165 165 165 165 165 
165 165 165 165 165 165 165 165 165 165 165 165 165 165 165 165 165 165 165 165 165 165 165 
165 165 165 165 165 165 165 165 165 165 165 165 165 165 165 165 165 165 165 165 165 165 165 165 
165 165 165 165 165 165 165 165 165 165 165 165 165 165 165 165 165 165 165 165 165 165 165 165 165.5 165.5 165.5 165 165 
165 165 165 165 165 165 165 165 165 165 165 164.5 165 165 165 165 165 165 165 165 165 165 165 165 165 165 165 165 165 165 165 165 165 165 164.5 165 165 165 
165 165 165 165 165 165 165 165 165 165 165 165 165 165 165 165 165 165 165 165 165 165 165 165 
165 165 165 165 165 165 165 165 165 165 165 165 165 165 165 165 165 165 165 165 165 165 165 165 
165 165 165 165 165 165 165 165 165 165 165 165 165 165 165 165 165 165 165 165 165 165 165 165 
165 165 165 165 165 165 165 165 165 165 165 165 165 165 165 165 165 165 165 165.5 165 165 
165 165 165 165 165 165 165 165 165 165 165 165 165 165 165 165 165 165 
165 165 165 165 165 165 165 165 165 165 165 165 165 165 165 165 165 165 165 165 165 165 165 165 165 165 165 165 165 165 165 
165 165 165 165 165 165 165 165 165 165 165 165 165 165 165 165 165 165 165 165 165 165.5 165 165 
165 165 165 165 165 165 165 165 165 165 165 165 165 165 165 165 165 
165 165 165 165 165 165 165 165 165 165 165 165 165 165 165 165 165 165 165 165 165 165 165 165 165 
165 165 165 165 165 165 165 165 165 165 165 165 165 165 165 165 165 165 165 165 165 165 165 165 
164.5 165 165 165 165 165 165 165 165 165 165 165 165 165 165 165 165 165 165 
165 165 164.5 164.5 164.5 164.5 164.5 164.5 164.5 164.5 164.5 164.5 164.5 164.5 164.5 164.5 164.5 164.5 164.5 164.5 164.5 164.5 164.5 164.5 165 165 
165 165 165 165 165 165 165 165 165 165 165 165 165 165 165 165 165 165 165 165 165 165 165 165 
165 165 165 165 165 165 165 165 165 165 165 165 165 165 165 165 165 165 165 165 165 165 165 165 165 165 165 
165 165 165 165 165 165 165 165 165 165 165 165 165 165 165 165 165 165 165 165 165 165 165 
165 165 165 165 165 165 165 165 165 165 165 165 165 165 165 165 165 165 165 165 165 165 165 165 165 165 165 165 165 
165 165 165 165 165 165 165 165 165 165 165 165 165 165 165 165 165 165 165 165 165 165 165 165 
165 165 165 165 165 165 165 165 165 165 165 165 165 165 165 165 165 165 165 165 165 165 165 165 165 165 165 165 165 165 
165 165 165 165 165 165 165 165 165 165 165 165 165 165 
165 165 165 165 165 165 165 165 165 165 
165 165 165 165 165 165 165 165 165 165 165 165 165 165 165 165 165 165 165 165 165 165 165 165 165 165 165 165 165 165 165 165 165 165 164.5 165 165 165 165 165 165 165 
165 165 165 165 165 165 165 165 165 165 165 165 164.5 164.5 165 165 165 165 165 165 165 165 165 165 165 165 165 165 165 165 165 165 165 165 165 165 165.5 
165 165 165 165 165 165 165 165 165 165 165 165 165 165 165 165 165 165 165 165 165 165 165.5 165 
165 165 165 165 165 165 165 165 165 165 165 165 165 165 165 165 165 165 165 165 165 165 165 165 
165 165 165 165 165 165 165 165 165 165 165 165 165 165 165 165 165 165 165 165 165 165 165 165 165 
165 165 165 165 165 165 165 165 165 165 165 165 165 165 165 165 165 165 165 165 165 165 165 
165 165 165 






165 165 165 165 165 165 
165 165 165 165 165 165 165 165 165 164.5 164.5 164.5 164.5 164.5 164.5 165 165 165 
165 165 165 165 165 165 164.5 164.5 164.5 165 165 165 165.5 165.5 165 165.5 
165 165 165 165 165 164.5 165 165 165 165 165 165 165 165 
165 165 165 165 165 165.5 165.5 165.5 165 165 165 165 165 165 165 165 165 165 165 
165 165 165 165 165 165 165 165 165 165 165 165 165 165 165 165 165 165 165 165 165 165 165 165 165 165 165 165 
165 165 165 165 165 165 165 165 165 165 165 165 165 165 165 165 165 165 165 165 165 165 165 165 165 165 165 165 165 165 165 
165 165 165 165 165 165 165 165 165 165 165 165 165 165 165 165 165 165 165 165 165 165 165 165 165 165 165 165 165 165 165 
165 165 165 165 165 165 165 165 165 165 165 165 165 164.5 164.5 164.5 165 165 165 165 165 165 165 165 165 
165 165 165 165 165 165 165 165 165 165 165 165 165 165 165 165 165 165 165 165 165 165 165 165 165 165 165 165 165 165 165 
165 165 165 165 165 165 165 165 165 165 165 165 165 165 165 165 165 165 165 
165 165 165 165 165 165 165 165 165 165 165 165 165 165 165 165 165 165 165 165 165 165 
165 165 165 165 165 165 165 165 165 165 165.5 165.5 165.5 165.5 165 165 165 165 165 165 165 165 
165 165 165 165 165 165 165 165 165 165 165 165 165 165 165 165 165 165 
165 165 165 165 165 165 165 165 165 165 165 165 165 165.5 165 165 165 165 165 165 165 165 165 165 
165 165 165 165 165 165 165 165 165 165 165 165 165 165 165 165 165 165 165 165 
165.5 
165 165 165 165 165 165 165 165.5 165.5 165 
165 165 165 165 165 165.5 165.5 165.5 165 165 165 165 165 165 
165 165 165 165 165 165 165 165.5 165.5 165 165 165 165 165 165 165 165 165 
165 165 165 165 165 165 165 165 165 165 165 165 165 165 165 165 165 165 165 165 165 165 165 165 
165 165 165 165 165 165 165 165 165 165 165 165 165 165 165 165 165 165 165 165 165 165 165 
165 165 165 165 165 165 165 165 165 165 165 165 165 165 165 165 165 165 165 165 165 165 
165 165 165 165 165 165 165 165 
165 165 165 165 165 165 165 165 165 165 165 165 165 
165 165 165 165 165 165 164.5 164.5 164.5 164.5 164.5 164.5 164.5 164.5 164.5 165 165 165 165 165 165 
165 165 165 165 165 165 165 165 165 165 165 165 165 165 165 165 165 165 165 165 165 165 165 165 165 
165 165 165 165 165 165 165 165 165 165 165 165 165 165 165 165 165 165 165 165 165 165 165 
165 165 165 165 165 165 165 165 165 165 165 165 165 165 165 165 165 165 165 165 165 165 165 
165 165 165 165 165 165 165 165 165 165 165 165 165 165 165 165 165 165 165 165 165 165 165 165 165 165 164.5 
165 165 165 165 165 165 165 165 165 165 165 165 165 165 165 165 165 165 165 165 165 165 165 165 165 165 165 165 165 
165 165 165 165 165 165 165 165 165 165 165 165 165 165 165 165 165 165 165 165 
165 165 165 165 165 165 165 165 165 165 165 165 165 165 165 165 165 165 165 165 165 165 165 
165 165 165 165 165 165 165 165 165 165 165 165 165 165 165 165 165 165 165 165 165 165 165 
165 165 165 165 165 165 165 165 165 165 165 165 165 165 165 165 165 165 165 165 165 165 165 165 165 
165 165 165 165 165 165 165 165 165 165 165 165 165 165 165 165 165 165 165 165 165 165 165 165 
165 165 165 165 165 165 165 165 165 165 165 165 165 165 165 165 165 165.5 165.5 165.5 165 165 165 165 165 165 165 165 
165 165 165 165 165 165 165 165 165 165 165 165 165 165 165 165 165 165 165 165 164.5 165 165 165 
165 165 165 165 165 165 165 165 165 165 165 165 165 165 165 165 165 165 165 165 165 165 
165 165 165 165 165 165 165 165 165 165 165 165 165 165 165 165 165 165 165 165 165 
165 165 165 165 165 165 165 165 165 165 165 165 165 165 165 165 165 165 165 165 165 165 165 165 165 
165 165 165 165 165 165 165 165 165 165 165 165 165 165 165 165 165 165 165 165 165 165 165 165 165 165 165 165 165 165 165 165 165 165 165.5 165 
165 165 165 165 165 165 165 165 165 165 165 165 165 165 165 165 165 165 165 165 165 165 165 165 165 165 165.5 165.5 165 165 165 165 
165 165 165 165 165 165 165 165 165 165 165 165 165 165 165 165 165 165 165 165 165 165 165 165 165 
165 165 165 165 165 165 165 165 165 165 165 165 165 165 165 165 165 165 165 165 165 165 
165 165 165 165 165 165 165 165 165 165 165 165 165 165 165 165 165 165 165 165 165 165 165 165 165 165 165 165 165 165 
165 165 165 165 165 165 165 165 165 165.5 165 165 
165 165 165 165 165 165.5 165.5 165.5 165.5 165.5 165.5 165.5 165.5 165.5 165 165 165 165 165 165 165 165 165 165 165 165 165 165 
165 165 165 165 165 165 165 165 165 165 165 164.5 165 165 165 165 165 165 165 165 165 165 
165 165 165 165 165 165 165 165 165 165 165 165 165 165.5 165 165 165 165 165 
164.5 165 165 165 165 165 165 165 165 165 165 165 165 165 165 165 165 165 165 165 165 165 165 165 
165 165 165 165 165 165 165 165 165 165 165 165 165 165 165 165 165 165 165 165 165 165 165 165 
165 165 165 165 165 165 165 165 165 165 165 165 165 165 165 165 165 165 165 165 165 165 165 165 165 165 165 
165 165 165 165 165 165 165 165 165 165 165 165 165 165 165 165 165 165 165 165 165 165 165 
165 165 165 165 165 165 165 165 165 165 165 165 165 165 165 165 165 165 165 165 165 
165 165 165 165 165 165 164.5 165 165 165.5 165.5 165.5 165.5 165 
165 165 165 165 165 165 165 165 165 165 
165 165 165 165 165 165.5 165.5 165.5 165 165 165 165 165 165 165 165 165 165 165 165 165 165 
165 165 165 165 165 165 165 165 165 165 165 165 165 165 165 165 165 165 165 165 165 165 165 
165 165 165 165 165 165 165 165 165 165 165 165 165 165 165 165 164.5 164.5 165 165 165 165 165 165 165 165 165 165 165 
165 165 165 165 165 165 165 165 165 165 165 165 165 165 165 165 165 165 165 165 
165 165 165 165 165 165 165 165 165 165 165 165 165 165 165 165 165 165 165 165 165 165 165 165 165 165 
165 165 165 165 165 165 165 165 165 165 165 165 165 165 165 165 165 165 165 165 165 165.5 165.5 165 165 
165 165 165 165 165 165 165 165 165 165 165 165 165 165 165 165 165 165 165 165 165 165 165 165 165 
165 165 165 165 165 165 165 165 165 165 165 165 165 165 165 165 165 165 165 165 165 165 165 165 165 165 165 165 165 165 165 
165 165 165 165 165 165 165 165 165.5 165.5 165.5 165.5 165.5 165.5 165.5 165.5 165.5 165.5 165 165 165 165 165 165 
165 165 165 165 165 165 165 165 165 165 165 165 165 165 165 165 165 165 165 165 165 165 165 165 165 165 165 165 
165 165 165 165 165 165 165 165 165 165 165 165 165 165 165 165 165 165 165 165 165 165 165 165 165 165 165 165 165 165 165 165 165 165 165 165 165 165 165 
165 165 165 165 165 165 165 165 165 165 165 165 165 165 165 165 165 165 165 165 165 165 165 
165 165 165 165 165 165 165 165 165 165 165 165 165 
165 165 165 165 165 165 165 165 165 165 165 165 165 165 165 165 165 165 165 165 165 165 165 165 
165 165 165 165 165 165 165 165 164.5 165 165 165 165 165 165 165 165 165 165 165 165 165 165 165 
165 165 165 165 165 165 165 165 165 165 165 165 165 165 165 165 165 165 165 165 165 165 165 165 
165 165 165 165 165 165 165 165 165 165 165 165 165 165 165 165 165 165 165 165 165 165 165 165 165 165 165 165 
165 165 165 165 165 165 165 165 165 165 165 165 165 165 165 165 165 165 165 165 165 165 165 
165 165 165 165 165 165 164.5 164.5 164.5 164.5 165 165 165 165 165 165 165 165 165 165 165 165 165 165 165 165 165 
165 165 165 165 165 165 165 165 165 165 165 165 165 165 165 165 165 165 165 165 165 165 165 
165 165 165 165 165 165 165 165 165 165 165 165 165 165 165 165 165 165 165 165 165 165 165 
165 165 165 165 165 165 165 165 165 165 165 165 165 165 165 165 165 165 165 165 165 
165 165 165 165 165 165 165 165 165 165 165 165 165 165 165 165.5 165.5 165.5 165.5 165.5 165.5 165.5 165.5 165.5 165.5 165.5 165.5 165.5 165.5 165 
165 165 165 165 165 165 165 165 165 165 165 165 165 165 165 165 165 165.5 165.5 165 165 165 165 165 165.5 165 
165 165 165 165 165 165 165 165 165 165 165 165 165 165 165 165 165 165 165 165 165 165 165 165 165 
165 165 165 165 165 165 165 165 165 165 165 165 165 165 165 164.5 164.5 164.5 165 165 165 165 165 165 165 165 165 165 165 165 165 165 165 165 165 
165 165 165 165 165 165 165 165 165 165 165 165 165 165 165 164.5 164.5 164.5 165 165 165 165 165 165 165 165 
165 165 165 165 165 165 165 165 165 165 165 165 165 165 165 165 165 165 165 164.5 164.5 165 165 165 165 165 165 165 165 165 165 165 165 
165 165 165 165 165 165 165 165 165 165 165 165 165 165 165 165 165 165 165 165 165 165 165 165 165 165 165 165 165 165 165 165 165 165 
165 165 165 165 165 165 165 165 165 165 165 165 165 165 165 165 165 165 165.5 165 165 165 
165 165 165 165 165 165 165 165 165 165 165 165 165 165 165 165 165 165 165 165 165 165 165 165 
165 165 165 165 165 165 165 165 165 165 165 165 165 165 165.5 165 165 165 165 165 165 165 165 165 
165 165 165 165 165 165 165 165 165 165 165 165 165 165 165 165 165 165 165 165 165 165 
165 165 165 165 165 165 165 165 165 165 165 165 165 165 165 165 165 165 165 165 165 165 
165 165 165 165 165 165 165 165 165 165 165 165 165 165 165 165 165 165 165 165 165 165 165 
165 165 165 165 165 165 165 165 165 165 165 165 165 165 165 165 165 165 165 164.5 164.5 164.5 165 165 165 165 165 165 165 165 165 
165 165 165 165 165 165 165 165 165 165 165 165 165 165 165 165 165 165 165 165 165 
165 165 165 165 165 165 165 165 165 165 165 165 165 165 165 165 165 165 165 165 165 165 
165 165 165 165 165 165 165 165 165 165 165 165 165.5 165.5 165 165 
165 165 165 165 165 165 165 165 165 165 165 165 165 165 165 165 165 165 165 165 165 165 165 165 165 165 165 165 165 165 165 
165 165 165 165 165 165 165 165 165 165 165 165 165 165 165 165 165 165 165 165 165 165 165 165 165 165 165 165 
165 165 165 165 165 165 165 165 165 165 165 164.5 165 165 165 165 165 165 165 
165 165 165 165 165 165 165 165 165 165.5 165 165 165 165 165 165 
165 165 165 165 165 165 165 165 165 165 165 165 165 165 165 165 165.5 165.5 165.5 165.5 165.5 165.5 165.5 165.5 165.5 165 
165 165 165 165 165.5 165.5 165.5 165.5 165 165 165 165 165 165 
165 165 165 165 165 165 165.5 
165 165 165 165 165 165 165 165 
165 165 165 165 165 165 165 165 165 165 165 165 165 165 165 165 165 165 165 164.5 165 165 
164.5 165 165 165 165 165 165 165 165 165 165 165 165 165 
165 165 165 165 165 165 165 165 165 165 
165 165 165 165 165 165 165 165 165 165 165 165 165 165 165 165 165 165 165 165 165 165 165 165 165 
165 165 165 165 165 165 165 165 165 165 165 165 165 165 165 165 165 165 165 165 165 165 165 165 165 165 
165 165 165 165 165 165 165 165 165 165 165 165 165 165 165 165 165.5 165 165 165 165 165 165 165 165 
165 165 165 165 165 165 165 165 165 165 165 165 165 165 165 165 165 165 165 165 165 165 165 165 
165 165 165 165 165 165 165 165 165 165 165 165 165 165 165 165 165 165 165 165 165 165 165.5 165.5 165.5 165.5 165 165 165 
165 165 165 165 165 165 165 165 165 165 165 165 165 165 165 165 165 165 165 165 165 165 165 165 
165 165 165 165 165 165 165 165 165 165 165 165 165 165 165 165 165 165 165 165 165 165 165 165 165 
165 165 165 165 165 165 165 165 165 165 165 165 165 165 165 165 165 165 165 165 165 165 165 165 165 
165 165 165 165 165 165 165 165 165 165 165 165 165 165 165 165 165 165 165 165 165 165 165 165 165 
165 165 165 165 165 165 165 165 165 165 165 165 165 165 165 165 165 165 165 165 165 165 165 
164.5 165 165 165 165 165 165 165 165 165 165 165 165 165 165 165 165 165 165 165 165 165 165 165 
165 165 165 165 165 165 165 165 165 165 165 165 165 165 165 165 165 165 165 165 165 165 165 
165 165 165 165 165 165 165 165 165 165 165 165 165 165 165 165 165 165 165 165 165 165 165 165 165 
165 165 165 165 165 165 165 165 165 165 165 165 165 165 165 165 165 165 165 165 165 165.5 165 165 165 
165 165 165 165 165 165 165 165 165 165 165 165 165 165 165 165 164.5 164.5 164.5 164.5 164.5 164.5 164.5 165 165 165 165 165 165 165 165 165 
165 165 165 165 165 165 165 165 165 165 165 165 165 165 165 165 165 165 165 165 165 165 165 165 165 165 
165 165 165 165 165 165 165 165 165 165 165 165 165 165 165 165 165 165 165 165 165 165 165 165 165 165 165 
165 165 165 165 165 165 165 165 165 165 165 165 165 165 165 165 165 165 165 165 165 165 165 165 165 165 165 165 165 165 
165 165 165 165 165 165 165 165 165 165 165 165 165 165 165 165 165 165 165 165 165 165 165 165 165 
165 165 165 165 165 165 165 165 165 165 165 165 165.5 165.5 165 165.5 165.5 165.5 165.5 165.5 165.5 165 165 165 165 165 
165 165 165 165 165 165 165 165 165 165 165 165 165 165 165 165 165 165 165 165 165 165 165 165 165 
165 165 165 165 165 165 165 165 165 165 165 165 165 165 165 165 165 165 165 165 165 165 165 165 165 165 165.5 165.5 165 165 165 165 165 165 
165 165 165 165 165 165 165 165 165 165 165 164.5 165 165 165 165 
165 165 165 165 165 165.5 165.5 165.5 165.5 165.5 165 165 165 165 165 165 165 165 165 165 165 165 165 165 165 165 165 165 165 165 165 165 
165 165 165 165 165 165 165 165 165 165 165 165 165 165 165 165 165 165 165 165.5 165 
165 165 165 165 165 165 165 165 165 165 165 165 165 165 165 165 165 165 165 165 165 165 165 
165 165 165 165 165 165 165 165 165 165 165 165 165 165 165 165 165 165 165 165 165 165 165 165 165 
165 165 165 165 165 165 165 165 165 165 165 165 165 165 165 165 165 165 165 165 165 165 165 165 165 165 165 165 165 
165 165 165 165 165 165 165 165 165 165 165 165 165 165 165 165 165 165 165 165 165 165 165 
165 165 165 165 165 165 165 165 165 165 165 165 165 165 165 165 165 165 165 165 165 
165 165 165 165 165 165 164.5 164.5 164.5 164.5 165 
165 165 165 165 165 165 165 165 165 165 165 165 165 165 165 165 165 165 165 165 165 165 165 165 165 165 165 
165 165 165 165 165 165 165 165 165 165 165 165 165 165 165 165 165 165 165 165 165 165.5 
165 165 165 164.5 164.5 164.5 164.5 164.5 164.5 164.5 164.5 164.5 164.5 164.5 164.5 164.5 164.5 164.5 164.5 164.5 165 165 165 165 165 165 165 165 165 165 165 
165 165 165 165 165 165 165 165 165 165 165 165 165 165 165 165 
165 165 165 165 165 164.5 165 165 165 
165 165 165.5 165 165 165 165 165 165 165 165 165 165 165 165 165 165 165 165 165 165 165 165 165 165 
165 165 165 165 165 165 165 165 165 165 165 165 165 165 165 165 165 165 165 165 164.5 165 165 165 
165 165 165 165 165 165 165 165 165 165 165 165 165 165 165 165 165 165 165 165 165 165 165.5 165 
165 165 165 165 165 165 165 165 165 165 165 165 165 165 165 165 165 165 165 165 165 165 165 165.5 
165 165 165 165 165 165 164.5 164.5 164.5 164.5 165 165 165 165 165 165 165 165 165 165 165 165 165 165 
165 165 165 165 165 165 165 165 165 165 165 165 165 165 165 165 
165 165 165 165 165 165 164.5 165 165 165 165 165 165 165 165 165 165 165 165 165 165 
165 165 165 165 165 165 165 165 165 165 165 165 165 165 165 165 165 165 165 165 165 165 165 165 165 165 165 
165 165 165 165 165 165 165 165 165 165 165 165 165 165 165 165 165 165 165 165 165 165 165 165 165 165 165 165 165 165 165 
165 165 165 165 165 165 165 165 164.5 164.5 164.5 165 165 165 165 165 165 165 165 165 165 165 165 165 165 165 165 165 165 165 165 165 165 
165 165 165 165 165 165 165 165 165 165 165 165 165 165 165 165 165 165 165 165 165 165 165 
165 165 165 165 165 165 165 165 165 165 165 165 165 165 165 165 165 165 165 165 165 165 165 165 165.5 165.5 165 165 165 165 165 
165 165 165 165 165 165 165 165 165 165 165 165 165 165 165 165 165 165 165 165 165 165 165 
165 165 165 165 165 165 165 165 165 165 165 165 165 165 165 165 165 165 165 165 165 165 165 165 
165 165 165 165 165 165 165 165 165 165 165 165 165 165 165 165 165 165 165 165 165 165 165 165 165 165 165 165 
165 165 165 165 165 165 165 165 165 165 165 165 165 165 165 165 
165 165 165 165 165 165 165 165 165 165 165 165 165 165 165 
165 165 165 165 165 165.5 165.5 165.5 165 165 165 165 165 165 165 165 165 165 165 165 165 165 165 165 165 165 165 165 165 165 165 
165 165 165 165 165 165 165 165 165 165 165 165 165 165 165 165 165 165 165 165 165 165 165 165 165 
165 165 165 165 165 165 165 165 165 165 165 165 165 165 165 165 165 165 165 165 165 165 165 165 165 165 165 165 
165 165 165 165 165 165 165 165 165 165 165 165 165 165 165 165 165 165 165 165 165 165 165 
165 165 165 165 165 165 165 165 165 165 165 165 165 165 165 165 
165 165 165 165 165 165 165 165 165 165 165 165 165 165 165 165 165 165 165 165 165 165.5 
165 165 165 165 165 165 164.5 164.5 164.5 164.5 165 165 165.5 165.5 165 165 165.5 
165 165 165 165 165 165 165 165 165 165 165 165 165 165 165 165 165 165 165 165 165 165 165 
165 165 165 165 165 165 165 165 165 165 165 165 165 165 165 165 165 165 165 165 165 165 165 
165 165 165 165 165 165 165 165 165 165 165 165 165 165 165 165 165 165 165 165 165 165 165 165 165 
165 165 165 165 165 165 165 165 165 165 165 165 165 165 165 165 165 165 165 165 165 165 165 165 
165 165 165 165 165 165 165 165 164.5 165 165 165 165 165 
165 165 165 165 165 165 165 165 165 165 
165 165 165 165 165 165 165 165 165 165 165 165 165 165.5 165 165 165 165 
165 165 165 165 165.5 165.5 165.5 165 165 165 165 165 165 165 165 165 165 165 165 165 165 165 165 165 165 165 165 
165 165 165 165 165 165 165 165 165 165 165 165 165 164.5 165 165 165 165 165 165 165 165 165 165 165 165.5 
165 165 165 165 165 165 165 165 165 165 165 165 165 165 165 165 165 165 165 165 165 165 
165 165 165 165 165 165 164.5 164.5 164.5 164.5 165 165 165 165.5 165 165 165 
165 165 165 165 165 165 165 165 165 165 165 165 165 165 165 165 165 165 165 165 165 165 165 165 165 
165 165 165 165 165 165 165 165 165 165 165 165 165 165 165 165 165 165 165 165 165 165 165 165 165 165 165.5 165.5 165 165 165 
165 165 165 165 165 165 165 165 165 165 165 165 165 165 165 165 165 165 165 165 165 165 165 165 165 165 165 165 165 165 165 
165 165 165 165 165 165 165 165 165 165 165 165 165 165 165 165 165 165 165 165 165 165 165 165 165 
165 165 165 165 165 165 165 165 165 165 165 165 165 165 165 165 165 165 165 165.5 165 165 
165 165 165 165 165 165 165 165 165 165 165 165 165 165 165 165 165 165 165 165 165 165 165 165 164.5 
165 165 165 165 165 165 165 165 165 165 165 165 165 165 165 165 165 165 165 165 
165 165 165 165 165 165 165 165 165 165 165 165 165 165 165 




165 
165 165 165 165 165 
165 165 165 165 165 165 165 165 164.5 165 165 165 165 165 165 165 165 165 165 165 165 165 
165 165 165 165 165 165 165 165 165 165 165 165 165 165 165 165 165 165 165 165 165 165 165 165 
165 165 165 165 165 165 165 165 165 165 165 165 165 165 165 165 165 165 165 165 165 165 165 165 165 165 
165 165 165 165 165 165 165 165 165 165 165 165 165 165 165 165 165 165 165 165 165 165 165 
165 165 165 165 165 165 165 165 165 165 165 165 165 165 165 165 165 165 165 165 165 165 165 165 165 165 165 
165 165 165 165 165 165 165 165 165 165 165 165 165 165 165 165 165 165 165 165 165 165 165 
165 165 165 165 165 165 165 165 165 165 165 165 165 165 165 165 165 165 165 165 165 165 165 165 165 165 165 165 
165 165 165 165 165 165 165 165 165 165 165 165 165 165 165 165 165 165 
165 165 165 165 165 165 165.5 165.5 165 165 
165 165 165 165 165 165 165 165 165 
165 165 165 165 165 165 165 165.5 165.5 165 165 165 165 165 165 165 165.5 165.5 165.5 165.5 165.5 165.5 165.5 165 
165 165 165 165 165 165 165 165 165 165 165 165 165 165 165 165 165 165 165 165 165 165 165 165 165 
165 165 165 165 165 165 165 165 165 165 165 165 165 165 165 165 165 165 165 165 165 165 165 165 165 165 165 165 165 165 165 165.5 165 
165 165 165 165 165 165 165 165 165 165 165 165 165 165 165 165 165 165 165 165 165 165 165 165 
165 165 165 165 165 165 165 165 165 165 165 165 165 165 165 165 165 165 165 165 165 165 165 165 
165 165 165 165 165 165 165 165 165 165 165 165 165 165 165 165 165 165 165 165 165 164.5 165 165 165 165 165 165 165 165 165 165 165 165 165 165 
165 165 165 165 165 165 165 165 164.5 165 165 165 165 165 165 165 165 165 165 165 165 165 165 165 165.5 165.5 165 165 165 165 165 
165 165 165 165 165 165 165 165 165 165 165 165 165 165 165 165 165 165 165 165 165 165 165 165 165 
165 165 165 165 165 165 165 165 165 165 165 165 165 165 165 165 165 165 165 165 165 165 165 
165 165 165 165 165 165 165 165 
165 165 165 165 165 165.5 165.5 165.5 165 165 165 165 165 165 165 165 165 
165 165 165 165 165 
165 165 165 165 165 165 165 165 165 165 165 165 165 165 165 165 165 165 165 165 165 165 165 165 165 165 
165 165 165 165 165 165 165 165 165 165 165 165 165 165 165 165 165 165 165 165 165 165 165 165 165 
165 165 165 165 165 165 165 165 165 165 165 165 165 165 165 165 165 165 165 165 165 165 165 165 165 165 165 165 165 165 165 
165 165 165 165 165 165 165 165 165 165 165 165 165.5 165 165 165 165 165 165 165 165 165 165 165 165 165.5 165.5 165 165 165 165 
165 165 165 165 165 165 165 165 165 165 165 165 165 165 165 165 165 165 165 165 165 165 165 165.5 165.5 165 165 165 165 165 165 165 165 165 165 
165 165 165 165 165 165 165 165 165 165 165 165 165 165 165 165 165 165.5 165.5 165 165 165 165 
165 165 165 165 165 165 165 165 165 165 165 165 165 165 165 165 165 165 165 165 165 165 165 
165 165 165 165 165 165 165 165 165 165 165 165 165 165 165 165 165 165 165 165 165 165 165 165 165 
165 165 165 165 165 165 165 165 165 165 165 165 165 165 165 165 165 165 165 165 165 165 165 165 165 165 165 165 165 165 
165 165 165 165 165 165 165 165 165 165 165 165 165 165 165 165 165 165 165 165 165 165 165 165 165 165 165 165.5 165.5 165.5 165 165 165 165 165 
165 165 165 165 165 165 165 165 165 165 165 165 165 165 165 165 165 165 165 165 165 165 
165 165 165 165 165 165 165 165 165 165.5 165.5 165 165 165 165 165 165 165 165 165 165 165 165 165 165 165 165 165 
165 165 165 165 165 165 165 165 165 165 165 165 165 165 165 165 165 165 165 165 165 165 165 165 
165 165 165 165 165 165 165 165 165 165 165 165 165 165 165 165 165 165 165 165 165 165 165 
165 165 165 165 165 165 165 165 165 165 165 165 165 165 165 165 
165 165 165 165 165 165 165 165 165 165 165 165 165 165 
165 165 165 165 165 165 165 165 165 165 165 165 165 165.5 165 165 165 165 165 165.5 165.5 165 165.5 
165 165 165 165 165 165 165 165 165 165 165 165 165 165 165 165 165 165 165 165 165 165 165 
165 165 165 165 165 165 165 165 165 165 165 165 165 165 165 165 165 165 165 165 165 
165 165 165 165 165 165 165 165 165 165 165 165 165 165 165 165 165 
165 165 165 165 165 165 165 165 165 165 165 165 165 165 165 165 165 165 165 165 165 165 165 165 
165 165 165 165 165 165 165 165 165 165 165 165 165 165 165 165.5 165.5 165.5 165.5 165.5 165.5 165.5 165.5 165.5 165.5 165.5 165.5 165.5 165.5 165.5 165 
165 165 165 165 165 165 165 165 165 165 165 165 165 165 165 165 165 165 165.5 165 165 
165 165 165 165 165.5 165.5 165.5 165.5 165 165 165 165 165 165 165 165 165 165 165 165 165 165 165 
165 165 165 165 165 165 165 165 165 165 165 165 165 165 165 165 165 165 165 165 165 165 165 165 
165 165 165 165 165 165 165 165 165 165 165 165 165 165 165 165 165 165 165 165 165 165 165 165 165 165 
165 165 165 165 165 165 165 165 165 165 165 165 165 165 165 165 165 165 165 165 164.5 165 165 
165 165 165 165 165 165 165 165 165 165 165 165 165 165 165 165 165 165 165 165 165 165.5 
165 165 165 165 165 165 165 165 165 165 165 165 165 165 165 165 165 165 165 165 165 165 165 
165 165 165 165 165 165 165 164.5 165 165 165 165 165 165 165 165 165 165 165 165.5 165 165 165 165 165 
165 165 165 165 165 165 165 165 165 165 165 165 165 165 165 165 165 165 165 165 165 
165 165 165 165 165 165 
165 165 165 165 165 165 165 165 
165 165 165 165 165 165.5 165.5 165.5 165.5 165.5 165.5 165.5 165.5 165.5 165 
165 165 165 165 165 165 165 165 165 165 165 165 165 165 165 165 165 165 165 165 165 
165 165 165 165 165 165 165 165 165 165 165 165 165 165 165 
165 165 165 165 165 165 164.5 164.5 164.5 164.5 165 165 165 165 165 165 165 165 165 165 165 165 165 165 
165 165 165 165 165 165 165 165 165 165 165 165 165 165 165 165 165 165 165 165 165 165 165 
165 165 165 165 165 165 165 165 165 165 165 165 165 165 165 165 165 165 165 165 165 165 165 165 165 165 165 165 165 165.5 165 
165 165 165 165 165 165 165 165 165 165 165 165 165 165 165 165 165 165 165 165 165 165 165 165 
165 165 165 165 165 165 165 165 165 165 165 165 165 165 165 165 
164.5 165 165 165 165 165 165 165 165 165 165 165 165 165 165 165 165 165 165 165 165 165 165 165 165 165 165 165 165 
165 165 165 165 165 165 165 165 165 165 165 165 165 165 165 165 165 165 165 165 165 165 165 165 
165 165 165 165 165 165 165 165 165 165 165 165 165 165 165 165 165 165 165 165 165 165 165 165 
165 165 165 165 165 165 165 165 165 165 165 165 165 165 165 165 165 165 165 165 165 165 165 165 165 165 165.5 165.5 165.5 165 165 165 
165 165 165 165 165 165 165 165 165 165 165 165 165 165 165 165 165 165 165 165 165 165 165 
165 165 165 165 165 165 165 165 165 165 165 165 165 165 165 165 165 165 165 165 
165 165 165 165 165 165.5 165.5 165.5 165 165 165 165 165 165 165 165 165 165 
165 165 165 165 165 165 164.5 164.5 164.5 164.5 165 165 165 165 165 165 165 165 165 165 165 165 165 165 
165 165 165 165 165 165 165 165 165 165 165 165 165 165 165 165 165 165 165 165 165 165 165 
165 165 165 165 165 165 165 165 165 165 165 165 165 165 165 165 165 165 165 165 165 165 165 165 165 165 165 165 165 165 
165 165 165 165 165 165 165 165 165 165 165 165 165 165 165 165 165 165 165 165 165 
165 165 165 165 165 165 165 165 165 165 165 165 165 165 165 165 165 165 165 165 165 
165 165 165 165 165 165 165 165 165 165 165 165 165 165 165 165 165 165 165 165 165 165 165 
165 165 165 165 165 164.5 164.5 164.5 165 165 165 165 
165 165 165 165 164.5 164.5 164.5 164.5 164.5 164.5 164.5 164.5 165 165 
140 140 140 140 140.5 140.5 140.5 140.5 140.5 140.5 140.5 140.5 140.5 140.5 140 140 140 140 140 140 140 140 140 
165 165 165 165 165 165 165 165 165 165 165 165 165 165 165 165 165 165 165 165 165 165 165 

165 165 165 165 165 165 165 165 165 165 165 165 165 165 164.5 164.5 164.5 165 165 165 165 165 165 
165 165 165 165 165 165 165 165 165 165 165 165 165 165 165.5 165.5 165 165 165 165 165 165 165 
