17.5 17.5 18 18 18 18 18 18 18 18 18 18 18.5 18.5 18 18 18 18 18 18 18 18 18 18 18 
18 18 18 18 18 18 18 18 18 18 18 18 18 18 18 18 
17.5 17.5 17.5 17.5 18 18 18 18 18 18 18 18 18 18 18 17.5 17.5 18 18 18 18 
17.5 18 18 18 18 18 18 18 18 18 18 18 18 18 18 18 18 18 18 18 18 18 18 
17.5 17.5 17.5 17.5 17.5 18 18 18 18 18 18 18 18 18 18 18 18 18 18 18 18 
17.5 17.5 17.5 17.5 18 18 18 18 18 18 18 18 18 18 18 18 18 18 
18 17.5 17.5 17.5 18 18 18 18 18 18 18 18 18 18 18 18 18 
17.5 17.5 18 18 18 18 18 18 18 18 18 18 18 18 18 18 18 18 18 18 
17.5 17.5 17.5 17.5 18 18 18 18 18 18 18 18 18 18 18 18 18 18 
17.5 17.5 17.5 17.5 18 18 18 18 18 18 18 18 18 18 18 18 18 18 18 
18 17.5 17.5 17.5 17.5 18 18 18 18 18 18 18 18 18 18 18 18 18 18 18 18 18 18 18 18 18 
17.5 17.5 17.5 17.5 18 18 18 18 18 18 18 18 18 18 18 18 18 18 18 18 18 18 18 18 
17.5 17.5 17.5 18 18 18 18 18 18 18 18 18 18 18 18 17.5 18 18 18 
18 18 17.5 17.5 18 18 18 18 18 18 18 17.5 17.5 18 18 18 18 18 
18 17.5 17.5 17.5 18 18 18 18 18 18 18 18 18 18 18 18 18 18 18 18 
18 17.5 17.5 17.5 17.5 17.5 18 18 18 18 18 18 18 18 18 18 18 18 18 18 18 18 18 
18 18 18 18 18 18 18 18 18 18 18 18 18 18 18 18 18 18 18 18 
18 17.5 17.5 17.5 17.5 18 18 18 18 18 18 18 18 18 18 18 18 18 18 18 
18 18 17.5 17.5 18 18 18 18 18 18 18 18 18 18 17.5 17.5 18 18 18 18 18 
18 17.5 18 18 18 18 18 18 18 18 18 18 18 18 
17.5 17.5 17.5 17.5 17.5 17.5 18 18 18 18 18 18 18 18 18 18 18 18 18 18 18 18 
18 17.5 17.5 17.5 18 18 18 18 18 18 18 18 18 18 18 18 18 18 18 
18 17.5 18 18 18 18 18 18 18 18 18 18 18 18 18 18 18 18 18 18 18 18 18 
17.5 17.5 17.5 17.5 18 18 18 18 18 18 18 18 18 18 18 17.5 18 18 18 
18 17.5 17.5 17.5 18 18 18 18 18 18 18 18 18 18 18 18 18 18 18 
18 18 17.5 17.5 17.5 18 18 18 18 18 18 18 18 17.5 18 18 18 
18 18 17.5 17.5 18 18 18 18 18 18 18 18 18 18 17.5 17.5 
18 18 17.5 17.5 18 18 18 18 18 18 18 18 18 18 18 18 18 18 18 18 18 
18 17.5 17.5 18 18 18 18 18 18 18 18 18 18 18 18 18 18 18 17.5 
18 17.5 17.5 17.5 18 18 18 18 18 18 18 18 18 18 18 18 18 18 18 18 18 18 18 18 18 17.5 18 18 18 
17.5 18 18 18 18 18 18 18 18 18 18 18 18 18 18 18 18 18 18 18 18 
18 17.5 17.5 17.5 18 18 18 18 18 18 18 18 18 18 
18 17.5 17.5 18 18 18 18 18 18 18 18 18 18 18 18 17.5 17.5 18 18 18 18 18 18 18 18 18 18 
17.5 17.5 17.5 18 18 18 18 18 18 18 18 18 18 18 17.5 18 18 18 18 
18 18 17.5 17.5 18 18 18 18 18 18 18 18 18 18 18 18 18 18 18 18 18 
17.5 18 18 18 18 18 18 18 18 18 18 18 18 18 
18 18 17.5 17.5 18 18 18 18 18 18 18 18 18 18 18 18 18 18 18 18 
18 17.5 17.5 17.5 18 18 18 18 18 18 18 18 18 18 18 18 18 18 18 
18 18 18 17.5 17.5 18 18 18 18 18 18 18 18 18 18 18 18 18 18 18 
17.5 17.5 18 18 18 18 18 18 18 18 18 18 17.5 17.5 18 
17.5 18 18 18 18 18 18 18 18 18 18 18 18 18 18 18 18 18 18 18 18 18 18 18 18 
18 18 17.5 17.5 17.5 18 18 18 18 18 18 18 18 18 18 18 18 18 18 18 
18 17.5 17.5 17.5 18 18 18 18 18 18 18 18 18 18 18 18 18 18 18 18 
17.5 17.5 18 18 18 18 18 18 18 18 18 17.5 18 18 18 
18 17.5 17.5 17.5 18 18 18 18 18 18 18 18 18 18 18 18 
18 17.5 17.5 17.5 18 18 18 18 18 18 18 18 18 18 18 18 18 18 18 18 
17.5 18 18 18 18 18 18 18 18 18 18 18 18 18 18 18 
18 17.5 17.5 17.5 17.5 18 18 18 18 18 18 18 18 18 18 18 18 18 18 
17.5 17.5 17.5 18 18 18 18 18 18 18 18 18 18 18 18 18 18 18 18 18 18 
17.5 17.5 17.5 18 18 18 18 18 18 18 18 18 18 18 18 18 18 18 18 18 18 18 18 18 18 
18 18 17.5 17.5 18 18 18 18 18 18 18 18 18 18 18 18 18 18 18 
18 18 17.5 18 18 18 18 18 18 18 18 18 18 18 18 18 18 18 
18 17.5 17.5 17.5 18 18 18 18 18 18 18 18 18 18 18 18 18 18 18 18 
18 18 17.5 17.5 17.5 17.5 18 18 18 18 18 18 18 18 18 18 18 18 18 18 
18 17.5 17.5 17.5 18 18 18 18 18 18 18 18 18 18 18 18 18 18 18 18 18 
18 18 17.5 17.5 17.5 18 18 18 18 18 18 18 18 18 
18 17.5 17.5 17.5 17.5 18 18 18 18 18 18 18 18 18 18 18 18 18 
17.5 17.5 18 18 18 18 18 18 18 18 18 18 18 18 18 18 18 18 18 18 18 
18 17.5 17.5 17.5 18 18 18 18 18 18 18 18 18 18 18 18 
17.5 17.5 17.5 17.5 18 18 18 18 18 18 18 18 18 18 18 18 18 18 18 18 18 
18 18 17.5 17.5 17.5 18 18 18 18 18 18 18 18 18 18 18 18 18 18 18 18 18 18 18 18 18 18 18 
18 17.5 17.5 17.5 18 18 18 18 18 18 18 18 18 18 18 18 18 18 18 18 18 
18 17.5 17.5 17.5 18 18 18 18 18 18 18 18 18 18 18 17.5 17.5 17.5 17.5 17.5 17.5 17.5 18 18 
18 18 17.5 17.5 18 18 18 18 18 18 18 18 18 18 18 18 18 18 18 18 18 
18 18 17.5 17.5 17.5 17.5 18 18 18 18 18 18 18 18 18 18 18 18 18 18 
17.5 17.5 17.5 17.5 18 18 18 18 18 18 18 18 18 18 18 18 18 18 18 18 
18 17.5 17.5 17.5 18 18 18 18 18 18 18 18 18 18 18 18 18 
18 18 17.5 18 18 18 18 18 18 18 18 18 18 18 18 17.5 17.5 18 18 18 
17.5 17.5 17.5 17.5 18 18 18 18 18 18 18 18 18 18 18 18 18 18 18 18 
18 18 17.5 17.5 18 18 18 18 18 17.5 17.5 18 18 18 
18 17.5 17.5 17.5 18 18 18 18 18 18 18 18 18 17.5 17.5 18 18 18 18 
18 17.5 17.5 17.5 18 18 18 18 18 18 18 18 18 18 18 18 18 18 18 
17.5 17.5 17.5 17.5 18 18 18 18 18 18 18 18 18 18 18 18 18 18 18 
17.5 17.5 17.5 17.5 18 18 18 18 18 18 18 18 18 18 18 18 18 18 18 18 18 18 
18 17.5 17.5 17.5 18 18 18 18 18 18 18 18 18 18 18 18 18 
18 18 17.5 17.5 17.5 18 18 18 18 18 18 18 18 18 18 18 18 18 18 
17.5 17.5 17.5 17.5 18 18 18 18 18 18 18 18 18 18 18 18 18 18 18 18 
18 18 18 17.5 17.5 17.5 18 18 18 18 18 18 18 18 18 18 18 18 18 18 18 18 
18 17.5 17.5 17.5 18 18 18 18 18 18 18 18 18 18 18 18 18 18 18 18 18 18 
17.5 17.5 17.5 18 18 18 18 18 18 18 18 18 18 18 18 
18 18 17.5 17.5 18 18 18 18 18 18 18 18 18 18 18 18 18 17.5 18 18 18 
18 18 17.5 17.5 17.5 17.5 18 18 18 18 18 18 18 18 18 18 18 18 18 18 18 
18 17.5 17.5 17.5 18 18 18 18 18 18 18 18 18 18 18 18 18 18 18 18 18 18 18 18 
18 18 17.5 17.5 17.5 18 18 18 18 18 18 18 18 17.5 18 18 18 
18 17.5 17.5 17.5 18 18 18 18 18 18 18 18 18 18 
18 17.5 18 18 18 18 18 18 18 18 18 18 18 18 18 18 
18 17.5 17.5 17.5 18 18 18 18 18 18 18 18 18 18 18 18 18 18 18 
17.5 17.5 18 18 18 18 18 18 18 18 18 17.5 18 18 18 18 
18 17.5 17.5 17.5 18 18 18 18 18 18 18 18 18 18 18 18 
18 17.5 18 18 18 18 18 18 18 18 18 18 18 18 18 18 18 18 18 18 18 
18 17.5 17.5 17.5 18 18 18 18 18 18 18 18 18 18 18 18 
18 17.5 17.5 17.5 18 18 18 18 18 18 18 17.5 17.5 18 18 18 
18 18 17.5 17.5 18 18 18 18 18 18 18 18 18 18 17.5 18 18 18 18 18 18 
18 17.5 17.5 17.5 17.5 18 18 18 18 18 18 18 18 18 18 18 18 18 18 18 18 
17.5 17.5 18 18 18 18 18 18 18 18 18 17.5 18 18 18 18 18 18 
17.5 17.5 17.5 17.5 18 18 18 18 18 18 18 18 18 18 18 18 18 18 18 18 18 
17.5 17.5 17.5 17.5 18 18 18 18 18 18 18 18 18 18 18 17.5 18 18 18 18 18 
18 18 17.5 17.5 17.5 18 18 18 18 18 18 18 18 18 18 18 18 18 18 18 
18 17.5 17.5 17.5 18 18 18 18 18 18 18 18 18 18 18 18 18 18 18 17.5 18 
18 17.5 17.5 17.5 18 18 18 18 18 18 18 18 18 18 18 18 18 
