17.5 18.3333 18.3333 18.3333 18.3333 19 19 19 19 19.25 19.25 19.25 19.25 19.25 19.25 19 19 18 18 18 18 19 19 
18 18 18 17.75 17.1429 18.2 18.2 18.2 18.2 18.25 18.25 18.25 18.25 18.25 19 19 19 19 19 19 19 19 19 19 17 
18 18 17.75 17.1429 17.1429 17.1429 17.1429 17.1429 17.1429 17.1429 17.1429 17.1429 17 17 17 16.6 16.6 16.6 17.25 17.25 17.25 16 16.5 16.5 16.5 17 17 
18 18 17.7143 17 17 17 17.2 17.2 19 19 19 19 18 17 17 
18 18 18 17 17 17 17 17 17 17 17 17 17 16.5 16.5 17 17 16.3333 16.5 16.5 16.5 16.5 16.5 18 18 18 18 
18 17.5 17.7143 17.7143 17.7143 17.7143 17.7143 18.3333 18.3333 18.3333 18.2 18.2 18.5 18.5 18.5 18.5 18.5 18.5 18.5 18.5 18.6667 18.6667 18.6667 18.6667 18 21 
18 18 18 17.5 17.7143 17.7143 17.7143 17.7143 19 19 19.25 19.25 19.25 19.25 19.25 19.25 19.25 19.25 19.25 18.6667 19.5 19.5 19.5 20 20 20 20 
18 18 18 18 18 18 18 18 18 18.25 18.25 19.5 19.5 19.5 19.5 19.8 19.8 20.5 20.5 21 21 21 21 20.5 20 
18 18 17.875 17.2857 17.2857 17.2857 17.2857 17.2857 17.2857 17.2857 17.6667 17.6667 18.4 17.75 17.75 17.75 17 17 17 17 17 17.5 17 17 17 
18 18 18.2857 18 19.75 19.75 19.75 19.75 19.75 19.75 19.75 19.75 19.75 19.75 19.75 20 19 19 19 19 19 19 19 21 21 21 21 21 
18 18 17.4286 17.5 19 20 20 20 20 20 20 20 20 20 20 21 21 21 21 21 21 21 21 21 
18 18 19 19.3333 19.3333 19.3333 19.3333 19.3333 19.6 19 19 19 19 19 18.6667 18.6667 18.6667 18.5 18.5 18.5 16 16 16 16 16 16 16 16 
18 18 18 18.125 18.125 18.125 18.125 18.4286 20 20.25 20.25 20.25 20.25 20.25 20.25 20.25 20.25 20.3333 19.5 19.5 19.5 19.5 19.5 21 21 21 21 
18 18 17.875 17.875 17.875 17.875 17.875 19 19 19 19 19 19 18.4 18.75 18.75 18.75 18.75 18.3333 18.3333 18.5 18.5 16 16 
18 18 18 17.1429 17.6667 18 18 18.75 18.75 18.75 19 20 20 20 20 20 20 20 20 20 20 19 19 
18 18 17.875 17.875 17.875 17.875 17.875 17.2857 17.2857 17.2857 17.2857 17.2857 17.2857 17.2857 16.6667 16.6667 16.6 16.6 17.25 18 19 18 18 
18 18 18 17.5 17.5 17.5 17.5 17.5 17 17 17 17.5 17.4 16.75 16.75 16.75 16.75 16.75 16.75 16.75 17 17 17 17 16 16 17 
18 18 18.125 18.125 17.8571 17.8571 17.1667 17.6 17.6 17.6 17.6 17.6 18.5 18.5 18.5 18.5 19.3333 19.3333 18.5 18.5 18.5 18 18 18 18 18 18 18 
18 18 18 18.5 18.5 18.5 18.5 18.5 18.5 18.5 18.1429 17 17 17 17 17.5 17.5 17.5 17 17 17 17 16.5 16.5 16 16 16 
18 18 18 18 18 17.75 17.75 17.75 17.7143 17.8333 17.6 17.6 17.6 17.6 18.25 18.25 18.25 18.25 19.6667 19.6667 18.5 18.5 21 21 21 21 
18 18 18 18.25 18.1429 18.1429 18.8333 18.8333 18.8333 18.8333 19 19 18.25 18.25 18.25 19.3333 20.5 20.5 20.5 20.5 20.5 20.5 20.5 20.5 20.5 21 
18 18.25 18.25 18.2857 18.2857 17 17.75 17.3333 17.3333 17.3333 17.3333 17.3333 17.3333 17.3333 17.3333 17.3333 17.3333 17.3333 17.3333 17.3333 16 15 15 15 15 15 15 15 
18 18 18 18.125 18.125 18.7143 19.1667 19.1667 19.1667 19.4 19.4 18.75 18.75 18.75 18.6667 18 18 18 15 
18 17.875 17.875 18 18 18 18 18 18 18 18 17.3333 17.3333 17.3333 17.3333 17.2 17.2 16.25 16.25 16.6667 15 16 16 16 16 16 16 
18 18 18 17.5 17.5 17.5 17.5 17.5 17.5 18 18 18 18 18.3333 18.3333 18.3333 19 19 18.6667 19 19 19 21 21 21 
18 18.5 18.5 18.5 18.5 18.5 18.8571 18.8571 18.8571 19.1667 19.1667 19.1667 19.1667 19.1667 19.1667 18.6 18.5 18.5 18.5 18.5 18.5 18 16.5 16.5 16.5 18 18 
18 17.5 17 17 17.1667 17.1667 17.1667 17.2 18 18 18 18 18 17.5 17.5 17.5 17.5 17.5 17.5 17.5 15 15 15 15 15 15 
18 18.5 18.5 18.2857 18.2857 18.2857 18.2857 18.2857 18.2857 18.2857 18.2857 18.2857 18.2857 18.2857 18.2857 18.2857 18.2857 18.2857 18.2857 17 17 17 16.6667 16.6667 17.5 17.5 17.5 19 
18 18.375 19.5 19.5 19.5 19.5 19.5 19.5 19.2 18.5 18.6667 18.6667 18.6667 18.6667 18.6667 18 18 18 18 18 18 18 18 18 18 17 
18 18 18 18 18 18 17 17 17 17 17 17 17 17 17.2 17.2 17.2 18 18 18 18 18 18 18.3333 20 21 21 21 
18 18 18 18 18.375 18.375 18.375 18.375 18.375 18.2857 18.2857 18.2857 17.6667 17.6667 17.6667 17.6667 17.6667 17.6 16.75 16.75 16.75 17.6667 17.6667 17.6667 18.5 18.5 17 
18 18 18.25 18.25 18.25 18.25 18.8571 18.8571 19 19 19 18.6 18.6 18.6 18.6 17.75 17 17 17 17 17 17 17 17 17 19 
18 18 18 18 18 19.1667 19.1667 19.1667 19.1667 19 19 18 18 18 18 18 18 18 18 18 18 18 18 16.5 16.5 17 17 
18 18 17.875 17.875 17.875 17.875 17.8571 17.8571 17.8571 17.8571 17.1667 17.8 17.8 17.8 17.8 17.8 18 17.3333 18.5 16 16 16 16 16 16 16 16 16 
18 18.375 18.375 18.375 18.375 19.5 19.5 19.5 20 20 20 20.25 20.25 20.25 19.6667 19.6667 19.6667 19.6667 20.5 20.5 20.5 20 20 20 20 
18 18 18 18 18 18 17.75 17.75 17.75 17.75 17.75 17.75 18.2857 18.2857 18.8333 18.8333 18.8333 18.2 18 18 18 18 17 17 17 17 16 
18 18 18.25 18.2857 19.4 20.5 20.5 20.5 20.5 20.5 20.5 20.5 19.5 19.5 19 19 19 19 19 19 19 19 
18 18 16.8333 16.8333 16.8333 16.8333 16.8333 17 17 17 18.6667 18.6667 18.6667 18.6667 19.5 19 19 19 19 19 19 19 19 19 19 19 19 
18 18 17 17 17.3333 18 18 17.75 17.6667 17.6667 17.6667 17.6667 17.6667 18 18 16 16 16 16 16 16 16 16 16 16 16 16 16 
18 18 19 19 19 19 19 19 18.8333 18.8 18.8 17 17 17 17 17 17 17 17 17 17 16.5 16 
18 18.5 18.5 18 18 18 18 18 18 18.5 19 19 19 19.25 19.25 19.25 19.25 20 20 20.5 20.5 20.5 20.5 20.5 20 20 20 20 
18 18 18.1429 18.1429 19.6 19.6 19.6 18.3333 18.3333 18.3333 17.5 17.5 17.5 17.5 17.5 17.5 17.5 17.5 17.5 17.5 17.5 17.5 17.5 16 16 16 
18 18 18.2857 18.2857 18.2857 18.2857 18.2857 18.2857 18.2857 19 19 19 19 19 19 19.5 17.5 17.5 17.5 17.5 15 15 
18 18.125 18.125 18.125 18.125 18.125 18.125 17.3333 17.3333 17.3333 17.3333 17.6 17.6 17.6 17.6 17.6 18.5 18.5 19.6667 19.6667 19.5 21 21 21 21 21 21 
18 18 19 19 19.3333 19.3333 19.3333 19.3333 20 20 20.5 20 20 20 20 20 20 20 20 21 21 21 21 21 21 21 21 
18 18 18.375 18.375 18.375 18.375 18.375 18.375 18.375 18.375 18.375 18.1429 18.8333 18.8333 19 17.3333 17.3333 17.3333 17.3333 17.3333 17.3333 17.3333 18 17 17 
18 18 18 18 17 17 17 17 17 17 17 17 17 17 17 16.5 16.5 16.4 16.4 15.75 15.6667 15.6667 14.5 14 
18 18 18 18 18 18 18 17.5 18 18.1667 17.6 18 18 18 17.6667 17.6667 17.6667 17.6667 17.6667 17.6667 17.6667 17.6667 17.6667 19 20 20 20 
18 18 18 18.25 19.1667 19.1667 19.1667 19.4 19.4 20.5 20.5 20.5 20.6667 20.6667 20.6667 20.6667 20.6667 20.6667 20.6667 20.6667 20 19 19 
18 18 18 18 18 18.125 19.1667 19.1667 19.1667 19.1667 19.1667 19.1667 18 18 18 18 18 17 15 
18 18 18 18 18.25 18.25 18.25 18.25 17.7143 17.7143 17.1667 17 17 17 17 17 16.5 17.3333 17.3333 18.5 20 20 20 
18 18 18 18 19 18.5 18.5 18.5 18.6 18.6 18.6 18.5 18.5 18 18 18 18 18 18 18.5 18.5 18.5 18.5 18.5 18.5 21 21 21 
18 18 18 18 18 18 17.875 19 18.8 18 18 18 18 18 18 19 19 19 19 19 17 17 
18 18 18 18.125 18 18 18 17.3333 17.3333 17.2 17.75 17.75 17.75 19 19 19 18 18 16 16 16 16 16 16 16 16 16 
18 18 18 18 18 17.8571 18.3333 18.3333 18.3333 18.3333 17.6 18.5 18.5 18.5 18.5 18.5 19 19 19 19 19 19 18.5 18.5 18.5 18.5 21 21 
18 18 18 17 17 17 16.5 16.5 16.5 16.8 16.8 16.25 16.25 16.25 16.25 16.25 16.25 16.3333 17.5 17.5 18 18 18 18 18 18 
18 17.5 17.1429 17.1429 17.1429 17.1667 17.1667 17.1667 17.1667 17.1667 17.1667 17.6 19.3333 19.3333 18.5 18.5 18.5 18.5 18.5 18 18 18 18 18 18 
18 18.125 18.125 18.125 18.125 18.125 18.125 17.8571 17.8333 17.8333 17.8333 17.8333 17 17.25 17.25 17.25 17.25 17.25 17.25 20 20 20 20 20 20 20 20 21 
18 18.375 17.8571 17.8571 18.5 18.4 18.4 18.4 19 19.3333 20.5 20.5 20.5 20.5 21 21 21 21 21 21 
18 18 18 18.1429 18.1429 18.1429 17.5 17.5 17.2 17.2 17.2 17.2 17.2 17.5 20.5 20.5 20.5 20.5 20.5 20.5 20.5 20.5 21 21 
18 18 18 18 18 18 18 18 18.5714 17.6 17.6 17.75 17.75 17.75 18.3333 19.25 19.25 20.6667 20.5 20.5 20.5 20.5 19 
18 18 18.25 18 18 18 18 18 18 18 17.3333 17.4 17.4 17 19.5 19.5 19.5 19.5 19.5 19.5 19.5 19.5 19.5 21 21 21 21 
18 18 18 18.25 18.25 18.25 18.1429 18.1429 17.5 17.5 18.2 18.2 17.75 17.6667 17.6667 17.6667 17.6667 17.6667 19 17 17 
18 18 18 18 18.25 19.1667 19.1667 19.1667 19.4 19.4 19.4 19.5 19.5 19.5 19.5 19.5 19.5 19.5 19.5 19.5 19.5 19.5 21 21 21.5 
18 18 18 18 18 18 18 18 18 18 18 18 17.7143 18 18 18.2 18.2 17.25 17.25 17.25 16 16 16 19 19 19 19 
18 18 18 18 18.125 17.1667 17.1667 17.1667 17.1667 17.1667 16.8 16.8 16.5 16.5 16.5 16.5 16.5 16.5 16.5 17 17 17 18.5 16 16 16 
18 17.5 17.5 17.8571 18.8 18.8 18.8 18.8 18.8 18.8 18.8 19 19 19 19 19 19 18.6667 18.5 18.5 18.5 16 16 16 
18 18 18.25 19.5 19.5 19.5 19.8 19.8 19.8 19.25 19.25 19.25 19.25 19.25 20 20 20 20 21 21 21 21 21 21 21 21 21 21 
18 18 18 18 17.5 17.5 17.5 17.5 17.5 17.5 17.5714 17.3333 17.2 17.2 17.2 17.2 17.2 18 18 18.6667 18.6667 18.6667 18 21 21 
18 17.75 18.1429 17.2 17.2 17.2 17.25 18.3333 18.3333 18.3333 18.3333 18.3333 18.3333 18.3333 17 17 18 
18 18 18 18 18.1429 18.1429 18.1429 18.1429 18.1429 18.1429 18.1429 18.1429 17.5 17.5 17.5 17.5 17.2 16.25 16.6667 16.6667 16.6667 16.6667 16.6667 18 20 
18 18.5 18.2857 18.2857 18.2857 17.6667 17.6667 17.6667 17.6667 17.6667 17.4 17.4 17.4 17.4 17.4 17.4 17.4 17.25 17.25 18 18.5 18.5 18.5 18.5 18.5 16 
18 17.5 17.5 17.5 17.8571 17.8571 17.8571 17.8571 17.8571 17.8571 18.5 18.5 19 19 18.6667 18.6667 18.6667 18.6667 18.6667 18.6667 18.6667 18.6667 19 17 17 17 17 
18 18.25 18.2857 18.2857 18.2857 19 19 19 19.8 19.8 19.8 18.6667 18.6667 18.6667 19.5 19.5 19.5 19.5 19.5 19.5 20 20 20 20 
18 17.5 17.5 17.5 17.5 17.7143 18.3333 18.3333 18.3333 18.3333 18.3333 18.4 18.4 18.4 18.4 18.25 18.25 18.25 18.25 18.25 19.3333 19.3333 19.3333 19 21 21 21 
18 18 18 17.5 17.1429 17.1429 17.1429 16.8333 17 17 17 17 17 17 17 17 16.75 16.75 16.75 16.6667 18 18 18 18 18 18 15 
18 18 17 17 17.5 17.5 17.6 17.6 17.6 17.5 17.5 17.5 17.5 17.5 17.5 17.5 17.5 17.5 17.5 17.5 17.5 16.6667 16.6667 16.6667 17 17 17 15 
18 18 18 18 18 17 17 17 17 17 18 17.6667 17.6667 17.6667 16.5 16.5 16.5 15 15 15 15 15 15 15 15 
18 18 17 17 17 17 16.6667 16.6667 16.6667 17.2 17.2 17 17 17 17 17 17 17 17 17 17 17 15.5 15.5 15.5 15 15 
18 18.375 19 19 19 19 19 19 19 19 17.75 17.75 17.75 17.75 17.75 18 18 18 19 19 19 18 18 18 18 
18 17.875 16.8333 17 17 17 17 16.6667 16.6667 16.6667 16.6667 16.6667 16.6667 16.6667 16.6667 16.6667 18 18 18 18 15 15 15 
18 18 17 17.3333 17.3333 17.3333 17 17.75 17.75 17.75 17.75 17.75 17.75 18.3333 18.3333 18.3333 18.3333 18.3333 18.5 18.5 18.5 18.5 18.5 17 17 17 17 17 
18 18 18 18 17.875 17.875 17.875 17.875 19 19 19 19 19 18 18 18.3333 18.3333 18.3333 18.3333 18.5 16 16 16 
18 18 17.8571 17.8571 16.6 16.6 16.6 16.6 16.6 16.6 17 18 18 18 18.5 18.5 18.5 18.5 18.5 21 21 21 21 21 21 21 
18 18 17 17 17 17 17 17 17 17 17 17 17 17 17 17 16.6667 16 16 16 16.6667 16.5 16.5 16.5 16.5 16.5 15 
18 18 18 18 18.1429 18.1429 18.1429 17.6667 17.6667 17.4 17.4 17.4 18.25 17 17 15.5 15 15 15 15 15 15 15 15 15 16 16 16 
18 18 17.75 17.8571 17.8571 16.4 16.4 16.4 16 17.5 17.5 17.5 16 16 16 16 16 16 16 
18 18 18.25 18.2857 18 17.2 17.2 17.2 17.2 18 18 18 18 19 19 19 19 19 19 19 19 20 20 20 21 21 21 21 
18 18.5 18.5 18.5 18.5 18.5 18.5 18.5 18.5 18.7143 19.1667 19.1667 19.1667 19.1667 19 19 18.25 18.25 19.3333 19.3333 19.3333 20 21 21 21 21 21 
18 18.5 18.5 18.5 18.5 17.6667 17.6667 17.6667 17.6667 18.2 18.2 18.2 18.2 18.2 18 18 18 18 18 18 18.5 16 16 
18 18 19 19 19.3333 19.3333 19.4 19.4 18.3333 18.3333 17 17 17 17 16 16 16 
18 18 18.125 18.125 18.125 18.125 18.125 18.125 18.7143 18.3333 18.3333 18.3333 18.8 19 18 18 19.5 19.5 19.5 19.5 19.5 19.5 19.5 19.5 19 
18 18 18.125 18 18 18 18 19.4 19.4 19.4 19 19 19 18 17 17 17 17 17 18 18 18 18 18 18 
18 18 18 18 17.625 17.625 17.625 17.625 17.625 17.625 17.625 17.625 17.625 17.5714 17.5714 17.5714 18 16.5 15.6667 16.5 16 16 16 16 
18 18 18 19 19 18.6667 18.6667 18.6667 18.6667 18.6667 18.6667 19 19.25 19.25 19.25 19.25 20.3333 20.3333 20.3333 20.3333 20 20 20 20 20 20 20 20 
18 18 17.875 17.875 17.875 17.4286 16 16 16.25 16.25 16.25 17 16.5 17 17 17 17 17 17 17 17 17 
18 18 18 18 18 18 18 18 18 18.25 17.8571 17.8571 16.8 16.8 16.8 16.8 16.8 16.8 16.8 16.8 16.8 16.8 16.75 16.3333 16.3333 16.3333 17.5 20 
18 18.375 19 19 18 18 18 18 18.25 18.25 17.4 17.4 16.75 16.75 16.75 16.3333 16.5 16.5 16.5 16.5 16.5 16.5 16.5 19 19 19 19 
18 18 18 19 19.5 19.4 19.4 20 20 18.5 18.5 18.5 18.5 18.5 18.5 18.5 18.5 18 18 18 
18 18 18.5 18.5 18.5 18.5 18.7143 18.6667 17.25 17 17 17 17 17 17 17 17 18 18 18 18 16 
17.5 18.1667 18.1667 18.6 18.6 18.6 18.6 18.6 18.6 18.25 18.25 17.3333 17.3333 17.3333 18.5 18.5 18.5 18.5 18.5 18.5 19 19 19 19 19 19 19 19 
18 18 18 18 17.8571 17.8571 17.8571 17.8571 17.8571 17.8571 17.8571 17.8571 17.8571 17.8571 17.8571 17.8571 17.8571 19.2 18.5 19.3333 19.3333 19.3333 19.3333 20.5 20.5 20 20 20 
18 18 18 18 18.5 18.5714 18.5714 19 19 18.4 18.4 18.4 18.4 18 19 19 19 19 19 19 20 20 20 20 20 20 20 19 
18 18 18 18 18 17.875 17.875 18.4286 18.8333 18.8333 18.8333 18.8333 18.8333 18.8333 19.2 20.25 21 21 21 20.5 20.5 20.5 20.5 20.5 21 21 21 21 
18 18 18 18 18 18 18 19.1667 19.1667 19.1667 19.1667 19.1667 19.1667 19.8 19.8 19.25 18.6667 18.6667 18 18 18 17 17 17 17 17 17 17 
18 18.375 19.3333 19.3333 19.3333 19.3333 19.3333 20 20 19.75 19.75 19.75 19.75 19.75 20.3333 20.3333 20.3333 21 21 21 21 21 20 
18 18 18 18 18 18 18 18 18 18 18.1429 18.1429 18.1429 18.1429 18.1429 18.5 20.5 21 21.5 21.5 22 22 
18 18 18 18.125 18.125 17.5714 17.5714 17.5714 17.5714 17.5 17.5 18 18 19 19 19 19 20 20 20.5 20.5 20.5 20.5 20.5 20.5 21 21 21 
18 18 18 18 18 17.75 17.75 17.75 17.5714 16.8333 16.8333 16.6 16.75 17.3333 17.3333 17.3333 17.3333 17.3333 17.5 17.5 17.5 17.5 17.5 21 21 21 
18 18 19 19 19 19 19 19 18.8333 18.8333 19.4 19.4 20 20 19.3333 19.5 19.5 21 
18 18 18.25 18.25 18.25 17.7143 18.3333 18.3333 18.3333 18.3333 18.3333 18.3333 18.3333 18.6 19.5 19.5 20 20 20 20 20.5 20.5 20 20 20 20 20 
18 18 17.5 17.4286 16.8333 16.8333 16.8333 16.2 16.2 16.25 16.25 16.25 16.25 16.25 16.25 16.25 16.25 16.25 16.25 16.25 16 16 14.5 15 15 15 15 15 
18 18 18 18.5 18.5 18.5 18.5 18.5 18.2857 18.2857 18.5 19 19 19 18.5 17.3333 18.5 18.5 18.5 18 18 
18 18 18 19 19 19.1667 19.1667 19.8 19.8 19.8 19.8 19.8 19.8 19.8 19.25 19.25 19.25 20 20 20 20 19 19 
18 18 18.125 18.125 18.7143 19.3333 19.3333 19.3333 19.3333 18.25 18.25 18.25 18 18 18 18 18 18 18 18 18 18 18 20 20 
18 18 18 18 18 18 18 18 18 18.5 18.5 17.6667 17.6667 17.6667 17.6667 17.6667 18.2 17.5 17.5 17.5 17.6667 17.6667 17.5 17.5 19 19 
18 18 18.25 18.25 17.3333 17.3333 17.3333 17.3333 17.3333 18 18.6667 18.6667 18.6667 18.8 18.25 18.25 18.25 16 16 16 16 16 15 15 15 15 15 
18 18 18 18 18 18 18.8571 18.8571 18.8571 18.8571 18.3333 18.3333 18.3333 18.3333 18.3333 17.8 17.8 17.8 17.8 17.5 17.5 17.5 17.3333 17.3333 17.5 15 15 15 
18 18 18 18 18.5 18.5 18.7143 18.7143 17.8 17.75 17.75 17.75 17.75 17.75 17.75 16.6667 16.6667 17.5 17.5 17.5 17.5 17.5 17.5 19 19 19 19 
18 18 18.125 19.3333 19.3333 19.2 19.2 19.2 19.5 19.5 18.6667 18.6667 18.5 18.5 18.5 18.5 21 21 21 21 21 21 
18 18 18.125 18.125 17.5714 17.5 17 16.5 16.5 16.5 16.5 17.3333 17.3333 17.3333 17.3333 17.3333 17.3333 17.3333 18 18 18 15 15 15 15 15 15 15 
18 18 17.75 17.75 17.75 17.75 18.1429 18.1429 17.5 17.6 17.6 17.6 17.6 16.75 16.75 17.6667 17.6667 17 17 17 17 18 18 18 18 18 
18 18 18.25 18.1429 18.1429 18.1429 17.5 17.5 17 17 17 17.75 17.6667 17.6667 17.6667 17.6667 17.6667 17.6667 17.6667 15.3333 15.5 17 17 17 17 17 17 
18 18 18 18 18 18 17.4286 17.4286 17.6667 17.6667 17.6667 17.6667 18.4 18.4 17.75 17.75 17.75 17.75 17.3333 17.5 17.5 20 20 20 20 20 20 20 
18 18 17 17 17.3333 17.3333 17.3333 17.4 16.75 16.75 17 17 18.5 18.5 19 19 19 19 19 
18 18 18 18 18 18 18 18 18 18.25 18.25 18.25 18.25 17.1667 17.1667 17.1667 16.8 16.8 16.75 16.75 16.75 19 19 19 19 19 20 20 
18 18 17.625 17.625 17.625 17.625 18.1429 18.1429 18.1429 17.8333 17.8333 17.6 17.6 17.6 18.25 18.25 18.25 19 19 17.5 17.5 17.5 17 17 17 17 17 
18 18 18 17 17 17 17 17 17 17 16.8 16.8 16.8 16.8 16.8 16.8 16.8 18 18 18 17 17 17 15 15 
18 18 18 18 19 18.5 18.5 18.5 18.5 18.6 18.6 18.6 18.6 19.25 19.25 19.25 19 20 20 20 19 19 19 19 19 19 19 
18 18 18.25 18.25 18.25 18.8571 18.8571 18.8571 18.8333 18.8333 18.8333 19 19 19 19 19 18.75 18.75 17.6667 19 19 21 
18 18 18.25 18.25 17.1667 17.8 17.8 17.5 17.5 17.5 17.3333 17.3333 17.3333 17.5 17.5 20 20 20 20 20 20 20 20 20 20 20 20 20 
18 18 17.5 17.5 17.8571 17.8571 17.3333 17.3333 17.3333 17.3333 17.4 17.4 17.75 17.75 17.75 17.75 19 19 19 18.5 18.5 18.5 18.5 19 19 19 19 
18 17.875 18.2857 19 19 18.8 18.8 18 18 17 17 17 17 17.5 17.5 17.5 17.5 18 18 18 18 18 
18 18 18 18.125 18.125 18.125 18.125 18.125 17.5714 17.5714 17.5714 17.5714 17.1667 17.6 18.5 18.5 18.5 18.5 18.5 18.5 18.6667 18.6667 18.6667 18.5 18.5 18.5 21 21 
18 18 18 18.5 18.5 18.8571 18.8571 18.8571 18.8571 18.8571 18.8571 19 18.4 18.4 17.75 18 17.5 17.5 17.5 17.5 17.5 20 
18 18 18 18 18 17.4286 17.4286 17.4286 17.4286 17.4286 18.6 18.6 18.6 18.6 18.6 18 18 18 18 18 18 17.3333 17.3333 18 17 
18 18 18 18 18.5 17.6667 17.6667 17.6667 17.8 17.8 17.8 17.8 17.8 17 16.6667 16.6667 16.6667 16.6667 16.6667 16.6667 16.6667 15.5 15.5 15.5 15.5 15.5 15.5 15 
18 18 18 18 18 16.8333 16.8333 16.8333 16.8333 16.8333 16.8 16.8 17.5 17.5 18 18 18 18 19.5 19.5 19.5 19.5 19.5 19.5 19 19 19 19 
18 18 18 18 18 18 18 17.5 17.5 17.5 17.5 17.4286 18.2 17.75 17.75 17.75 17.75 18.6667 18.6667 18.6667 18.6667 18.6667 17.5 17.5 19 
18 18 18 18 19 19 19 17.75 17.75 17.75 17.6667 17.6667 18 18 18 18 18 18 18 18 18 18 18 18 20 
18 18 17.75 16.5 16.5 16.5 16.5 16.5 17 17 17 17.25 17 16 16 16 16 17 17 17 17 
18 18 18 18 18 18.375 18.375 19 19 19 19 19 18.8333 18.8333 18.8333 18.4 18.4 18.25 17 17 17 17 17 17 16 16 16 
18 18 18 18 18 18 18.5 18.1429 18.1429 18.3333 18.3333 17 17.3333 17.3333 17.3333 18.5 18.5 18.5 18.5 18.5 18.5 18.5 18.5 19 19 
18 18.5 18.5 18.5 18.5 18.5 18.5 18.5 18.5 18.5 18 18 18 18 18 17.6667 17.6667 17.6667 17.6667 17 17 17 16.6667 17 17 17 17 15 
18 18 18 18 18 18 18.125 18.125 18.7143 18.7143 18.7143 17.8 17 17 17 17 16.6667 16.6667 16.6667 16.6667 16.6667 17 17 17 15 15 15 
18 18 18 17.5 17.5 17.5 17.5 17.5 17.5 17.5 18.3333 18.3333 18.3333 17.8 18.5 18.5 18.5 19 19.5 19.5 19.5 20 20 
18 18.5 18.5 18.5 18.5 18.5 18 18.3333 18.3333 18.3333 18.3333 18.6 18.6 18.6 18.6 19.5 19.5 19.5 19.5 19 19 19 18 18 18 
18 17.875 17.875 17.875 18 18 18 18 17.3333 17.3333 18 17.25 17.25 17.25 17.25 17.25 17.25 17.25 17.25 17 17.5 17.5 17.5 20 20 20 20 
18 18 17.75 17.1429 17.1429 16.5 16.5 16.5 16 15.75 17 17 17 17 17 17 17 17 16 16 16 
18 18 18 18 18 17.1429 17.3333 17.8 17.5 17.5 17.3333 17.3333 17.3333 19 19 19 19 19 19 19 19 19 19 19 17 17 
18 18.375 19 19 19 19 19 19 19.5 20 20 20 20 19 19 19 19 18.5 18.5 18.5 18.5 18.5 18 18 18 18 
18 18 18 17.875 19 19 19 19.4 19.4 19.4 19 19.3333 19.3333 19.3333 18 18 18 18 20 20 20 
18 17.75 17.75 17.1429 16.5 16.5 16.5 16.5 16.5 16.5 16.5 16.6 16.6 18 18 18 18 18 17 17 17 17 17 
18 18 18 18 18 19 19 19 19 19.8 19.8 19.8 19.8 19.5 19.5 19.6667 19.6667 19.6667 21 21 21 21 21 21 21 
18 18.5 18 18.5 18 18 18 18 18 18 18 18 18 18 18 18 18 18 18 17.6667 17.6667 18.5 18.5 18.5 17 17 17 17 
18 18 18 18 18 17.75 17.75 17.75 17.75 17.75 17.1429 17.1429 17.1429 16.8333 16.8333 16.8333 16.8333 16.6 16.6 16.6 16.75 16.75 17.6667 16 16 15 15 
18 17.875 17.875 17.875 17.875 17.875 17.2857 17.2857 17.2857 17.2857 17.2857 17.2857 17.8333 17.8333 17.8333 17.8333 17.8333 18.2 18.2 19 18.3333 18.3333 18.3333 18.3333 17.5 17.5 17.5 17 
18 18 18.25 18 16.6 16.6 16.6 16.6 16.6 17 17 17 16.6667 16.6667 16.6667 16.6667 16.6667 16.6667 18 18 18 17 17 17 17 
18 18 18 18 18.5 18.5 18.5 18.5 18 17.6667 17.6667 18.2 18.2 17.5 17.5 17.5 17.5 17.5 17.3333 17.3333 17.5 17.5 17.5 16 16 16 16 
18 18 18 18 18 17.5 17.5 17.5 17.5 17.5 17.4286 17 17.6 17.25 17.25 17.25 17.25 17.25 17.25 17.25 17.25 17.25 17.6667 17.6667 18 21 21 
18 18 18 18 18 18.5 18.7143 18.7143 18.7143 18.7143 18.7143 18.7143 17.8 17.75 17.75 17.75 17.75 17.75 17.75 17.75 17.75 17.75 17.75 18.3333 20 21 21 21 
18 18 18 17 16.5 16 16 16 15.5 15.5 15.5 15.5 15.5 15.5 15.5 15 15 15 16 16 16 
18 17 17 17 17 17 17 17 17 17 17 17 17 17 17.4 16.75 16.75 16 16 15 15 15 15 15 
18 18.5 18.5 18.5 18.5 18.5 18.5 18.2857 18.2857 18.6667 18.6667 18.6667 18.8 18.8 18.8 19.75 19.75 19.75 19.75 19.75 19.75 19 19 19 19 19 21 
18 18 18 17.1429 16.5 16.8 16.8 16.8 17 17 17 17 17 17 17 17 18 18 18 18 18 19 
18 18.375 18.375 18.375 18.375 18.375 18.375 18.4286 18.4286 18.4286 18.1667 18.1667 18 18 18 18 17 17.3333 17.3333 17.3333 17.3333 17.3333 15.5 15.5 
18 18 17.875 17.8571 17.8571 16.6 16.6 16.6 16.75 16.75 16.75 16.75 16.75 16.75 17.3333 17.3333 15.5 15.5 15.5 15.5 15.5 
18 18 18.2857 18.2857 18.2857 18.2857 18.2857 18 18 18.8 18.8 19.75 19.75 19.3333 19.3333 20.5 20.5 20.5 19 
18 17.75 17.75 17.1429 17.5 17.5 18.2 18.2 18.2 18.2 18.2 18.2 18.2 18.2 18.2 18.75 18 18 18 19 19 19 19 
18 18 18 18 18 17.4286 17 17 17 17 17 17 16 16 16 16 16 16.3333 17.5 17.5 16 16 16 16 16 16 16 16 
18 18.25 18.25 18.25 18.25 18.1429 18.8333 18.8333 19.6 19 18.3333 18.3333 18.3333 18.3333 18.3333 18.3333 17.5 17.5 17.5 17.5 17.5 18 18 
18 18 18.25 17.1667 16.8 16.5 16.5 16.5 18.5 18.5 18.5 18.5 18.5 18.5 20 20 20 20 20 20 20 20 20 20 20 20 
18 18 18 18.25 18.25 18.8571 18.8571 18.5 17.8 17.8 17.8 17.75 17.75 17.75 17.75 17.3333 18.5 18.5 18.5 18.5 18.5 18.5 18.5 20 20 20 
18 18 17.875 17.875 17.875 17.2857 17.2857 17.6667 17.6667 17.6667 17.6667 17.6667 17.2 17 17 18.5 18.5 18.5 18.5 18.5 18.5 21 21 21 21 21 
18 18 18 18 17.75 17.75 17.75 17.75 18.6667 18.6 18.6 18.6 18.75 18.75 20 20 20 20 19 19 19 19 17 
18 18 18 18 18 17.5 18 18 18 18.3333 18.3333 18.3333 18.3333 18.3333 18.3333 18.6 18.6 18.75 18.75 18.75 18.75 18 19.5 19 19 
18 18 18 18 17.875 17.875 17.875 17.875 19 18.4 18.4 18.4 18.4 18.4 19 19 19 19 19 19 18.3333 18.3333 18.5 18.5 20 20 
18 18 18 18 18 18.5 18.5 18.5 18.5 18.2857 17.6667 17.6 17.25 17.3333 18 18 21 21 21 21 21 
18 18 18 18 17.1429 17.1429 17.1429 17.5 17.5 17.5 17.5 17.5 16.8 16.8 16.8 17.5 17.5 17.6667 17.6667 17.6667 17.6667 17.6667 17.6667 17 17 17 18 18 
18 18 18.5 18.5 18.5 18.5 18.5 18.5 18.5 18.5 18.5 18 18 18 18.1667 18.1667 18.1667 18.1667 17.8 17.75 17.75 18.6667 18.6667 18.6667 20 21 21 
18 18 19 19 19 19 19 19 18 17 17 17 17 16 16 16 16 14 14 14 14 14 14 
18 18 18 18.25 18.25 17.7143 17.7143 17.7143 18.3333 18.2 18.2 18.2 18.2 18.25 18.25 18.25 18.25 18.6667 18.6667 18.6667 18.6667 20.5 20.5 20 20 20 20 20 
18 18.125 18.125 18.125 18.125 18.125 18.125 18.125 18.125 18.125 18.125 18.125 18.125 18.4286 18.4286 18.5 18.4 18 16.6667 14.5 14.5 
18 17 17 17 16.8333 17.4 17.4 17.4 17.4 17.4 17.4 17.4 18 18 18 18 18 18 17.6667 17.6667 17.6667 18.5 18.5 20 20 20 
18 18 18 17 16.6667 16 16 16 16 17 17 17 17 17 17 17 17 16 
18 17.75 17.75 18.2857 18.2857 17.6667 17.4 17.5 16.3333 15.5 15 15 15 15 15 15 15 15 15 15 15 15 15 15 
18 17.875 17.875 17.5714 17.8333 17.8333 17.8333 17.8333 17.8333 18.6 18.6 18.6 18.6 18.6 19.5 19.5 18.6667 18.6667 19.5 19.5 18 18 18 18 18 18 18 18 
18 18 19 19 19 19 19 19 19.3333 19.3333 19.3333 19.2 19.5 19.5 19.5 19.5 19.5 19.6667 19.6667 21.5 21.5 21 21 21 21 21 
18 18 18 18 18 18 18 18 19 19.1667 19.1667 19.1667 19.6 19.6 19.6 19.6 19.5 20.6667 20 20 20 20 20 20 19 19 19 
18 18 18 18 17.875 17.875 17.875 17.875 17.875 18 18 18 18 18 18 19.4 19.4 19.4 19.4 18.75 18.75 18.75 19 20.5 21 21 21 21 
18 17.875 17.875 17.875 17.875 17.875 17.875 17.8571 17.8571 17.1667 17.1667 17.1667 16.4 16.5 16.5 16.5 16.5 17.3333 17.3333 17.3333 18.5 18.5 18.5 18.5 18.5 18.5 17 17 
18 18 17 16.5 16.5 16.5 16.5 16.5 16.5 16.5 16 16 16 16.5 16 16 16 16 16 16 15 15 15 
18 18 18 17.875 19 17.75 17.75 17.75 17.6667 17.6667 18 18 18 18 18 18 18 18 18 18 18 18 18 20 20 20 20 20 
18 18 18 18 18 17.5 17.5 17.5 17.2857 17.2857 17.2857 17.2857 17.8333 18.2 18.2 18.2 18.25 18.25 18.6667 18.6667 20.5 20 20 20 20 
18 18 18.25 18.25 17.7143 17.3333 17.3333 17.3333 17.3333 17.3333 16.6 16 15.3333 15.3333 15.3333 15.3333 15.3333 16 16 16 16 16 15 15 15 15 15 15 
18 18 18.125 19.3333 19.3333 19.3333 19.3333 19.3333 20 20 20 20 20 20 20 20 20 20 20 20 20 20 19.5 19.5 19 19 18 18 
18 18 18 18 17 17 17 17 17 17 17.6 17.6 17.5 17.5 17.5 17.5 17.5 17.5 18.3333 18.3333 18 18 18 18 16 16 16 16 
18 18 18 18.125 18.125 18.5714 18.5714 19.3333 19.3333 19.3333 19.3333 19.3333 20 20 20 20 20 20 20 19.6667 19.6667 18.5 18.5 18.5 19 19 
18 17.5 17.5 17.1429 16.5 16.5 16.5 16.2 16.2 15.5 15.5 15.5 15.5 15.6667 15.6667 15.6667 15.6667 15.6667 16.5 16.5 16.5 16 16 16 16 16 
18 18 18.25 18.1429 18.1429 18.1429 19.2 19.2 19 19 19 19 20.3333 20.3333 20.3333 20.3333 20.3333 19.5 19.5 19.5 19.5 19.5 19.5 18 18 18 
17.5 18.1667 18.1667 18.1667 17.8 17.8 18.5 18.5 18.5 18.5 18.5 18.6667 18.6667 18.6667 18.6667 17.5 17.5 17.5 19 19 19 19 19 19 
18 19 19 19 19 19 18.4 19 19 19 18.3333 18.3333 18.3333 18.3333 18.3333 18.5 18.5 20 20 20 20 20 20 20 20 
18 18 18 18 18 18 18 18.25 18.1429 18.1429 18.1429 18.1429 17 17 17 16.75 17.6667 17.6667 17.6667 17.6667 19 17 
18 17.875 18.4286 18.4286 18.4286 17.8333 17.8333 17.8333 17.8333 17.8333 17.8333 17.8333 17.8333 17.2 17.2 17.2 17.2 17.2 17.5 17.5 17.5 17.5 16.6667 16.6667 16 15 
18 18 16.8333 17.2 17.2 18 18 18 18.3333 17.5 16 16 
18 18.5 18.2857 18.8333 18.8 18.8 17 17 17 17 16.5 16.5 16.5 16.5 16.5 16.5 16.5 16.5 16.5 16.5 16.5 16.5 16.5 16 16 
18 18 18 18 18 18 18.125 18.125 17.8571 17.8571 17.1667 17 17.5 16.3333 16.3333 16.3333 16.3333 16.5 16.5 16.5 16.5 19 19 19 19 19 19 
18 17.875 17.875 18 18 18 18 18 16.5 16.5 16.5 16.5 16.5 16.5 16.5 16.5 16.5 16.5 16.5 16.5 17.3333 18 18 15 15 15 15 
18 17.5 17.5 17.5 17.5 17.5 17.5 17.5 17.5 17.7143 17.8333 17.6 19.6667 19.6667 19.6667 19 19 19 19 19 18 18 
18 18 17.5 17.5 17.5 17.5 17.5 17.4286 17.4286 18.6 18 18 18 18 18.3333 17.5 17.5 17.5 17.5 16 16 16 16 16 16 16 
18 18 18 18.5 18.5 18.5 18.5 18.5 18.5 18.5 17.5 17.5 17.5 17.8 17.8 17.8 17.25 17.25 17.25 17.25 17.25 17 16 16 16 16 17 
18 18 18.4286 18.1667 18.1667 19 19 19 19.75 19.75 19.75 18 18 19 
18 18 18 17.875 17.875 17.875 17.875 18.1429 17.8333 17.8333 17.8333 17.8333 17.8333 17 17 17 17 17 17 17 16.75 17.3333 17.3333 17.3333 21 21 21 
18 18 18 18 18.5 18.5 18.5 18.8571 18.8571 18.8571 18.8571 19.1667 19.1667 19.1667 18.8 18.8 18.8 18.75 18.75 18.75 17.6667 17.6667 16.5 16.5 16.5 15 
18 18 17.75 17.1429 17.1429 17.1429 17.1429 17.6667 17.6667 17 17 17 17 17 16.75 16.75 16.75 16 16 16 15 15 15 15 15 
18 18 17.875 17.875 17.875 17.8571 17.8571 17.8571 17.8571 16.4 15.5 15.3333 15.5 15.5 15.5 15.5 15.5 15.5 15.5 15.5 15.5 17 17 17 17 17 17 17 
18 18 18.25 18.25 18.25 18.25 18.8571 18.8571 18.8571 18.8571 18.8571 18.8571 17.8 17.25 17.25 17.25 17 17 17 18 18 18 18 18 18 18 18 17 
18 18 18 17.5 17.2857 17.2857 17.8333 17.8333 17.8333 17.8333 18.2 18.5 18.5 18.5 18.5 18.5 18 18 18 18 18 18 18 15 15 15 15 15 
18 18 18.25 19.5 19 19 19 19 19 19 19 19 19 19 19 19 18.3333 17.5 17.5 17.5 17.5 17.5 17.5 17 17 17 17 17 
18 17.75 17.75 17.1429 17.6667 17.6667 17 17 16.75 16.75 16.75 16.75 16.75 16.75 16.75 16.75 16.75 16.75 16.75 17.3333 17.5 19 19 19 19 19 
18 18 18.125 18.5714 18.5 18.5 18.5 18.5 18.5 18.6 17.75 17.75 17.75 17.75 18.3333 18.3333 18.3333 18.3333 18.3333 18.3333 18.3333 20.5 21 21 
18 18 18 17.875 17.875 17.875 17.2857 17.2857 17.2857 17.2857 18.2 18.2 18.2 18.2 18.2 18.2 18.2 18.2 18.2 18.2 17.5 17.5 17.5 17.6667 19 18 
18 18 18 17.1429 17 17 17 17 16.6 15.5 15.5 15.5 15.6667 15.6667 15.6667 15.6667 15.6667 16.5 16.5 16.5 17 17 17 17 
18 18 18.375 18.5714 18.5714 18.5714 18 18 18 18 18 18.4 18.25 18.25 18.25 18.25 19.6667 19.6667 19 19 19 20 20 
18 18 18 18.125 18.7143 18.7143 18.7143 18.8333 18.8333 18.8333 19.6 19.5 20.6667 20.6667 20.6667 20.6667 21.5 21.5 21.5 21.5 21.5 21.5 21.5 
18 18 18 18 18.125 18.125 18.7143 18.7143 18.7143 18.7143 17.6 17.25 17.25 17.25 18 18 18 18 18 18 18 18 18 18 20 
18 17.5 17.5 17.5 17.5 17.5 17.5714 17.5714 17.8333 17.8333 17.8333 17.8333 18.6 18.6 18.6 18.6 18.6 18.6 18 18 18 17.6667 16.5 18 18 18 18 
18 18 18 18 18 17.5 17.5 17.7143 17.8333 17.8333 17.8333 17.8333 17.8333 18.6 18 18 18 18 18 18 18 18 17.5 20 20 
18 18 18 18 18.375 18.375 19 19 18.5 18.5 18.2 18.2 18.25 18.25 18.25 18.25 18.25 17.3333 18 18 19 19 19 19 19 
18 18.125 18.7143 18.7143 18.7143 18.7143 18.7143 18.5 18.5 18.5 18.4 17.5 17.5 17.5 17.5 17.5 18.3333 18.3333 18.3333 17 17 16 16 16 16 
18 17.75 16.8333 16.8333 16 16 16 16 16.5 16.5 16 16 15.5 15.5 15.5 15.5 15.5 15.5 15.5 15.5 15 15 15 15 15 15 15 
18 18 18 18.375 18.375 18.375 18.375 18.375 18.375 18.7143 18.7143 18.7143 18.7143 19.5 19.5 19.4 18.75 18.75 18.75 19.3333 19.3333 20 20 20 20 19 19 
18 17 17 17 17 17 17 17 17 16.6667 16.6667 16.6667 16.6667 16.6667 16.6667 17.2 17.5 17.5 17.6667 17.5 17.5 17.5 17.5 20 20 
18 18.125 18.125 17.5714 17.5714 17.5 17 17 17 17 17 17 17 17 17 17 18.3333 18.3333 17 17 19 
18 18 18 18 18 17.5 17.5714 18.1667 18.1667 18.1667 18.8 18.8 18.8 18.8 18.8 18.5 18.5 18.5 18.5 17.6667 17.6667 17.6667 17 16 
18 18 18 18 18 18 19 19 19.5 19.5 19.5 19 19 19 19 18.6667 18.6667 17.5 18 
18 18 18 18 18.125 18.125 18.125 18.1429 18.1429 18.1429 18.1429 18.1429 18.1429 18.1429 18 17.2 18 18 18.6667 18.6667 18.6667 18 18 18 18 18 21 21 
18 17.5 17.8571 17.8571 17.6667 17.6667 18.4 18.4 18.4 18.4 17.75 17.75 17.75 17 17 17 17 17 17 17 17 18 18 18 
18 18.25 18.25 18.25 18.25 19.5 19.5 19.5 20 20 20 20 20 19.3333 18.5 18.5 18.5 18.5 18.5 18.5 18 18 18 18 18 
18 18 18 18.5 18.5 18.5 18 18 18 18 18 18.1667 18.1667 18.1667 18.1667 18.1667 18.1667 18.1667 18.1667 18.1667 18.1667 17.8 17.75 17.75 17.3333 15.5 15 15 
18 18 18 18 18 17 16.2 16.2 16.2 16.2 16.2 16.2 16.2 16.2 16.2 16.75 17.3333 17.3333 17.3333 17.3333 17.3333 17.3333 17.3333 17.3333 17.3333 18 19 
18 18 18 18 17 17 17 17 17 17 17.2 16.5 16 19 19 19 19 19 19 19 19 19 19 19 19 
18 17 17 16.6667 16.6667 16.8 16.8 16.8 16.8 16.8 16.8 16.8 16 16 16.6667 16 16 17 
18 18 18.25 18 18.6667 18.6667 18.6667 18.6667 17.25 17.25 17.25 17.25 17.25 17.25 17.25 17.25 18 18 18 18 18 18 17.5 17.5 17.5 17.5 17 17 
18 17.75 17.1429 17.1429 17.5 17.5 17.5 18.75 18.75 19.3333 19.3333 19.3333 19.3333 19.3333 19.3333 19.3333 19.3333 19.3333 18.5 18.5 18.5 18.5 18.5 18.5 18.5 18.5 18.5 18 
18 18 18 18 18 18 17 17 17.1667 17.1667 17.1667 17.1667 17.1667 17.2 17.2 18 18 19 19 18.5 18.5 18.5 18.5 18.5 18 
18 18 18 18.375 18.375 18.375 18.375 18.375 18.375 17.8571 17.8571 17.8571 17.8571 17.8571 17.8571 17.8571 17.8571 17.3333 17.3333 17.3333 17.3333 17.2 17.2 17.25 17.25 16.6667 20 
18 18 18 18 18 18.125 19.3333 19.3333 19.3333 19.3333 19.3333 19.3333 19.3333 19.3333 19.3333 19.3333 20 19.75 19.75 19.75 19.75 19 19 18.5 18.5 18.5 19 
18 18 18 17.875 17.875 17.875 17.2857 16.8333 16.8333 16.8333 16.8333 16.8333 16.8333 16.8333 16.8333 16.8333 16.8333 17.2 17.2 17.2 18.3333 18.3333 18.5 21 21 21 21 21 
18 18 18 18 17.5 17.5 17.5 17.2857 17.2857 17.2857 17.8333 18.2 18.2 18.2 18.2 19 19.6667 19.6667 19.6667 19.6667 20.5 20.5 21 21 21 21 21 
18 18.125 18.125 18.125 18.1429 18.1429 18.1429 19.6 19.6 19 19 19 19 19 19 19 19 19 18.6667 18.6667 17.5 17.5 17.5 16 16 16 16 16 
18 18 17.875 17.875 17.875 17.875 18.2857 18.2857 19.4 19.4 19.4 19.4 19.4 19.4 19.4 18 18 17 17 17 17 17 17 17 18 18 18 
18 18 18 18 18 18.5 18.5 18.5 18.5 18.5 18.5 17.5 17.5 17.4 16.75 16.75 17.3333 17.3333 17.3333 17.5 17.5 19 19 
18 18 18 18 18 18 18 18 18 18.125 19.1667 18.6 18.6 18 18 19 19 19 19 19 18 18 18 18 18 18 
18 18 18 18 18 18 18 18 18 18 18 18 18 18 16.8333 16.4 16.4 16.5 15.3333 15.3333 15.3333 14.5 14.5 15 15 15 15 
18 18 18 18 18 17.875 17.875 18.2857 18.2857 18.2857 18.2857 18.2857 18.2857 18.2857 18.2857 18.3333 17.6 17.6 17 17 17 17 18 18 18.5 18.5 16 
18 18 18 18 17.875 17.875 17.2857 17.2857 17.2857 17.2857 18.2 18.2 18.2 18.5 18.5 18.5 19.6667 19.6667 19.6667 19.6667 19.6667 19 19 19 18 18 
18 18 18 18 18.125 18.125 18.125 18.125 18.125 18.125 17 17 17 17 17 17.2 17.2 17.2 17.2 17.2 17.2 17 16 19 
18 18 18 18 18 17.8571 17.8571 17.8571 17.8571 17.8571 18.5 18.5 18.5 18.5 18.5 19 19 18.5 19 19 19 19 15 15 
18 18 18 18 18 18 18 18.5 18.5 18.5 18.8571 18.8333 18.8333 19 20 20 20 18.5 18.5 18.5 18.5 18.5 18.5 18.5 18.5 20 20 20 
18 18 18 18 17.1429 17.1429 17.1429 17.3333 17.4 17.4 17.4 17.25 18.3333 18.3333 20 20 20 20 20 20 20 20 21 21 21 21 
18 18 17.4286 17.1667 17.4 17.5 17.5 17.5 18.6667 20.5 21 21 21 21 21 21 21 21 21 21 21 21 
18 18 18.125 18.125 17.5714 17.5714 17.5714 17.5714 18.8 19 19 19 19 19 19 19 18 18 18 18 18 18 18 18 18 18 16 16 
18 18 18 18.25 17.7143 17.7143 17.1667 17.1667 17.8 17.8 18 18 18 18 18 18 19 19 18.5 18.5 19 19 19 19 19 19 
18 18 18 18 18 17.625 17.7143 16.4 16.4 16.4 16.4 16.4 16.4 16.4 16.4 16.4 16.4 16.4 16 16 16 16 16 16 19 
18 18 18 17.875 17.875 17.875 17.875 17.875 17.875 17.875 17.875 17.875 17.2857 17.3333 17.3333 18 18 17.3333 17.3333 17.8 17.75 17 18.5 16 16 16 
18 18.125 18.125 18.7143 18.7143 18.7143 18.7143 19.3333 19.3333 19.3333 19.3333 19.3333 19.3333 19.3333 19.3333 19.3333 20 20 20 20 20 20 20.3333 21.5 
18 18.125 17.5714 17.5714 17.5714 17.5714 17.5714 17.5714 17.5714 17.5714 18.1667 17.8 17.8 18.5 18.5 18.5 18.3333 17 17 17 17 17 17 17 16 16 16 16 
18 18 18 18.25 18.1429 18.1429 17 17 17 16.75 16.75 16.75 19 19 19 19 19 21 21 21 21 21 
18 18 18 18.25 18.25 18.8571 18.8571 18.8571 19 19 18.6 18.6 18.6 18.6 18.6 18.6 17.75 17.75 17.75 17.75 18.6667 18.6667 18.5 18.5 18.5 20 20 
18 18 18 18 18 18.5 18.5 18.5 18.5 18.1429 18.1429 18.1429 18.1429 18 18 18 18 18.4 18.75 18.75 18.75 17.6667 17.6667 19 20 
18 18 18.25 18.25 18.25 17.7143 17.7143 17.7143 17.1667 16.6 16.6 16.5 15.6667 15.6667 15.6667 15.6667 15.6667 14.5 14.5 14.5 14.5 15 
18 18 18 18.25 18.1429 17.6667 17.6667 16.5 16.5 15.3333 15.3333 15.3333 15.3333 15.3333 15.3333 15.3333 15.3333 17 17 17 17 17 
18 18.125 18.1429 18.1429 18.1429 18.1429 18.1429 18.1429 18.1429 18.1429 18.8333 18.8333 18.8333 18.8 18.8 18.8 18.8 18.8 18.8 17 17 17 15.5 15.5 15.5 15.5 15.5 16 
18 18 18 18 18 18 18 17.4286 17.4286 17.4286 17.4286 17.4286 18 18 18 18.2 19 18.6667 20 20 19 19 19 19 19 19 
18 18 17.75 17 17 17.4 17.4 17.4 17.4 17.4 18.25 18.25 18.25 18.25 18.25 18.25 18.25 18.25 18.25 18.25 17.3333 17.3333 17.3333 17.3333 17.3333 18 19 19 
18 18 18 18 18 18 18 18 18 17 17 17 17.5 17.5 17.5 17 17 17.5 17.5 17.3333 16.5 16.5 17 17 
18 18 18 18.125 18.125 18.125 18.125 18.125 18.125 18.125 17.5714 17.5714 17.5714 17.5714 17.5714 17.5714 18.1667 18.1667 18 18 17 17 17 17 18 16 16 
18 18 18 18 18 17.5 17.5 17.5 17.5 17.5 17.5714 17.5714 17.5714 18.1667 18.1667 18.8 18.8 18.8 18.8 19.5 19.5 20 20 20 20 20 19 19 
18 18 18.5 18.5 18.5 18.5 18.5 18.5 18.5 19 19.3333 19.4 19.4 19.25 19.25 19.25 19.25 19.25 19.25 19.25 20.3333 21.5 21 21 
18 18 18 18 18.125 18.125 18.1429 18.1429 17.5 17.5 17.5 17.5 17.5 16.8 16.8 17 17 17 17 17 17 19.5 19.5 19.5 19.5 19 19 
18 18 18 18.125 18.125 17.8571 17.8571 17.8333 17.8333 17.8333 17 17 17.75 18.6667 18.6667 18.6667 18.6667 17.5 17.5 16 16 16 
18 17 17 17 17 17 17 17.5 17.5 17.6 17.6 17.5 17.5 17.5 17.5 17.5 17 17 17 17.5 17.5 17.5 15 15 15 15 15 15 
18 18.5 18.5 18.5 18.2857 17.6667 17.6667 17.6667 17.6667 17.6667 17.6 17.6 17.6 17.6 16.75 16.75 16.75 16 16 16 16 16 16 16 16 16 15 15 
18 17.5 17.5 17.5 17.5 17.5 17.5 17.5 17.5 17.5 17.5 17.5 17.5 17.7143 17.7143 17.7143 17.7143 17.8333 17.2 17.2 18 18 17.3333 17.3333 17.3333 17 19 
18 18.375 19.3333 19.3333 19.3333 19.3333 19.3333 19.4 19.4 19.4 19.4 19.4 19.75 19.75 18.5 18.5 21 21 21 21 21 21 21 21 21 
18 18 19 19 19 19.1667 19 19 19 19 16.5 16 16 16 
18 18 18.125 18.125 17.8571 17.8571 17.1667 17.1667 17.1667 17.1667 18.25 18.25 18.25 18.25 18.25 18.25 19.3333 18.5 18.5 18.5 18.5 18.5 19 19 19 19 
18 18 18 18 18 18 18 18 18 18 18.25 18.25 17.7143 17.7143 17.7143 17.7143 17.7143 17.3333 17.2 19 19 18 18 18 18 17 
18 18 18 18 18 18 18 18.8571 19 19 17.75 17.75 17.75 17.75 17.75 17.75 17.75 17.3333 17.3333 17.5 17.5 17.5 15 15 15 15 
18 18 18 18 18.125 18.7143 19.1667 19.1667 19.1667 18.6 18.6 18.6 18 17.3333 17.3333 17.3333 17.3333 18.5 18.5 18.5 18.5 18.5 18.5 18.5 18.5 18 
18 18 18 18 17.625 18.1429 17.8333 16.75 16.75 16.75 16.75 16.75 16.75 16.75 16.75 16.75 17 17 17 17 16 16 16 15 
18 17 16.8333 16.4 16.4 16.4 16.4 16.4 17.6667 18.5 18.5 18.5 18.5 18.5 20 
18 18 19 18.8333 18.8333 18.8333 18.8333 18.2 18.2 18.2 18.2 18.2 18.5 18.5 18.5 18.5 18.5 18.5 18.5 18.5 18.5 18.5 18.5 18.3333 18.3333 18.3333 18.5 21 
18 17.5 17.5 17.8571 17.8333 17.8333 17.8333 17.8333 17.2 17.2 18 18 18 18 18 18 18 18 18 18 18 18 17.3333 17.3333 17.3333 17.5 17.5 16 
18 18 18 18 18 17.5714 17.5714 16.8333 16.8333 16.8333 16.8333 16.8333 16.8 18.3333 19.5 19.5 19.5 19 19 19 19 19 19 19 19 19 19 19 
18 18 18 18 18.1429 18 18 18 18 17.2 17.75 17.75 17.75 17.75 17.75 17.75 16.6667 16.6667 17 17 17 20 20 
18 18 18 17.8571 17.8571 17.8571 17.8571 17.8571 17.8571 17.8571 17.8571 18.1667 18.1667 18.8 18.8 18.5 18.5 15.5 15.5 15.5 15.5 17 
18 18.5 18.5 18.5 18.5 18.5 18.5 18.7143 18.7143 18.7143 18.6667 18.6667 18.6667 19.2 20.25 20.25 21 21 21 21 21 21 21 21 21 21 21 
18 18 18.5 18.5 18.2857 17.4 17.5 17.5 17.5 17.5 17.5 18 18 18 18 18 18 18 18 18 18 18 21 21 21 21 21 
18 17 17 17 17 17 17 17 16.4 16.4 16.4 16.4 16.4 16.4 16.4 16.75 16.75 16.3333 16.3333 16.3333 16.3333 15 15 15 15 15 16 
18 18 18 18 18 18 17 17 17 17 17 17 16.8333 16.8333 16.8333 16.8333 16.4 16.4 16.4 15.5 15.5 15.6667 15 15 15 
18 18 18 18 18 18 18 18 17.4286 17 17 17 16.6 16.6 16.6 15.5 16 16 16 16 16 16 17 17 
18 18 18 18 17.875 17.875 17.875 17.875 17.875 17.875 18.4286 18.4286 18.4286 18.4286 18.4286 18.4286 18.4286 18.8333 18.8333 19.2 19.2 18 18 18 18 19.5 21 21 
18 18 18 17.875 17.875 17.875 16.6667 16.4 16.4 16.4 16.4 16.4 16.4 16.4 16.4 16.4 16.25 17 17 18 18 18 18 18 18 18 20 20 
18 18 18 17.5 17.5714 17.5714 17.5714 17.5714 18.1667 18.1667 18.1667 18.1667 18.1667 18 18 18.5 18.5 18.5 18.5 18 18 18 18 18 18 18 15 15 
18 18 18 18 18 18.375 19 19 19 18.2 17.5 17.5 17.5 17.5 17.5 17.5 17.5 17.5 17.5 17.5 17.6667 17 17 17 17 18 18 
18 18 18 18 18 18 18 18.5 18.5 18.5 18.5 18.5 18.5 18 18 18 18 18 18 18.6 19.25 19.25 19.25 18.6667 18 18 19 
18 18 18 18 18 18 18 18 18.8571 19.1667 19.1667 19.1667 19.1667 19 19 19 19 18 19.5 18 
18 17.5 17.5 17.5 17.5 17 17 17 17 17 17 16.4 16.4 16.4 16.4 16.4 16.4 16 16 16.6667 16.6667 16.6667 16.6667 17.5 16 16 
18 18 18 17 17.1667 17.1667 17.1667 17.8 17.8 17.75 17.75 18.6667 18.6667 18.6667 18.6667 18.5 18.5 17 17 17 17 17 17 17 17 17 17 
18 18 18 18 18 17.875 17.8571 17.1667 17.1667 17.1667 17.1667 17.1667 17.1667 17.2 17.5 17.5 17.5 16.3333 14.5 14.5 14.5 15 15 15 15 
18 18 17 17 17 17 17.5 17.5 17.5 17 16.75 16.75 16.75 17 17 17 17 17 16 16 16 16 16 16 16 17 17 17 
18 18 18 18 18 18 18 17.4286 17.4286 17.4286 17.5 16.8 16.8 16.8 17.5 17.5 17.5 17.5 16.6667 16.6667 17.5 17.5 17.5 17.5 17.5 17.5 16 
18 17.75 17.75 17.8571 17.8571 17.1667 17.1667 17.1667 17.1667 17.1667 17.1667 17.1667 17.4 16.5 16.5 16.5 18.5 18.5 18.5 19 19 19 19 19 
18 19 19 19 19.3333 19.3333 19.3333 19.3333 19.3333 19.3333 19.3333 19.6 19.6 19.6 19.5 19.5 19.5 18.6667 18.6667 17.5 16 16 16 16 16 16 16 
18 17.875 18.2857 19 19 19 19 19 19 19 19 19 19 19 19 17.75 17.75 17.75 18.3333 18.3333 17.5 17 17 17 17 17 17 
18 18 18 18 17.875 17.8571 17.1667 17.4 17.4 17.4 16.75 16.75 15.3333 15.3333 14.5 14.5 14.5 14.5 14.5 15 15 15 15 15 15 
18 18 18 18 18 18 18 17.5 17.5 17.4286 17.4286 17.4286 17 17 17.2 17.2 16.75 17.6667 17.6667 17.6667 18 15 15 15 15 15 15 
18 18 17.1429 17.1429 17.6667 17.6667 17.6667 17.6667 17.4 17.4 17.4 17.4 18 18 17 17 17 17.5 17.5 17 17 
18 17 17 17 17 17 17 17 17 17.3333 17.3333 17.3333 17.3333 17.3333 17.3333 17.3333 17.3333 17.3333 17.3333 17.6 17.75 17 18.5 19 19 19 19 
18 18 18 18 18 18 18 17.875 17.875 17.2857 17.3333 18 18 17.5 17.5 17.5 17.5 17.5 17.5 17.5 17.5 17.5 17.5 17.3333 17.3333 17.3333 18 15 
18 17.5 17.5 17.5 17.5 17.5 17.8571 18.5 18.4 18.4 18.4 18.4 18.75 18.3333 18.3333 18.3333 18.3333 18.3333 18.3333 18.3333 18.3333 17 17 17 17 17 16 16 
18 17 17 17 17 17 17 17 17 17 17.3333 17 17 17 16.75 16.75 16.75 16.75 17.6667 17.6667 17.6667 17.6667 18.5 20 20 20 
18 18.25 18.25 18.25 18.25 18.8571 18.8571 17.8 17.8 17.8 17.75 18.6667 18.6667 18.6667 18.6667 18.5 18.5 18.5 18.5 20 20 20 
18 18 18.125 17.5714 17.5714 18.1667 18.1667 18.1667 18.6 19.5 19.3333 19.3333 19.3333 20 20 20 20 20 21 21 
18 18 18 17.875 17.875 18.4286 17.8333 17.8333 17.2 17.25 17.25 18 18 16 16 16 16 16 16 16 16 16 16 16 16 16 16 16 
18 18 18.25 18 18 17.3333 17.3333 17.3333 18 18 17.25 17.25 17.3333 17.3333 17 17 17 17 17 17 17 17 19 19 19 19 
18 18 18 18 18 17.5 17 17 16.6667 16.6667 16.6667 16.6667 16.6667 16.6 17.25 18 18 18 18 18 18 18 18 18 20 
18 18 17 17 17.1667 17.1667 17.2 16.5 16.5 17.3333 17.3333 17.3333 17.3333 17.3333 17.3333 17.3333 17.3333 17.3333 17.3333 17 15 15 15 15 15 
18 18 18 18 18 18 18 17.5 17.5 17.5 17.5 17.5 17 17.3333 17.2 18 18 18 18 17.3333 17.3333 17.3333 17.3333 16.5 16.5 17 17 
18 18 18.25 18.25 18.25 18.2857 17.2 17.2 17.2 17.2 17.2 17.75 17.75 17.75 17.75 17.75 17.3333 17.3333 19 19 19 19 19 21 21 21 
18 18 17.75 17.1429 17.1667 17.1667 17.1667 17.1667 17.1667 17.1667 16.4 15.75 16.3333 16.3333 16.3333 16.3333 16.3333 16.3333 16.3333 16.3333 16.3333 17 17 18 18 18 
18 18.25 18.25 18.8571 18.8571 18.6667 19.4 19.4 19.4 18.75 18.75 18.75 18.6667 19.5 19.5 19.5 19.5 19.5 19.5 19.5 19.5 19.5 19.5 19.5 19.5 19.5 21 
18 18.125 18.125 18.125 17.1667 16.4 16.4 16.4 16.4 16.4 16.4 16.4 16.4 16.75 16.75 16.75 17 17 17 17 17 16 18 18 18 
18 18 18 18 18 18 19 18.6 18.6 18.5 18.5 18.5 18.5 17.3333 17.3333 17.3333 17.3333 17.3333 17.3333 17.3333 17.3333 17.3333 17.3333 16 17 17 17 
18 18 18 17.8571 17.8571 17.8571 17.1667 17.1667 17.1667 17.1667 17.4 16.75 16.75 19 19 19 19 21 21 21 21 
18 18 17 17 17.3333 17.3333 18 17.75 17.75 17.6667 17.6667 17.6667 17.6667 18 18 18 16 16 16 16 16 16 
18 18 18 18 18 18 18 18 18.375 18.375 18.375 19 19 19 19 19 19 19 19 19 19.4 19.4 19.75 19.3333 21 21 
18 18 18 18 17.5 17.5 17.5 17.5 17.5714 17.5714 17 16.4 17.6667 17.6667 17.6667 17.6667 17.6667 17.6667 17.6667 18.5 18.5 18 18 18 18 
18 18 18 18 18 18.375 18.1429 18.1429 18.1667 19.5 19.5 19.5 18.5 18.5 18.5 18.5 18.5 18.5 18.5 18.5 21 21 
18 18.375 18.375 18.375 18.375 18.375 18.375 18.375 18.375 18.1429 18.1429 17.5 17.4 17.4 17.5 17.5 18.6667 18.6667 18.6667 18.5 16 
18 17.875 17.875 17.2857 17.6667 17.6667 17.6667 17.6667 17.6667 17.6667 17.6667 17.6667 17.2 17.2 17.2 17.2 17.2 17.2 17.25 16 16 16 16 16 18 18 
18 18 18 18 18 18 18 17.75 17.75 17.75 17.75 17.8571 17.8571 17.8571 17.8571 17.1667 17.1667 17.1667 17.1667 17.4 17.4 17.4 17.25 20 20 19 19 
18 18 18 18.125 19.1667 19.1667 19.1667 19.4 19.4 19.25 19.25 19.25 19.25 19.25 20.6667 20.6667 20.6667 20.6667 20 20 20 20 19 19 19 
18 18 18 18 19 19 18.5 18.5 18.5 18.5 18.8 18.8 18.5 18.3333 18.3333 18.5 18.5 18.5 18.5 18.5 18.5 21 
18 18 18 17 17 17 17 17 17 16.5 16.4 17.3333 17.3333 17.3333 17.3333 17 17 17 17 15 15 15 15 15 15 15 15 
18 18 18 18.5714 18.5714 18.5714 18.5714 18.5714 18 18 18.6 18.6 18.6 18.25 18.25 18.25 18.25 18.25 18.25 19 20 21 21 21 21 21 
18 18 18 18.5 19 19.1667 19.8 19.75 19.75 19.75 19.75 20.6667 20.6667 20 20 20 19 19 19 19 19 19 19 19 19 19 19 
18 18 18 18 18 18 18 17.5714 17.5714 17.5714 16.8333 16.8333 16.8333 16.8333 18 18 18.6667 18.6667 18.6667 18 18 18 18 18 17 17 17 17 
18 18 19 19 19 19 19 19 19.1667 19.1667 19.1667 19.1667 19.1667 19.1667 19.8 19.8 19.8 19.8 18.6667 19.5 19 19 19 19 19 19 
18 18 18 18 18.5 18.5 18 17.8333 17.8333 17.8333 17.8333 17.8333 17.8333 17.8333 17.4 17.4 18 18.3333 18.3333 18.5 21 21 21 21 21 
18 18 18 18 17.5 17.5 17.5 17.5 17.5 17.5 17.5714 17.1667 17.1667 17.1667 17 17 17 17 17 18.6667 18.6667 18.6667 18.5 18.5 18.5 16 16 16 
18 18 18 18 18 18 18.375 18.375 18.375 17.8571 17.8571 18.1667 19.5 19.2 19.75 20.3333 20.3333 21 21 21 21 21 20 20 20 20 20 20 
18 18 18 18 18 18 18 17.5 17 17 18 18 18 18 18.3333 18.3333 18.3333 18.3333 18 18 18 18 20 20 20 20 20 
18 18 18 18 18 17.875 17.875 18.2857 18.2857 19 19.6 19.6 19.6 19.6 18.3333 18.3333 18.5 18.5 18.5 18.5 18.5 18.5 18.5 18.5 17 17 
18 18 18.375 19.3333 19.3333 19.3333 20 20 20.5 20.5 20.5 20.5 20.5 20.5 20.5 21 20.5 20.5 20.5 20.5 20.5 20 20 20 20 
18 18 17.75 17.1429 17.1429 17 17 17 17 17 17 17 17 17 17 17.25 18 18 18 16.5 16.5 19 19 19 19 19 
18 17.5 18 18 18 18 18 18 18 18.1667 18.1667 17.8 17 16.6667 16.6667 17 17 17 17 15 15 15 15 15 15 15 15 15 
18 18 17.75 17.1429 17.1429 17.3333 17 17 17 17 16 16 16 16.6667 17.5 17.5 17 17 17 17 17 17 17 17 
18 18 18 19 19 19.1667 19.1667 19.1667 19.8 19.25 19.25 19.25 19.25 19.25 20 20 20 20 20 20 20 20 19 19 19 19 19 
18 18 18 19 19 19.5 19.5 19.5 19.5 19.5 19.5 19 18.5 18.5 18.5 18.5 18.6667 18.5 18.5 18.5 18.5 18.5 18.5 18.5 18.5 18.5 20 
18 18 18 18 18 18 18 18 18 18 18 18.5714 18.5 18.5 18.5 17.8 18.5 18.5 18.5 18.5 18.5 18.5 17.6667 17.6667 18 20 
18 18 17.75 17.1429 17.1429 17.1429 17.1667 17.1667 17 17 18.6667 18.6667 18.6667 18.6667 18.5 18.5 18.5 16 16 16 16 16 16 16 16 
18 18.25 18 18 16.6 16.6 16.6 16.6 16.6 16.6 16.5 16 17 17 17 17 19 19 19 
18 18 18 18 18 18 18 18 18 17.2857 16.8333 16.8333 16 16 16 15.5 15.5 15.5 15.5 15.6667 15.6667 16.5 16.5 16.5 16.5 17 17 17 
18 18.5 18.5 18.5 18.5 18.5 18.5 18.5 18.5 18.5 18.5 18.8571 18.8571 18.8571 18.8571 18.8571 18.8571 18.8571 18.3333 18.3333 18.6 18.6 18.6 18.5 19.6667 20.5 21 21 
18 17.875 17.875 17.875 17.875 17.875 17.2857 17.2857 17.2857 17.875 17.5714 17.5714 17.5714 17.5714 17.5714 17.5714 17.5 17.5 18.75 18.75 17.6667 17.6667 18 21 21 21 21 
18 18 18 18 17.5 17.5 17.5 17.5 17.5 17.5 17.5 17.5 17.5 17.4286 17.4286 17.4286 17.4286 16.8333 17.2 16.5 16.5 15.6667 15.6667 15.6667 16.5 17 17 
18 18 18 18 18 18 18 17.75 17.75 17.8571 18.5 19.2 19.2 19.2 19.2 19.25 17 17 17 17 17 17 17 16 16 
18 17.5 17.5 17.5 17.5 17.5 17.5714 17.5714 17.5714 17.5714 17.5714 17.5714 17.5 17.5 17.2 19 19 19 19 19 20.5 20.5 20.5 20.5 20.5 21 
18 18.25 18.25 18.25 18.25 18.25 17.1667 16.6 16.6 16.5 17 17 17 17 17 17 17 17 16 16 16 16 16 18 18 
18 18 19 19 19 19.5 19.5 19.5 19.5 20 20 20 20 19.75 19.75 19.75 19.75 19.75 19.75 19.75 19.75 19.75 19 18.5 18.5 18.5 18 
18 18 18 18 17.1429 17.6667 17.6667 17.6667 17.6667 17.6667 17.4 17.4 17.4 16.5 17 16.5 16.5 16.5 16.5 16.5 16 
18 18 18.5 18.8571 18.8571 18.8571 18.8571 18.8571 18.8571 19 18.4 18.75 18.75 18 19.5 19.5 19.5 19.5 19.5 19.5 19.5 19.5 20 20 20 20 20 20 
18 18 18 17 17 17 16.6667 16.6667 16.6667 17 17 17 17.25 17.25 18.3333 19 19 19 19 19 19 18 18 18 
18 18 18 18 18.25 18.25 19.5 19.5 19.5 19.5 19.5 19.5 19.5 19.5 19.6 19.5 20 19 19 19 17 17 17 
18 18 18 18 18 18 18 18 18 17.625 17.625 17.625 17.2857 16 15.75 15.75 15.75 15.75 16 17 17 17 17 17 17 18 18 18 
18 18 17.8571 17.8571 18 18 18 18 18 18 18 18 17.2 17.2 17.2 17.2 17.5 17.5 17.5 16.3333 16.3333 16.3333 16.3333 17.5 17.5 17.5 20 
18 17.875 17.875 17.8571 17.8571 18.5 18.5 18.5 18.5 18.5 18.2 19 19.6667 19.6667 16 16 16 16 16 16 16 16 16 16 16 16 16 
18 17.875 17.875 17.875 17.875 17.875 17.875 17.875 16.6667 16.6667 16.6667 16 16 16 16.25 16.25 16.25 16.25 16.25 16.25 16.25 16.25 17 17 17 16 
18 18 18 18.2857 18.2857 18.2857 18.2857 18.2857 18.2857 17.2 17.2 17.2 17.2 17.2 18 17 17 16.25 15.3333 15.3333 15.5 15.5 15.5 15.5 17 
18 18 17.75 17.8571 17.1667 17.1667 17.1667 17 18.6667 18.6667 18.6667 18.6667 18.6667 18.6667 18.6667 17.5 17.5 17.5 17.5 17.5 19 19 19 19 19 19 
18 18 18 19 19 19 19 18.6667 18.6667 18.6667 19 19 19.75 19.75 19.75 19.75 19 19 19 18.5 18.5 18.5 18 18 18 18 
18 18 18 18 18 17.875 17.2857 17.2857 17.3333 17.3333 18 18 18 18 17.25 17.25 17 17 17 17 17 17 17 17 17.5 17.5 17.5 15 
18 17 17 17 17 16.5 16.5 16.6 16.5 16.5 16.5 17.3333 17.3333 17.3333 17.3333 16.5 16.5 16.5 16.5 16.5 16.5 15 15 15 15 15 15 
18 18 18 18 18 18 17.75 17.75 18.8333 18.8333 18.2 17.5 17.5 17.5 17.5 17.5 17.5 17.5 17.6667 17.6667 17.6667 17 18 18 18 
18 18 18 18 18 18 18 18 18 17.5714 16.8333 16.8333 17.4 17 16 16.5 16 16 16 16 
18 18 18 18 18 18 18.25 18.25 18.1429 19.2 19.2 17.6667 17.6667 17.6667 17.6667 17.6667 17.6667 17.6667 16.5 15 15 15 15 15 15 15 15 
18 18 18 17.75 17.75 17.75 17.5714 16 16 16 16 16 16 16 16 16 16.25 16.3333 17.5 17.5 17.5 17.5 17.5 17 
18 18 18 18 17 17 17 17 17 17.3333 17.6 17.6 18.5 19 19 19.5 19.5 19.5 19.5 19.5 19.5 19.5 19.5 19 19 
18 18 18 18.125 18.125 17.7143 18.3333 18.3333 18.3333 18.3333 18.3333 18.3333 18.3333 19 19 19 18.75 18.75 18.75 18.75 18.75 17.6667 17 17 18 18 
18 18 18 18 18 18 17.1429 17.1429 17.1429 17.1429 16.8333 16.6 16.6 16.6 16.6 16.5 16.5 16.5 17.3333 18.5 16 16 16 16 16 16 16 
18 18 18.125 18.125 18.125 17.8571 17.8571 17.8571 17.8571 17.8571 18.3333 18.2 18.2 18.2 18.2 18.2 18.25 17.3333 22 22 22 
18 17.75 17.75 17.1429 17.1429 17.1429 17.6667 17.6667 17.6667 18 18 18 18 18 18 18 18 17.75 17.75 17.6667 17.6667 17.6667 17.6667 16 16 16 16 15 
18 18 18 18 18 18 18 18 18 17.8571 17.8571 17.1667 17.1667 17.1667 17.1667 17.2 17.2 16.5 15 15.5 15.5 15.5 15.5 15.5 15.5 15 
18 18 18 18 19 19 18.6 18.6 18.6 19.25 19.25 19.25 19 19 19 19.5 22 22 
18 18.375 19 19 19 19 19 19 19 19 19 19 18.6667 18 18 17.75 18.3333 18.5 18.5 18.5 18.5 18.5 18.5 18.5 20 20 
18 18.5 19 19 19 19 19 19 19 19 19 18.8333 18.8333 18.8333 18.8333 18.2 18.2 17.5 17.5 17.5 17.5 17.3333 17.5 17.5 19 19 19 19 
18 18 17.875 17.875 17.875 17.2857 17.2857 17.6667 17.8 17.8 17.25 17.25 17.25 17.25 17.6667 19.5 19.5 19.5 19.5 19.5 18 
