2 2 2 2 2 2 2 2 2 2 2 2 2 2 2 2 2 2 2 2 2 2 2 2 2 2 2 2 2 2 2 2 2 2 2 2 2 2 2 2 2 2 2 2 2 2 2 2 2 2 2 2 2 2 2 2 2 2 2 2 2 2 2 2 2 2 2 2 2 2 2 2 
2 2 2 2 2 2 2 2 2 2 2 2 2 2 2 2 2 2 2 2 2 2 2 2 2 2 2 2 2 2 2 2 2 2 2 2 2 2 2 2 2 2 2 2 2 2 2 
2 2 2 2 2 2 2 2 2 2 2 2 2 2 2 2 2 2 2 2 2 2 2 2 2 2 2 2 2 2 2 2 2 2 2 2 2 2 2 2 2 2 2 2 2 2 2 2 2 2 2 2 2 2 2 2 2 2 2 2 2 2 2 2 2 2 2 2 2 2 2 2 2 2 2 2 
2 2 2 2 2 2 2 2 2 2 2 2 2 2 2 2 2 2 2 2 2 2 2 2 2 2 2 2 2 2 2 2 2 2 2 2 2 2 2 2 2.1 2.15 2.15 2.15 2.2 2.25 2.2 2.2 2.2 2.25 2.25 2.25 2.3 2.3 2.35 2.35 2.35 2.45 2.5 2.5 2.6 2.55 2.55 2.55 2.65 2.65 2.75 
2 2 2 2 2 2 2 2 2 2 2 2 2 2 2 2 2 2 2 2 2 2 2 2 2 2 2 2 2 2 2 2 2 2 2 2 2 2 2 2 2 2 2 2 2 2 2 2 2 2 2 2 2 2 2 2 2 2 2 2 2 2 2 2 2 2 2 2 2 2 2 2 2 2 2 2 2 2 2 2 1.95 2 2 2 2 2 2 2 2 2 2 
2 2 2 2 2 2 2 2 2 2 2 2 2 2 2 2 2 2 2 2 2 2 2 2 2.05 2 2 2 2 2 2 2 2 2 2 2 2 2 2 2 2 2 2 2 2 2 2 2 2 2 2 2.05 2.05 2.05 2 2 2.05 2.05 2.55 4.25 4.3 4.3 4.55 4.75 4.75 4.8 4.95 5 5.1 5.15 5.2 5.2 5.2 5.25 5.3 5.3 5.4 5.4 5.5 5.5 5.45 5.5 5.5 5.5 5.55 5.6 5.6 5.6 5.6 5.65 5.6 
2 2 2 2 2 2 2 2 2 2 2 2 2 2 2 2 2 2 2 2 1.95 1.95 1.95 1.95 2 2 2 2 2 2 2 2 2 2 2 2 2 2 1.95 1.95 1.95 1.95 1.95 1.95 1.95 1.95 2 2 1.95 1.95 1.95 1.95 1.95 1.95 1.95 2 2 2 2 2 2 2 1.95 2 1.95 1.95 1.95 1.95 1.95 1.95 2 2 2 2 2 2 2 1.95 1.95 1.95 1.95 1.95 1.95 1.95 1.95 1.95 1.95 2 2 2 2 1.95 1.95 1.95 1.95 1.95 1.95 1.95 1.95 1.95 1.95 1.95 1.95 1.95 1.95 1.95 1.95 2 2 2 2 2 2 2 1.95 1.95 1.95 1.95 1.95 2 2 2 1.95 1.95 1.95 1.95 1.95 1.95 1.95 2 2 1.95 1.95 2 2 
2.05 2.1 2.1 2.15 2.35 2.35 2.35 2.35 2.3 2.35 2.35 2.35 2.3 2.3 2.35 2.3 2.35 2.3 2.35 2.3 2.3 2.3 2.35 2.4 2.4 2.4 2.4 2.35 2.35 2.35 2.4 2.35 2.35 2.35 2.35 2.35 2.35 2.35 2.35 2.35 2.35 2.4 2.4 2.4 2.4 2.4 2.3 2.3 2.3 2.3 2.3 2.35 2.35 2.35 2.35 2.35 2.45 2.45 2.45 2.45 2.45 2.45 2.45 2.45 2.45 2.45 2.45 2.45 2.5 2.5 2.5 2.5 2.5 2.55 2.55 2.55 2.55 2.55 2.55 2.55 2.55 2.55 2.7 2.7 2.7 2.65 2.65 2.65 2.65 2.65 2.65 2.65 2.7 2.65 2.65 2.7 2.7 2.65 2.6 2.5 2.5 2.55 2.55 2.55 2.55 2.55 2.55 2.5 2.5 2.5 2.5 2.55 2.55 2.55 2.55 2.55 2.4 2.3 2.25 2.25 2.25 2.25 2.25 2.25 2.25 2.25 2.25 2.2 2.1 2 2 2 2 2 2 2 2 2 2 2 2 2 2 2 2 2 2 1.95 1.95 1.95 1.95 1.95 1.95 1.95 2 2 2 2 2 2 2 2 2 2 2 2 1.95 1.95 1.95 1.95 2 2 
2.1 2.1 2.1 2.1 2 2 2 2 2 2 2 2 1.95 1.95 1.95 1.95 1.95 1.95 1.95 1.95 1.95 1.95 1.95 1.95 2 2 2 1.95 1.95 1.95 1.95 1.9 1.95 1.95 1.95 1.95 1.95 1.95 1.95 1.95 1.95 1.95 1.9 1.9 1.9 0.35 26.7 26.7 26.7 26.7 26.7 26.7 26.7 26.65 26.65 26.65 26.65 26.65 26.6 26.6 26.6 26.6 26.6 26.6 26.6 26.6 26.55 26.55 26.55 26.5 26.55 26.5 26.5 26.4 26.4 26.4 26.4 26.4 26.4 26.4 26.35 26.35 26.4 26.4 26.4 26.4 26.4 26.4 26.4 26.4 26.45 26.4 26.4 26.4 26.4 26.4 26.4 26.4 26.4 26.45 26.45 26.45 26.45 26.45 26.4 26.4 26.4 26.4 26.45 26.45 26.45 26.45 26.45 26.4 26.45 26.4 26.4 26.4 26.4 26.4 26.4 26.4 26.4 26.4 26.4 26.4 26.4 26.4 26.45 26.45 26.4 26.4 26.4 26.4 26.35 26.35 26.4 26.4 26.4 26.35 26.35 26.35 26.35 26.35 26.35 26.35 26.4 26.4 26.4 26.4 26.4 26.35 26.4 26.4 26.4 26.3 26.3 26.35 26.35 26.35 26.35 26.3 26.3 26.3 26.25 26.25 26.25 26.2 26.2 26.25 26.25 26.25 26.25 
2.1 2.1 2.05 2.1 2 2 2 2 2 2 2 2 2 2 2 2 2 2.05 2.05 2.05 2.05 2.05 2.05 2 2 2 2 2 1.95 1.95 1.95 1.95 1.95 2 2 2 1.95 1.95 1.95 1.95 1.95 1.95 1.95 1.95 1.95 1.95 1.95 1.95 1.95 1.95 1.95 1.95 1.95 1.95 1.95 1.95 1.95 1.9 1.9 1.95 1.95 1.95 1.95 1.95 1.95 1.95 1.95 1.95 1.95 1.95 1.95 1.95 1.95 2 2 2 2 2 1.95 1.95 2 2 2 1.95 1.95 1.95 2.05 2.05 2.05 2.05 2.05 2.1 2.05 2.05 2.05 2.05 2.05 2.05 2.05 2.05 2.05 2.1 2.1 2.1 2.1 2.1 2.05 2.05 2.05 2.05 2.05 2.05 2.1 2.1 2.1 2.05 2.15 2.7 2.95 2.95 2.9 2.9 2.9 2.9 2.95 2.95 3.05 3.05 3.05 3 3 3 3 3 3 3 3 3.1 3.25 3.25 3.25 3.25 3.25 3.25 3.3 3.3 3.75 3.8 3.8 3.85 3.85 3.85 3.85 3.8 3.6 2.25 2.15 2.15 2.2 2.2 2.2 2.1 2 
