2.5 2.5 2.5 2.5 2.5 2.5 2.5 2.57143 2.57143 2.5 3 2.25 2.25 2.25 2.25 1.66667 2 2 2 2 27 27 27 27 
2 2 2 2 1.75 1.71429 2.33333 3 3 2.25 2.25 2.66667 2.66667 2.66667 4 4 3 3 3 3 3 3 3 3 
2 2 2 2 2 2 2 2 2 1.75 1.75 2.28571 2.28571 2.33333 2.33333 2.33333 2.33333 3 2.25 2.25 2.25 2.25 2.66667 2.5 0 0 0 
2 2 2 2 2 2 2 2.25 2.25 3.5 3.5 3.5 4 4.25 4.33333 3.5 3.5 2 
2 2 1.875 1.875 1.28571 1.28571 1.28571 1.16667 1.16667 1.16667 1.16667 1.16667 0.4 0.5 0.5 0.5 0.5 0.5 1.33333 1.33333 1.33333 2.5 2.5 4 
2 2 2 2 2 2 2 2 2 2 2 2.14286 2.14286 2.14286 2.83333 2.83333 2.83333 2.83333 2.83333 2.2 2.2 2.2 1.5 1.5 1 1.5 4 
2 2 1.625 1.625 1.625 1.625 1.625 1.625 1 0.5 0.5 0.5 0.5 1 0.75 0.75 1 1 1 1 1 1 1 3 3 3 3 3 
2 1.875 1.875 1.875 1.875 1.875 1.875 2.42857 2.16667 1.4 0.5 0.5 0.5 0 0 0 0 0 0 0 27.5 27.5 27 
2 3 3 3 3 3 3 3.5 3.4 3.4 3.4 3.4 3.75 3.75 3.75 3.75 4 4 4 1 1 1 1 1 1 1 
2 2 2 2 3 3 3 3 3 3 3 3 3.8 4 4 4 4 4 4 4 4 4 5.5 5.5 5 
2 2 2.14286 2 2 2 2 2 2 3.75 3.75 3.75 3.75 3.75 3.75 3.75 3.75 3.66667 2.5 2.5 2.5 2.5 2.5 2.5 0 0 
2 1.75 2 2 1.83333 1.83333 1.83333 1.83333 0 27.6667 27.6667 27.6667 0.5 0.5 0.5 0.5 0.5 0.5 0.5 0.5 0.5 27 27 27 27 27 27 27 
2 2 2 2 2 3.16667 3.8 3.8 3.8 3.8 3.8 3.5 3.5 3.5 3.5 2.5 2.5 2.5 2.5 2.5 2.5 1 1 
2 2 2.25 2.25 2.85714 2.85714 3 3 3 3 3 3 3 3 3 2.6 3.5 3.5 3.5 3.5 3.66667 3.66667 5 4 4 
2 1.625 2 2 2 2.16667 2.16667 2.16667 3 3 3 3 3 3 3.75 3.75 3.75 4.33333 3.5 3.5 3.5 3 3 3 3 3 3 3 
2 1.75 1.85714 1.85714 1.85714 1.85714 1.85714 1.85714 1.85714 1.85714 1.16667 1.16667 1.16667 1.8 2.5 2.5 2.33333 2.33333 2.33333 1 2 2 2 2 
2 2 2 2 3 2.66667 2.8 2.8 2.8 1.33333 1.33333 2 2 2 2 1 1 1 1 1 1 1 1 1 1 1 1 
2 1.75 1.14286 1.14286 1.16667 1.16667 1.16667 1.16667 0.4 0.4 27.75 27.75 27.75 27.75 27.75 27.75 27.75 27 27 27.5 27.5 27 27 27 27 
2 2.125 2 2 2 2 2 2 2 2.66667 2.66667 2.66667 2.66667 2.4 0.333333 0.333333 0.333333 1 1 1 1 1 1 0 0 0 0 0 
2 1.75 1.75 1.75 2 2 2 2 2.8 2.8 2.8 2.8 2.8 2.75 4 5.5 5.5 5.5 5 5 5 5 5 5 5 
2 2 2 2.5 2.57143 2.57143 2.57143 2.57143 2.57143 2.57143 2.57143 2.57143 2.57143 2.57143 2.57143 2.57143 2.57143 2 2 2.6 2.6 2.6 2 2.66667 2.5 1 
2 2 2 3 3.5 3.5 3.6 3.6 3 3 3.33333 3.33333 3.33333 3.33333 3 3 3 3 5 5 5 5 5 5 5 5 
2 2 2 2 2 2 2 1.625 1.625 1.625 1.625 1.625 1.625 1.625 1.42857 0.666667 0.666667 0.666667 0.4 0.4 1.66667 1.66667 1.66667 1.66667 2.5 2.5 2.5 4 
2 1.75 2.28571 2.28571 2.28571 2.33333 2.8 2.75 2.75 2.75 2.75 2.75 2.75 2.75 1.66667 1.66667 2 2 2 5 5 5 5 
2 2.125 2.125 2.125 2.125 2.125 1 1 1 1 1 1 1 1 1 1 0.8 0.8 2 2 2 2 2 2 2 1.5 4 
2 2 2 2 2 2 1.71429 1.71429 1.71429 1.71429 1.83333 1.83333 1.83333 1.83333 2.4 4.66667 4.66667 4.66667 4.66667 4.66667 4.66667 4 4 4 3 3 3 
2 2 2 2 2 1.5 1.5 1.57143 1.57143 1.57143 2.16667 2.16667 2.16667 2.16667 2.8 2.8 2.75 2.75 2.75 2.75 3 3 3 3 3 2 2 0 
2 1.875 1.875 1.875 1.875 2 2 2 0.25 0.25 0.25 0.25 0.25 0.25 0.333333 0.333333 0.333333 0.333333 1.5 27 27 27 27 
2 2 2 2 2 2 3 3 3 3 3 3 3 3 3 3.5 3.6 3.6 3.6 3.6 4.25 4.25 4.25 4.25 4.25 5 4.5 4 
2 1.75 1.75 1.75 1.75 1.75 1.75 1.71429 1.71429 1.83333 1.6 1.6 3.33333 3.33333 3.33333 3.33333 3.33333 3.33333 3.33333 3.33333 2.5 2.5 2.5 6 6 6 
2 3 3 3 3 3 3 3 3 2.4 2.4 2.4 2.4 2.4 3 3 3.66667 3.66667 3.66667 3.66667 3.66667 3.66667 4.5 5 5 5 5 5 
2 2.25 2.25 2.25 2.25 2.85714 2.85714 2.85714 2.85714 3.5 3.5 3.5 3.4 3.4 3.5 1.5 1.5 1.5 1.5 1.5 1.5 2 2 2 2 2 2 2 
2 1.75 1.75 1.75 1.75 1.85714 1.85714 1.85714 1.85714 1.85714 1.85714 1.85714 2.5 2.4 1.75 1.75 1.75 2.66667 2.66667 2.66667 2.66667 2.66667 4 4 4 2 2 
2 1.625 1.625 1.625 0.666667 0.8 0.8 0.8 0.8 0.8 1.5 1.5 0.666667 0.666667 0 27 27 27 27 27 27 27 27 27 27 
2 2.5 3 3 3 3 3 3 2.66667 2.66667 2.66667 2.66667 3.2 2.5 2 2 2 2 2 2 2 2 3 3 3 3 3 3 
2 2 1.875 1.875 2.42857 2.42857 1.83333 1.2 1.2 1.2 1.2 1.2 1 1 1 1 1 1 1 1 1 1.66667 1.66667 1.66667 1.66667 2.5 2.5 4 
2 1.5 1.5 1.42857 1.16667 1.16667 0.6 0.6 0.6 27.5 27.5 27.5 27.5 0.5 0.5 0.5 0.5 1 
2 2 2 2.125 2.125 2 2 2 2 2 2.66667 2.66667 2.8 2.8 2.8 2.8 1 1 1 1 1 1 1 1 27.5 27.5 27 
2 2 2 1.57143 1.57143 0.4 1 1 1 1.66667 1.66667 1.66667 1.66667 1.66667 1.66667 1.66667 2.5 2.5 2.5 1 1 1 1 1 1 1 
2 2 2 2 2.125 2.125 1.57143 1.57143 2.6 2.6 2.6 2.75 2.33333 2.33333 2.33333 2.33333 2.33333 2.33333 2.33333 2.33333 1 27 27 27 27 
2 1.625 1.625 1.625 1.625 2.14286 2.14286 2.5 2.5 1.8 1.8 1.8 1.8 1.8 1.8 1.8 1.8 1.8 1.75 1.75 2 1.5 1.5 4 4 
2 2.125 2.71429 2.5 3.2 3.2 3.2 3.2 3.2 3.2 3.5 3.5 3.5 3.5 3.5 3.5 3.5 3.5 2.66667 2.66667 2.66667 1.5 1.5 1.5 1.5 3 
2 2 2 2 2 2 2 2 2 2 2 3 3 3 2.5 2.5 2.4 2.4 2.4 1.75 1.75 2.33333 2.33333 2.33333 3 3 3 2 
2 1.75 1.75 2.83333 2.83333 2.83333 3.4 3.4 3.4 3.4 3.4 3.5 3.5 3.5 4.33333 4.33333 2 2 2 2 2 2 2 2 2 2 2 
2 2 2 2.375 2.375 2.375 2.375 2 1.33333 1.33333 1.33333 1.33333 1.2 1.2 1.2 1.2 1.2 1.2 0.75 0.75 0.666667 0.666667 27 27 27 27 
2 2 2 2 1.5 1.71429 2.33333 2.33333 3 3 3 3 3 2.75 2.75 2.75 2.75 2.75 3 3 5 5 5 5 5 
2 2.5 2.85714 2.85714 2.85714 2.85714 2.85714 2.85714 2.85714 2.85714 2.85714 2.66667 2.66667 1.25 1 1 1 1 1 0 0 0 0 27 27 27 
2 2 3 3 3.5 3.4 3.4 3.4 3.5 2.66667 3.5 3.5 3.5 3.5 3.5 3.5 3.5 3.5 3.5 3.5 3.5 5 5 5 5 5 
2 2 2 2 2 1.5 1.5 1.28571 0.666667 0.666667 0.666667 0.666667 0.666667 0.4 0.4 0.4 0.5 0.5 0.5 0.333333 1.5 1.5 1.5 1.5 1.5 1.5 27 
2 2.125 2 2 3.4 3.4 3.4 3.4 3.4 3.4 3.4 3.4 3.4 3.4 3.4 3.4 3.4 4.25 4.25 3.66667 3.66667 3.66667 3.66667 3 3 4 4 4 
2 2 2 2 3 3.4 3.4 3.4 3.4 3.25 3.25 2.33333 2.33333 2 2 2 2 2 2 5 5 
2 2 1.625 1.625 1.71429 1.71429 1.71429 1.71429 1.71429 1.71429 1.71429 1.71429 1.71429 1.71429 1.71429 1.66667 1.66667 1.66667 1.66667 1.66667 0 27 27 27.5 27.5 27.5 0 0 
2 2 2 2 2.85714 2.85714 2.85714 2.5 2.5 2.5 2.5 2.5 2.5 2.5 2.5 2.6 2.6 2.6 2.6 2.5 2.5 3.66667 2.5 4 
2 1.625 2 2.66667 2.66667 2.66667 2.66667 2.66667 2.4 2.4 2.4 2.4 1.5 1.5 1.5 1.5 1.5 1.5 1.5 1.5 1.5 1.5 1.33333 1.33333 0.5 1 1 
2 2 2 2 2 2 1.75 0.833333 0.833333 0.833333 0.833333 0.833333 1.4 1.75 1.75 1.75 1.75 1.75 1.75 0.666667 0 1 1 
2 2 2.57143 2.57143 2.57143 2.57143 2.57143 2.57143 2.57143 2.57143 2.57143 2.57143 2.57143 2.57143 3.16667 3.2 3.2 3.2 3.75 3.75 3.33333 3.33333 3.33333 0 0 0 0 0 
2 2 2 2 2 2.5 2.5 2.5 2.5 2.5 2.71429 2.66667 2.66667 2.66667 2.66667 2.66667 1.5 1.5 1.5 2.33333 2.33333 2.33333 1 1 1 1 2 2 
2 2.25 3.16667 3.16667 3.16667 3.16667 3.16667 2.6 2.6 2.6 2.6 2.6 2.6 2.6 2.6 2.6 2.5 2.5 2.5 2.5 2.66667 2.66667 2.66667 1.5 27 27 27 
2 2 2.125 2.125 2.125 2.125 2.125 2.125 1.85714 1.85714 1.85714 2.16667 2.16667 2.16667 2.16667 0.5 0.5 2.5 2.5 2.5 2.5 2 2 2 2 2 
2 2 2 2.375 3 3 3 3 3 2.66667 2.4 2.4 2.4 2.4 2.4 1.5 1 1 1 1 1 1.5 1.5 1.5 1.5 2 2 2 
2 2 2 2 3 3.5 3.5 3.5 3.5 3.5 3.5 3.2 3.2 3 3 3 2 2 2.5 3 3 3 3 3 3 3 
2 2 2 2 2 2 2.25 2.25 2.25 2.25 2.25 2.25 3.5 3.4 3.4 2.75 2.75 2.75 2.75 2.75 3 3 3 3 4 4 4 3 
2 2 2 2 2 2 1 1 0.666667 0.666667 0.8 1.5 1.5 1.5 1.66667 1.66667 1.66667 1.66667 1.66667 0.5 2 2 2 
2 2 1.625 1.625 1.625 1.625 1.42857 1.42857 0.666667 0.666667 0.666667 1.2 1.25 1.25 1.25 1.25 1.25 1.25 1.25 2 2 2 2 2 0 0 
2 2 1.75 1.75 1.75 2 2 2 2 2 2 2 1.83333 1 1 2.66667 2.66667 2.66667 2.66667 2.66667 2.66667 2.66667 3.5 5 5 5 5 
2 2 2 2 2 1.625 1.625 1.625 1.42857 1.33333 1.33333 1.33333 1.33333 1.33333 0.4 0.4 0.4 0.4 0.4 27.5 27.5 27.5 27.5 27 27 27 27 
2 3 3.16667 3 2.5 2.5 1.33333 1.33333 1.33333 1.33333 1.33333 1.33333 1.33333 1.33333 1.5 1.5 1.5 0 
2 2 2 2 2.85714 2.85714 2.85714 2.85714 2.83333 2.83333 2.83333 2.83333 3.6 3.6 4.25 5 5 5 5 5 5 5 5.5 5.5 5.5 5 5 5 
2 3 3 3 3 3 3 3 3 3.16667 3.16667 3.6 3.6 3.6 3 3 3 3 2.33333 2 0 0 0 0 
2 1.875 1.875 1.875 1.875 1.875 1.85714 2 3.75 3.75 3.75 3.75 3.75 3.75 3.75 3.75 5 5 5 5 4 
2 1.75 1.75 1.75 1.75 1.75 1.75 1.75 1.75 1.75 1.14286 1.14286 1.14286 1.66667 2.2 1.5 1 1 1 1 1 0.5 0.5 0.5 0.5 0.5 1 1 
2 2 2.125 2.125 2.125 2.125 2.125 2.125 3.16667 3.16667 3.16667 3.16667 3.16667 3 3 4 4 4 4.33333 4.33333 4.33333 4.33333 4.33333 2 2 2 2 
2 2.5 2.5 2.5 2.5 2.57143 2 2 2 2 2 2 2 1.6 2.25 2.66667 4 4 4 3 3 3 3 3 
2 2 1.75 2.28571 2.28571 2.28571 2.33333 2.33333 2.33333 2.33333 2.33333 2.33333 3 3 3 2.5 1.33333 1.5 1.5 1.5 1.5 1.5 0 0 0 0 0 0 
2 2 2 2 2 2 2 2 2.375 2.375 2.375 2.375 3 3 3.16667 3.2 2.5 2.5 2.5 3 3 4.5 4.5 4.5 5 5 5 
2 2 2 2 2 1.75 1.75 2.83333 2.83333 2.4 3 3.33333 3.33333 3.33333 3.5 3.5 3.5 3.5 3.5 3.5 1 1 
2 2 2 2 2 2 1.42857 1.16667 1.16667 1.16667 1.16667 1.16667 2.5 2.5 2.5 2.5 2.5 2.5 3.33333 3.33333 3.33333 3.33333 3.33333 3.33333 3 3 1 
2 2 2 2 2 2.125 2.71429 2.71429 2.71429 2.71429 2.33333 2.33333 2.33333 2.2 2.2 2.2 2.2 1.25 1.25 1.25 1.25 1.25 1.25 1.25 2 2 0 0 
2 2 2.5 2.5 2.5 2.5 2.5 2 1.5 1.5 1.6 1.6 1.6 1 1 1 1 0.333333 0.333333 0.333333 0.333333 1 1 1 1 1 0 0 
2 2 2 1.75 1.75 1.75 1.85714 2.16667 2.16667 2.16667 2.16667 1.4 2.25 2.25 2.25 2.25 2.25 1.33333 1.33333 1.33333 1.33333 1.33333 1.33333 1.33333 0.5 0.5 27 27 
2 2 1.5 2 2 2 2 2 2 2 2 1.5 1.2 1.2 1.2 1.2 1.2 1.2 1.2 1.25 1.66667 1.66667 1.66667 1.66667 1.5 27 27 27 
2 2 2 2 2 2 2 2 2 2 2 2 2 2.57143 2.83333 2.4 2.4 2.4 2.4 3.25 3.25 4.33333 4.33333 3 3 3 3 3 
2 2 1.875 1.875 1.875 1.85714 1.85714 1.85714 1.85714 1.85714 1.85714 2.16667 0.75 0.75 0.75 0.75 0.75 0.75 0.75 0.75 0.75 0.666667 0.666667 0.666667 0.666667 0.666667 5 
2 3 3 2.83333 3.4 3.75 3.75 3.75 3.75 3.75 3.75 3.75 3.75 4 3 3 3 3 5 
2 2.5 2.5 3 3 3 3 3 2.4 1.75 1.75 1.66667 1.66667 2.5 2.5 2.5 2.5 2.5 2.5 2.5 4 4 4 
2 2 2 2 2.125 2.71429 2.83333 2.83333 3.6 3.6 3.75 3.75 3.75 3.75 3.75 3.75 3.75 3 3 3 3 3 3 3 2 4 4 
2 2 2 2 2 1.5 1.5 1.5 1.71429 1.71429 1.71429 1.71429 1.71429 6.83333 6.83333 7.8 9.5 9.5 11.3333 11.3333 4 3 3 3 3 3 
2 2 2 2.25 2.85714 2.5 2.5 2.5 3.2 3.2 3.2 3.2 3.2 3.2 2.5 2.5 2 2 2 2 2 2 2 1.5 1.5 2 
2 1.625 1.625 1.625 1.625 1.625 1 0.5 0.5 0.4 0.4 0.4 0 1.5 0 0 0 0 
2 1.625 1.625 1.625 2.14286 2.14286 2.33333 2.33333 3 3 3 3.25 2.33333 2.33333 2.33333 2.33333 2 2 4 
2 2 2 2 2 2 2 2 1.875 1.875 2.42857 2.42857 2.42857 2.42857 2.5 1 1 1 1 1 27.5 27.5 27 
2 2 1.75 1.75 1.75 1.75 1.75 2 2 2 0.6 0.6 0.6 0.6 0.6 1.25 0.666667 0.666667 0.666667 0.666667 0.666667 0.666667 0.666667 0 0 1 
2 2.5 2 2 2 2.2 2.2 2.2 2.2 2.2 2 2 2 2 2 1.33333 27.5 27.5 27.5 27.5 27.5 27.5 27.5 27.5 27.5 27.5 0 0 
2 2 2.5 2.5 2.5 2.5 2 2.33333 2.33333 2.33333 2.33333 2.33333 2.33333 2.4 1.75 1.75 1.33333 1.33333 1.33333 1.33333 1.33333 2.5 2.5 2.5 2.5 4 
2 2 2.25 2.25 1.85714 2.5 2.5 2.5 2.5 2.6 1 2 2 2 2 2 2 2 2 2 2 2 2 3 3 
2 2 1.875 1.875 1.28571 1.83333 1.83333 2.4 2.4 2.4 2.4 3 3 3.66667 3.66667 3.66667 3 3 3 3 2 
2 2 2 2 1.5 1.71429 3 3 3.5 3.5 3.5 4 4 4 4 4 4 4 4 4 4 4 4 4 4 3.5 3.5 4 
2 1.75 1.75 1.75 1.85714 1.85714 1.85714 1.85714 1.85714 1.16667 1.6 1.25 1.25 1.25 1.25 1.25 2.33333 2.33333 2.33333 3.5 3.5 5 5 5 5 5 5 
2 2.5 2.5 2.5 2.85714 2.85714 2.85714 3 3 3 3 3 3.4 3.4 3.4 3.4 3 3 3 3 2.66667 2.66667 2.66667 1 1 1 27 27 
2 2 1.625 1.625 1.625 1.57143 2 2 2 1.2 1.2 1.2 2.66667 3.5 3.5 3.5 3.5 4 4 4 4 4 4 4 4 4 
