21.5 22 22 22 22 22 22 22 22 22 22 22 22 22 22 22 22 22 22 22 
21.5 22 22 22 22 22 22 22 22 22 22 22 22 22 22 22 22 22 22 22 
21.5 22 22 22 22 22 22 22 22 22 22 22 22 22 22 22 21.5 22 22 22 21.5 
21.5 21.5 21.5 21.5 22 22 22 22 22 22 22 22 22 22 22 22 21.5 21.5 22 22 21.5 22 
21.5 21.5 22 22 22 22 22 22 22 22 22 22 22 22 21.5 21.5 21.5 21.5 21.5 22 
21.5 21.5 21.5 22 22 22 22 22 22 22 22 22 22 21.5 21.5 21.5 21.5 21.5 21.5 21.5 21.5 22 21.5 22 22 22 
21.5 21.5 21.5 22 22 22 22 22 22 22 22 22 22 22 21.5 21.5 22 22 22 22 22 
21.5 21.5 21.5 21.5 21.5 22 22 22 22 22 22 22 22 21.5 21.5 22 22 21.5 22 
21.5 21.5 21.5 22 22 22 22 22 22 22 22 21.5 22 22 
21.5 21.5 21.5 22 22 22 22 22 22 22 22 22 22 22 22 21.5 21.5 21.5 22 22 22 
21.5 21.5 21.5 21.5 22 22 22 22 22 22 22 22 22 22 21.5 21.5 22 22 22 22 
21.5 21.5 21.5 21.5 22 22 22 22 22 22 22 22 22 22 22 22 21.5 21.5 22 22 22 22 
21.5 21.5 21.5 22 22 22 22 22 22 22 22 22 22 21.5 21.5 22 22 22 22 
21.5 22 22 22 22 22 22 22 22 22 22 22 22 22 22 21.5 21.5 21.5 22 22 22 22 22 22 22 
21.5 21.5 21.5 21.5 21.5 22 22 22 22 22 22 22 22 22 22 21.5 22 22 22 22 
21.5 21.5 21.5 22 22 22 22 22 22 22 22 22 22 22 22 22 22 21.5 21.5 21.5 21.5 21.5 22 22 
21.5 21.5 21.5 21.5 21.5 22 22 22 22 22 22 22 22 22 22 22 22 22 22 22 22 22 22 22 22 
21.5 21.5 21.5 22 22 22 22 22 22 22 22 22 22 22 21.5 21.5 22 22 22 
21.5 21.5 21.5 21.5 22 22 22 22 22 22 22 21.5 22 22 22 
21.5 21.5 21.5 21.5 22 22 22 22 22 22 22 22 22 22 21.5 21.5 22 22 22 
21.5 21.5 21.5 22 22 22 22 22 22 22 22 22 22 22 22 22 21.5 22 22 22 22 
21.5 22 22 22 22 22 22 22 22 22 22 22 21.5 21.5 21.5 21.5 21.5 22 22 22 21.5 
21.5 21.5 21.5 22 22 22 22 22 22 22 22 22 22 22 22 21.5 21.5 22 22 22 22 
21.5 21.5 21.5 22 22 22 22 22 22 22 22 22 22 22 21.5 22 22 22 
21.5 21.5 21.5 21.5 21.5 22 22 22 22 22 22 22 22 22 21.5 22 22 22 22 
22 22 21.5 21.5 22 22 22 22 22 22 22 22 22 22 21.5 21.5 22 22 22 
22 22 22 22 22 22 22 22 22 22 22 22 22 22 22 22.5 22.5 22 22.5 
22.5 22.5 22.5 22.5 22 22 22 22 22 22 22 22 22 22.5 22 
22.5 22.5 22.5 22 22 22 22 22 22 22 22 22 22 22 22.5 22 22 22 22 22 
21.5 21.5 21.5 21.5 22 22 22 22 22 22 22 22 22 22 22 
21.5 21.5 21.5 22 22 22 22 22 22 22 22 22 22 22.5 22.5 22.5 22 22 22.5 22.5 
22.5 22.5 22.5 22.5 22 22 22 22 22 22 22 22 22.5 22.5 22 
22.5 22.5 22.5 22.5 22 22 22 22 22 22 22 22 22.5 22 22 22 22 22 22 
21.5 21.5 21.5 22 22 22 22 22 22 22 22 21.5 22 22 22 22 22 22 22 21.5 22 22 
21.5 21.5 21.5 22 22 22 22 22 22 22 22 22 21.5 21.5 21.5 21.5 21.5 22 22 22 22 
21.5 21.5 21.5 22 22 22 22 22 22 22 21.5 21.5 22 22 22 
21.5 21.5 21.5 22 22 22 22 22 22 22 22 22 22 22 22 22 22 22 22 22 21.5 22 22 22 22 
21.5 21.5 21.5 21.5 22 22 22 22 22 22 22 22 22 22 21.5 21.5 22 22 22 22.5 
22.5 22.5 22.5 22 22 22 22 22 22 22 22 22 22 22 22 22 22 22 22 
22 22 21.5 21.5 22 22 22 22 22 22 22 22 21.5 21.5 22 22 22 22 22 
21.5 21.5 21.5 22 22 22 22 22 22 22 22 21.5 21.5 21.5 21.5 21.5 22 22 22 22 22 22 
21.5 21.5 21.5 22 22 22 22 22 22 22 22 22 22 22 22 22 22 21.5 21.5 21.5 21.5 22 22 22 22 22 22 
21.5 22 22 22 22 22 22 22 22 22 22 22 22 22 21.5 21.5 21.5 22 22 22 21.5 
21.5 22 22 22 22 22 22 22 22 22 22 21.5 21.5 21.5 21.5 21.5 21.5 21.5 22 22 22 22 22 22 22 22 21.5 
21.5 21.5 21.5 22 22 22 22 22 22 22 22 22 22 22 22 22 21.5 21.5 21.5 21.5 21.5 22 22 22 22 22 22 
21.5 22 22 22 22 22 22 22 22 22 22 22 22 22 22 22 22 22 
21.5 21.5 21.5 22 22 22 22 22 22 22 22 22 22 22 22 22 22 21.5 22 22 22 22 22 22 21.5 
21.5 22 22 22 22 22 22 22 22 22 21.5 22 22 22 22 22 22 22 22 21.5 22 
21.5 21.5 21.5 22 22 22 22 22 22 22 22 22 22 21.5 21.5 21.5 22 22 22 22 
21.5 21.5 21.5 21.5 21.5 21.5 21.5 22 22 22 22 22 22 22 21.5 22 22 22 21.5 22 
21.5 21.5 22 22 22 22 22 22 22 22 22 22 22 22 22 21.5 22 22 22 22 
22.5 22.5 22.5 22.5 22 22 22 22 22 22 22 22 22.5 22.5 22 22.5 
22.5 22.5 22.5 22.5 22 22 22 22 22 22 22 22 22 22.5 22 22 22 22 
22 22 21.5 21.5 22 22 22 22 22 22 22 22 22 22 22 22 21.5 21.5 22 22 22 22 22 
21.5 21.5 21.5 22 22 22 22 22 22 22 22 22 22 22 22 21.5 22 22 
21.5 21.5 21.5 22 22 22 22 22 22 22 22 22 21.5 21.5 21.5 21.5 22 22 22 22 22 
21.5 21.5 21.5 22 22 22 22 22 22 22 22 22 22 22 22 21.5 22 22 22 22 22 22 22 
21.5 21.5 21.5 22 22 22 22 22 22 22 21.5 22 22 22 22 
21.5 21.5 21.5 22 22 22 22 22 22 22 22 22 22 22 21.5 21.5 22 22 22 22 22 22 
21.5 21.5 21.5 22 22 22 22 22 22 22 22 21.5 22 22 
21.5 21.5 21.5 21.5 21.5 21.5 21.5 22 22 22 22 22 22 22 22 22 21.5 22 22 22 
21.5 21.5 22 22 22 22 22 22 21.5 21.5 21.5 22 22 22 21.5 22 22 22 
21.5 21.5 22 22 22 22 22 22 22 22 21.5 21.5 22 22 22 22 22 22 22 22 21.5 22 22 
21.5 21.5 21.5 21.5 21.5 21.5 22 22 22 22 22 22 22 22 22 21.5 21.5 21.5 21.5 21.5 22 22 
21.5 21.5 21.5 22 22 22 22 22 22 22 22 22 22 22 22 21.5 21.5 21.5 22 22 22 22 22 22 22 22 22 22 
21.5 21.5 21.5 22 22 22 22 22 22 22 22 22 22 22 22 22 21.5 22 22 22 21.5 
21.5 21.5 21.5 22 22 22 22 22 22 22 22 22 22 22 22 21.5 21.5 21.5 22 22 22 
21.5 21.5 21.5 21.5 22 22 22 22 22 22 21.5 21.5 22 22 21.5 21.5 22 22 
21.5 21.5 22 22 22 22 22 22 22 22 22 22 22 22 22 22 22 22 22 
21.5 21.5 21.5 22 22 22 22 22 22 22 22 22 22 21.5 21.5 22 22 22 
21.5 21.5 21.5 21.5 22 22 22 22 22 22 22 22 22 22 22 21.5 22 22 22 22 22 22 22 22 22 22 
21.5 21.5 21.5 22 22 22 22 22 22 22 22 22 22 22 22 22 21.5 22 22 21.5 22 
21.5 21.5 21.5 22 22 22 22 22 22 22 22 22 22 22 21.5 21.5 22 22 21.5 
21.5 21.5 21.5 21.5 22 22 22 22 22 22 22 22 22 22 22 22 22 22 22 
21.5 22 22 22 22 22 22 22 22 22 22 22 22 21.5 22 22 22 21.5 
21.5 21.5 21.5 21.5 21.5 22 22 22 22 22 21.5 21.5 22 22 
21.5 22 22 22 22 22 22 22 22 22 22 22 22 22 22 22 21.5 21.5 22 22 
21.5 21.5 21.5 21.5 22 22 22 22 22 22 22 22 22 21.5 22 22 22 22 22 
21.5 21.5 21.5 21.5 22 22 22 22 22 22 22 21.5 21.5 21.5 21.5 21.5 22 22 22 22 
21.5 21.5 21.5 21.5 21.5 22 22 22 22 22 22 22 22 22 21.5 21.5 22 22 22 22 22 
21.5 21.5 21.5 21.5 22 22 22 22 22 22 22 22 22 22 22 22 21.5 21.5 22 22 21.5 
21.5 21.5 21.5 22 22 22 22 21.5 21.5 21.5 21.5 21.5 21.5 22 22 22 21.5 22 
21.5 21.5 21.5 21.5 21.5 22 22 22 22 22 22 22 22 22 21.5 21.5 22 22 
21.5 22 22 22 22 22 22 22 22 22 21.5 22 22 22 22 22 22 22 22 22 22 
21.5 21.5 21.5 21.5 22 22 22 22 22 22 22 22 22 22 
21.5 21.5 21.5 22 22 22 22 22 22 22 22 22 22 22 21.5 21.5 21.5 22 22 22 21.5 
21.5 22 22 22 22 22 22 22 22 22 21.5 22 22 22 22 22 22 22 22 21.5 22 
21.5 21.5 21.5 22 22 22 22 22 22 22 22 22 22 22 22 22 22 22 22 22 22 
21.5 22 22 22 22 22 22 22 22 22 22 21.5 22 22 21.5 
21.5 21.5 21.5 21.5 21.5 22 22 22 22 22 22 22 22 22 21.5 21.5 22 22 22 22 22 
21.5 21.5 21.5 21.5 22 22 22 22 22 22 22 22 21.5 21.5 21.5 21.5 22 22 
21.5 21.5 21.5 21.5 22 22 22 22 22 22 22 22 22 22 21.5 21.5 22 22 22 
21.5 21.5 21.5 21.5 21.5 22 22 22 22 22 22 22 22 22 21.5 21.5 22 22 22 22 22 
21.5 21.5 21.5 22 22 22 22 22 22 22 22 22 22 22 21.5 21.5 22 22 22 22 
21.5 21.5 21.5 22 22 22 22 22 22 22 22 22 21.5 22 22 22 22 22 22 22 22 22 
21.5 21.5 21.5 21.5 22 22 22 22 22 22 22 22 22 21.5 21.5 21.5 22 22 
21.5 21.5 21.5 22 22 22 22 22 22 22 22 22 22 22 21.5 21.5 22 22 22 22 
21.5 21.5 22 22 22 22 22 22 22 21.5 22 22 22 22 22 22 
21.5 21.5 21.5 21.5 22 22 22 22 22 22 22 22 22 21.5 22 22 22 22 
21.5 21.5 21.5 22 22 22 22 22 22 22 22 22 22 22 22 22 22 22 22 22 22 
21.5 22 22 22 22 22 22 22 22 22 22 22 22 22 22 22 21.5 22 22 22 
21.5 21.5 21.5 22 22 22 22 22 22 22 22 22 22 22 21.5 21.5 22 22 22 21.5 
21.5 21.5 21.5 21.5 22 22 22 22 22 22 22 22 22 22 21.5 21.5 22 22 
21.5 21.5 21.5 21.5 21.5 22 22 22 22 22 22 22 22 22 21.5 21.5 21.5 21.5 22 22 22 
21.5 21.5 21.5 21.5 21.5 21.5 22 22 22 22 22 22 22 22 22 22 21.5 21.5 21.5 21.5 21.5 22 22 22 22 22 22 22 
21.5 21.5 21.5 22 22 22 22 22 22 22 22 22 22 22 21.5 21.5 22 22 22 
21.5 21.5 21.5 21.5 22 22 22 22 22 22 22 22 22 22 22 22 22 22 22 22 22 
21.5 21.5 21.5 22 22 22 22 22 22 22 22 22 22 22 21.5 21.5 22 22 22 22 
21.5 21.5 21.5 21.5 22 22 22 22 22 22 22 22 21.5 21.5 22 22 22 22 22 
21.5 21.5 21.5 21.5 22 22 22 22 22 22 22 22 22 21.5 21.5 21.5 22 22 21.5 22 22 
21.5 21.5 21.5 22 22 22 22 22 22 22 22 22 22 22 21.5 21.5 22 22 22 22 
21.5 21.5 21.5 22 22 22 22 22 22 22 22 22 22 22 21.5 21.5 22 22 22 22 
21.5 21.5 21.5 22 22 22 22 22 22 22 22 22 22 21.5 21.5 21.5 22 22 22 
21.5 21.5 21.5 22 22 22 22 22 22 22 22 22 22 22 22 22 21.5 21.5 22 22 21.5 
21.5 21.5 21.5 21.5 21.5 22 22 22 22 22 22 22 22 22 22 22 22 22 21.5 21.5 22 22 
21.5 21.5 21.5 21.5 21.5 22 22 22 22 22 22 22 22 22 21.5 21.5 22 22 22 22 22 
21.5 21.5 21.5 22 22 22 22 22 21.5 21.5 21.5 21.5 21.5 22 22 22 22 
21.5 21.5 21.5 22 22 22 22 22 22 22 22 22 22 22 22 22 22 
21.5 21.5 22 22 22 22 22 22 22 22 22 22 22 22 
21.5 21.5 21.5 21.5 22 22 22 22 22 22 22 22 22 22 22 21.5 22 22 22 22 
21.5 21.5 21.5 21.5 22 22 22 22 22 22 22 22 22 22 22 22 22 22 22.5 22 22 
22.5 22.5 22.5 22.5 22 22 22 22 22 22 21.5 22 22 22 22 22 22 22 22 21.5 21.5 
21.5 21.5 21.5 22 22 22 22 22 21.5 21.5 21.5 21.5 21.5 21.5 21.5 21.5 21.5 21.5 22 22 22 
21.5 21.5 21.5 22 22 22 22 22 22 22 22 22 22 22 21.5 21.5 22 22 22 
21.5 21.5 21.5 21.5 21.5 22 22 22 22 21.5 21.5 21.5 21.5 21.5 22 22 22 22 22 22 22 22 
21.5 21.5 21.5 21.5 21.5 22 22 22 22 22 22 22 22 21.5 21.5 22 22 22 22 
21.5 21.5 21.5 22 22 22 22 22 22 22 21.5 21.5 22 22 22 
21.5 22 22 22 22 22 22 22 22 22 22 22 22 22 21.5 21.5 22 22 22 22 
21.5 21.5 21.5 22 22 22 22 22 21.5 21.5 21.5 22 22 22 
21.5 21.5 21.5 22 22 22 22 22 22 22 22 22 22 21.5 21.5 21.5 22 22 22 22 21.5 
21.5 21.5 21.5 21.5 21.5 21.5 22 22 22 22 22 22 22 22 22 21.5 21.5 22 22 22 22 
21.5 21.5 21.5 22 22 22 22 22 22 22 22 22 22 22 22 22 22 21.5 21.5 21.5 22 22 22 21.5 
21.5 22 22 22 22 22 22 22 22 22 21.5 22 22 22 22 22 22 22 21.5 22 22 
21.5 21.5 21.5 22 22 22 22 22 22 22 22 22 22 22 22 22 22 22 22 22 
21.5 21.5 21.5 22 22 22 22 22 22 22 22 22 22 22 22 21.5 22 
21.5 21.5 21.5 22 22 22 22 22 22 22 22 22 22 21.5 21.5 21.5 22 22 22 21.5 22 
21.5 21.5 21.5 22 22 22 22 22 22 22 22 22 22 22 22 22 21.5 22 22 22 
21.5 21.5 21.5 22 22 22 22 22 22 22 22 22 22 22 21.5 21.5 22 22 22 
21.5 21.5 21.5 21.5 22 22 22 22 22 22 22 22 22 22 21.5 22 22 22 21.5 
21.5 21.5 21.5 22 22 22 22 22 22 22 22 22 22 22 22 22 22 22 22 22 22 22 22 22 22 22 22 
21.5 21.5 21.5 22 22 22 22 22 22 22 22 22 22 22 22 21.5 21.5 22 22 22 22 
21.5 21.5 21.5 22 22 22 22 22 22 22 22 22 21.5 21.5 22 22 22 22 22 22 22 22 22 22 22 22 21.5 21.5 22 22 22 
21.5 21.5 21.5 22 22 22 22 22 22 22 22 22 22 22 21.5 21.5 22 22 22 22 
21.5 22 22 22 22 22 22 22 22 22 22 21.5 21.5 22 22 22 22 22 22 22 21.5 
21.5 21.5 21.5 22 22 22 22 22 22 22 22 22 22 21.5 21.5 22 22 22 
21.5 21.5 21.5 22 22 22 22 22 22 22 22 21.5 22 22 22 22 22 22 22 21.5 22 
21.5 21.5 21.5 22 22 22 22 22 22 22 22 22 22 21.5 21.5 21.5 22 22 22 22 
21.5 21.5 21.5 22 22 22 22 22 22 22 22 22 22 22 21.5 21.5 22 22 22 22 22 
21.5 21.5 21.5 22 22 22 22 22 22 22 22 22 22 22 22 22 21.5 22 22 22 22 
21.5 21.5 21.5 22 22 22 22 22 22 22 22 22 22 22 22 
21.5 21.5 21.5 22 22 22 22 22 22 22 22 22 22 22 22 22 22 22 22 22 22 22 22 22 22 
21.5 22 22 22 22 22 22 22 22 22 22 22 22 22 21.5 22 22 22 22 22 21.5 
21.5 21.5 21.5 22 22 22 22 22 22 22 22 22 22 21.5 21.5 21.5 22 22 22 22 
21.5 21.5 22 22 22 22 22 22 22 22 21.5 21.5 21.5 21.5 21.5 21.5 21.5 22 22 21.5 
21.5 21.5 21.5 22 22 22 22 22 22 22 22 22 22 22 22 21.5 21.5 22 22 21.5 22 
21.5 21.5 21.5 22 22 22 22 22 22 22 22 22 22 22 21.5 21.5 22 22 22 22 
21.5 21.5 21.5 22 22 22 22 22 22 22 22 22 22 22 22 21.5 21.5 22 22 21.5 22 
21.5 22 22 22 22 22 22 22 22 22 22 22 22 22 21.5 21.5 22 
21.5 21.5 21.5 22 22 22 22 22 22 22 22 22 22 22 22 22 21.5 22 22 22 22 
21.5 22 22 22 22 22 22 22 22 22 22 22 22 22 21.5 
21.5 21.5 21.5 22 22 22 22 22 22 22 22 22 22 21.5 22 
21.5 21.5 21.5 22 22 22 22 22 22 22 22 22 22 21.5 21.5 21.5 22 22 22 22 
21.5 22 22 22 22 22 22 22 22 22 22 22 22 22 21.5 21.5 22 22 22 22 
21.5 21.5 21.5 22 22 22 22 22 22 22 22 22 22 22 21.5 21.5 22 22 22 22 21.5 
21.5 21.5 21.5 22 22 22 22 22 22 22 22 22 22 21.5 21.5 21.5 22 22 22 
21.5 21.5 22 22 22 22 22 22 22 22 22 22 22 22 22 22 22 22 21.5 22 22 22 22 22 22 
21.5 22 22 22 22 22 22 22 22 22 22 22 22 22 22 22 21.5 22 22 22 21.5 
21.5 21.5 21.5 22 22 22 22 22 22 22 22 22 22 21.5 21.5 21.5 22 22 22 22 
21.5 22 22 22 22 22 22 22 22 22 22 22 22 22 22 22 21.5 21.5 22 22 22 
21.5 21.5 21.5 22 22 22 22 22 22 22 22 22 22 22 21.5 21.5 22 22 22 
21.5 21.5 21.5 22 22 22 22 22 22 21.5 21.5 22 22 22 22 22 22 22 22 22 22 21.5 21.5 22 
21.5 21.5 21.5 21.5 21.5 22 22 22 22 22 22 22 22 22 21.5 21.5 22 22 22 22 21.5 
21.5 21.5 21.5 21.5 21.5 22 22 22 22 22 22 22 22 22 21.5 21.5 22 22 22 21.5 
22.5 22.5 22.5 22.5 22 22 22 22 22 22 22 22 21.5 22 22 22 22 22 22 22 22 22 22 22 22 22 22 22 22 21.5 
21.5 21.5 21.5 22 22 22 22 22 22 22 22 22 22 22 22 21.5 22 
21.5 21.5 21.5 21.5 22 22 22 22 22 22 22 22 22 22 22 22 21.5 21.5 22 22 22 22 22 22 22 22 22 22 
21.5 21.5 22 22 22 22 22 22 22 22 22 22 21.5 21.5 22 22 
21.5 21.5 21.5 21.5 22 22 22 22 22 22 22 22 22 22 22 22 22 22 22 
22 22 21.5 21.5 22 22 22 22 22 22 22 22 22 22 21.5 22 22 22 22 22 22 22 
21.5 21.5 21.5 21.5 21.5 22 22 22 22 22 22 22 22 22 22 21.5 21.5 22 22 
21.5 21.5 21.5 21.5 22 22 22 22 22 22 22 22 22 22 21.5 21.5 22 22 
21.5 21.5 21.5 21.5 22 22 22 22 22 22 22 22 22 22 21.5 21.5 22 22 22 22 22 
21.5 21.5 21.5 21.5 22 22 22 22 22 22 22 22 22 22 22 22 22 22 22 
21.5 21.5 21.5 22 22 22 22 22 22 22 22 21.5 21.5 22 22 22 
21.5 21.5 21.5 21.5 22 22 22 22 22 22 22 22 22 22 22 22 22 22 22 
21.5 21.5 21.5 22 22 22 22 22 22 22 22 22 21.5 21.5 21.5 21.5 22 22 22 22 
21.5 22 22 22 22 22 22 22 22 22 22 22 22 21.5 22 22 22 
21.5 21.5 21.5 22 22 22 22 22 22 22 22 22 22 22 21.5 21.5 22 22 22 22 22 
21.5 21.5 21.5 21.5 21.5 22 22 22 22 22 22 22 22 22 21.5 21.5 22 22 22 22 
21.5 21.5 21.5 22 22 22 22 22 22 22 22 22 22 21.5 21.5 21.5 22 22 22 22 
21.5 22 22 22 22 22 22 22 22 22 22 22 22 22 22 22 22 
21.5 21.5 21.5 22 22 22 22 22 22 22 22 22 22 22 22 21.5 22 22 22 22 22 22 
21.5 21.5 21.5 22 22 22 22 22 22 22 22 22 22 22 21.5 21.5 22 22 21.5 
21.5 21.5 21.5 21.5 22 22 22 22 22 22 22 22 21.5 21.5 21.5 21.5 22 22 22 
21.5 21.5 21.5 22 22 22 22 22 22 22 22 22 22 22 22 22 22 22 21.5 22 22 
21.5 21.5 21.5 21.5 21.5 22 22 22 22 22 22 22 22 22 21.5 21.5 22 22 22 22 
21.5 21.5 21.5 22 22 22 22 22 22 22 22 22 22 22 22 21.5 22 22 22 22 
21.5 21.5 21.5 22 22 22 22 22 22 22 22 22 22 22 21.5 21.5 22 22 22 
21.5 21.5 21.5 22 22 22 22 22 22 22 22 22 22 22 22 22 21.5 22 22 22 21.5 
21.5 21.5 21.5 22 22 22 22 22 22 22 22 22 21.5 21.5 21.5 21.5 21.5 22 22 21.5 22 
21.5 22 22 22 22 22 22 22 22 22 22 21.5 21.5 21.5 21.5 21.5 21.5 21.5 21.5 21.5 21.5 21.5 21.5 22 22 22 22 22 22 22 
21.5 21.5 21.5 22 22 22 22 22 22 22 22 22 22 22 22 22 21.5 21.5 22 
21.5 21.5 21.5 22 22 22 22 22 22 22 22 22 22 22 22 22 22 
21.5 21.5 21.5 22 22 22 22 22 22 22 21.5 21.5 22 22 22 22 
21.5 21.5 21.5 21.5 22 22 22 22 22 22 22 22 22 21.5 21.5 22 22 22 22 
21.5 21.5 21.5 21.5 22 22 22 22 22 22 22 22 21.5 21.5 21.5 21.5 22 22 22 
21.5 21.5 21.5 22 22 22 22 22 22 22 21.5 21.5 22 22 
21.5 21.5 21.5 22 22 22 22 22 22 22 22 22 22 22 22 21.5 21.5 22 22 22 22 
21.5 21.5 21.5 22 22 22 22 22 22 22 22 22 22 22 21.5 21.5 22 22 22 22 22 21.5 22 
21.5 21.5 21.5 22 22 22 22 22 21.5 21.5 21.5 21.5 21.5 22 22 22 
21.5 21.5 21.5 22 22 22 22 22 22 22 22 22 22 22 22 21.5 22 22 22 22 22 
21.5 21.5 21.5 21.5 22 22 22 22 22 22 22 22 22 22 22 22 22 22 22 
21.5 21.5 21.5 22 22 22 22 22 22 22 22 22 22 22 21.5 21.5 22 22 22 22 
21.5 21.5 21.5 22 22 22 22 22 22 22 22 22 22 21.5 21.5 21.5 22 22 22 22 
21.5 22 22 22 22 22 22 22 22 22 22 22 21.5 21.5 21.5 22 22 22 22 22 22 22 22 22 22 22 21.5 22 22 
21.5 21.5 21.5 22 22 22 22 22 22 21.5 21.5 22 22 22 22 22 22 22 22 21.5 22 
21.5 21.5 21.5 22 22 22 22 22 22 22 22 22 22 22 22 21.5 21.5 22 22 21.5 21.5 21.5 22 22 
21.5 22 22 22 22 22 22 21.5 22 22 22 22 22 22 22 
21.5 21.5 21.5 21.5 21.5 21.5 22 22 22 22 22 22 22 22 22 21.5 21.5 21.5 21.5 21.5 22 22 
21.5 21.5 21.5 21.5 22 22 22 22 22 22 22 22 22 22 22 22 22 22 22 22 22 
21.5 21.5 21.5 22 22 22 22 22 22 22 22 22 22 22 21.5 22 22 22 22 
21.5 21.5 21.5 22 22 22 22 22 22 22 22 22 22 21.5 21.5 21.5 22 22 22 
21.5 21.5 21.5 22 22 22 22 22 22 22 22 22 22 22 21.5 21.5 22 22 22 
21.5 21.5 21.5 22 22 22 22 22 22 22 22 22 21.5 21.5 21.5 21.5 22 22 22 22 
21.5 21.5 21.5 22 22 22 22 22 22 22 22 22 21.5 21.5 21.5 21.5 21.5 22 22 21.5 22 
21.5 22 22 22 22 22 22 22 22 22 21.5 22 22 22 22 22 22 21.5 22 22 22 
21.5 21.5 21.5 22 22 22 22 22 22 22 22 22 22 22 22 22 21.5 21.5 21.5 21.5 22 22 22 22 22 22 
21.5 21.5 21.5 21.5 22 22 22 22 22 22 22 22 22 22 22 22 22 22 22 22 22 22 
21.5 22 22 22 22 22 22 22 22 22 22 22 22 22 22 21.5 21.5 21.5 21.5 22 22 22 22 22 22 22 
21.5 21.5 21.5 22 22 22 22 22 22 22 22 22 22 22 22 21.5 22 22 21.5 22 22 
21.5 21.5 21.5 21.5 21.5 22 22 22 22 22 22 22 22 22 22 22 22 22 22 
21.5 21.5 21.5 21.5 22 22 22 22 22 22 22 22 22 21.5 21.5 22 22 22 
21.5 21.5 21.5 21.5 22 22 22 22 22 22 22 22 22 22 22 
21.5 21.5 21.5 22 22 22 22 22 22 22 22 22 22 22 22 21.5 22 22 
21.5 21.5 21.5 22 22 22 22 22 22 22 22 22 22 22 22 21.5 21.5 22 22 22 22 22 
21.5 21.5 21.5 22 22 22 22 22 22 22 22 22 22 22 22 21.5 21.5 22 22 21.5 22 
21.5 21.5 21.5 21.5 22 22 22 22 22 22 22 22 22 22 22 22 22 22 22 
21.5 21.5 21.5 22 22 22 22 22 22 22 22 22 22 22 21.5 22 
21.5 21.5 21.5 22 22 22 22 22 22 22 22 22 22 21.5 22 22 22 22 22 22 22 22 21.5 
22 21.5 21.5 21.5 22 22 22 22 22 22 22 22 22 22 22.5 22.5 22 22 22 
22.5 22 22 22 22 22 22 22 22 22 22 22 22 22 21.5 22 22 22 22 
22.5 22.5 22.5 22.5 22 22 22 22 22 22 22 22 22 22 22 22 22.5 22.5 22 22.5 
22.5 22.5 22.5 22.5 22.5 22 22 22 22 22 22 22.5 22.5 22.5 22 22 22.5 22.5 
22.5 22.5 22.5 22 22 22 22 22 22 22 22 22 22 22.5 22.5 22.5 22 22 22 22 22 
21.5 21.5 21.5 22 22 22 22 22 22 22 22 22 22 22 21.5 21.5 21.5 22 22 22 22 
21.5 21.5 21.5 22 22 22 22 22 22 22 22 22 22 22 21.5 21.5 22 
21.5 21.5 21.5 22 22 22 22 22 22 22 22 22 22 22 22 22 22 22 22 
21.5 21.5 22 22 22 22 22 22 22 22 22 22 22 22 22 22 21.5 21.5 22 22 22 22 
21.5 21.5 21.5 22 22 22 22 22 22 22 22 22 22 22 21.5 21.5 22 22 22 
21.5 21.5 22 22 22 22 22 22 22 22 22 22 22 22 22 22 22 22 22 22 22 22 21.5 22 22 22 
21.5 21.5 21.5 22 22 22 22 22 22 22 22 22 22 22 22 22 21.5 21.5 21.5 22 22 22 22 22 
21.5 21.5 22 22 22 22 22 22 22 22 22 22 21.5 22 22 22 
21.5 21.5 21.5 22 22 22 22 22 22 22 21.5 22 22 22 22 22 22 22 22 22 22 
21.5 21.5 21.5 21.5 22 22 22 22 22 22 22 22 22 22 22 21.5 22 22 22 22 21.5 
21.5 21.5 21.5 21.5 22 22 22 22 22 22 22 22 22 22 21.5 21.5 22 22 22 22 
21.5 21.5 21.5 21.5 22 22 22 22 22 22 21.5 22 22 22 22 22 
21.5 21.5 21.5 21.5 21.5 21.5 22 22 22 22 22 22 22 21.5 22 22 22 22 
21.5 21.5 21.5 21.5 22 22 22 22 22 22 22 22 21.5 21.5 21.5 22 22 22 21.5 
21.5 21.5 21.5 21.5 22 22 22 22 22 22 22 22 22 22 22 21.5 21.5 22 22 22 21.5 
21.5 22 22 22 22 22 22 22 22 22 21.5 21.5 21.5 22 22 22 
21.5 21.5 21.5 21.5 21.5 21.5 22 22 22 22 22 22 22 22 22 21.5 22 22 22 22 22 22 22 
21.5 21.5 21.5 21.5 21.5 21.5 22 22 22 22 22 22 22 22 22 22 22 21.5 21.5 21.5 22 22 22 22 22 
21.5 21.5 21.5 22 22 22 22 22 22 22 22 22 21.5 22 22 22 22 22 22 22 
21.5 21.5 21.5 22 22 22 22 22 22 22 22 22 22 22 22 21.5 21.5 22 22 22 22 
21.5 21.5 21.5 22 22 22 22 22 22 22 22 22 22 22 21.5 21.5 22 22 22 
21.5 21.5 21.5 22 22 22 22 22 22 22 22 22 22 22 22 22 22 22 22 
22 22 22.5 22 22 22 22 22 22 22 22 22 22 22 22 
22.5 22.5 22.5 22.5 22 22 22 22 22 22 22 22 22 22 22 22 22 22 
22 22 22 22 22 22 22 22 22.5 22.5 22.5 22.5 22.5 22.5 22 22 22 22 22 22 
22.5 22.5 22.5 22 22 22 22 22 22 22 22 22 21.5 21.5 22 22 22 22 22 
21.5 21.5 21.5 22 22 22 22 22 22 22 22 22 22 22 22 22 22 22 22 22 21.5 
21.5 21.5 21.5 22 22 22 22 22 22 22 21.5 22 22 22 22 
21.5 22 22 22 22 22 22 22 22 22 22 22 22 22 22 22 21.5 22 22 22 22 
21.5 21.5 21.5 22 22 22 22 22 22 22 22 21.5 21.5 22 22 22 22 22 22 22 22 22 22 22 22 21.5 21.5 22 22 
21.5 21.5 22 22 22 22 22 22 22 22 22 22 22 22 21.5 21.5 22 22 21.5 
21.5 21.5 21.5 21.5 21.5 22 22 22 22 22 22 22 21.5 21.5 21.5 21.5 22 22 21.5 
21.5 21.5 21.5 22 22 22 22 22 22 22 22 22 22 21.5 22 22 22 22 
21.5 21.5 21.5 22 22 22 22 22 22 22 21.5 21.5 22 22 
21.5 21.5 21.5 21.5 22 22 22 22 22 22 22 22 22 22 21.5 21.5 22 
21.5 21.5 21.5 21.5 22 22 22 22 22 22 22 22 22 22 21.5 21.5 22 22 22 22 22 
21.5 21.5 21.5 22 22 22 22 22 22 22 22 22 22 21.5 21.5 21.5 22 22 22 22 
21.5 22 22 22 22 22 22 22 22 22 22 21.5 22 22 22 22 22 22 22 22 22 22 22 
21.5 21.5 21.5 22 22 22 22 22 22 22 22 22 22 22 21.5 22 22 22 22 
21.5 22 22 22 22 22 22 22 22 22 22 22 22 22 21.5 21.5 22 22 22 21.5 
21.5 22 22 22 22 22 22 22 22 22 22 22 21.5 22 22 22 22 22 22 22 22 22 22 22 22 21.5 22 22 
21.5 21.5 21.5 22 22 22 22 22 22 22 22 22 22 22 21.5 21.5 22 22 22 22 
21.5 21.5 21.5 22 22 22 22 22 22 22 22 22 22 22 21.5 21.5 22 22 22 22 
21.5 21.5 21.5 21.5 22 22 22 22 22 22 22 22 22 21.5 21.5 21.5 22 22 22 22 21.5 
22 22 22 22 22 22 22 22 22 22 22 22 22 22 22 21.5 21.5 22 22 22 
21.5 21.5 21.5 21.5 21.5 22 22 22 22 22 22 21.5 22 22 22 22 22 22 22 21.5 21.5 
21.5 22 22 22 22 22 22 22 22 22 22 22 22 22 21.5 21.5 22 22 22 22 
21.5 21.5 21.5 22 22 22 22 22 22 22 22 21.5 21.5 21.5 22 22 22 
21.5 21.5 21.5 22 22 22 22 22 22 22.5 22 22 22 22 22 22 22 22 22 
22 22 22 22 22 22 22 22 22 22 22 22 22 22 22.5 22 22 
22.5 22.5 22.5 22.5 22 22 22 22 22 22 22 22 22 22 22 22 22 22 22 22 
22 22 21.5 21.5 22 22 22 22 22 21.5 22 22 22 22 22 22 
21.5 22 22 22 22 22 22 22 22 22 22 21.5 22 22 22 22 22 
21.5 21.5 21.5 22 22 22 22 22 22 22 22 22 22 22 22 22 22 22 22 21.5 
21.5 21.5 21.5 22 22 22 22 22 22 22 22 22 22 22 21.5 21.5 22 22 22 
21.5 21.5 22 22 22 22 22 22 22 21.5 22 22 21.5 
21.5 21.5 21.5 22 22 22 22 22 22 22 22 22 21.5 21.5 21.5 21.5 21.5 22 22 22 
21.5 21.5 22 22 22 22 22 22 22 22 22 22 21.5 22 22 21.5 
21.5 21.5 21.5 22 22 22 22 22 22 22 22 22 22 22 21.5 21.5 22 22 22 22 22 
21.5 21.5 22 22 22 22 22 22 21.5 21.5 22 22 22 22 22 22 22 22 22 21.5 22 22 22 
21.5 21.5 21.5 21.5 22 22 22 22 22 22 22 22 22 22 22 22 22 22 22 22 
21.5 21.5 21.5 22 22 22 22 22 22 22 22 22 21.5 21.5 21.5 22 22 22 22 
21.5 22 22 22 22 22 22 22 22 22 22 22 22 21.5 22 22 22 21.5 
21.5 21.5 21.5 22 22 22 22 22 22 22 22 22 22 22 22 21.5 22 22 
21.5 21.5 21.5 21.5 22 22 22 22 22 22 22 21.5 21.5 22 22 22 22 22 22 22 21.5 
21.5 21.5 21.5 21.5 22 22 22 22 22 22 22 22 21.5 21.5 21.5 21.5 22 22 22 
21.5 21.5 22 22 22 22 22 22 22 22 22 22 22 22 21.5 21.5 22 22 22 22 22 22 22 22 22 21.5 
21.5 21.5 21.5 21.5 22 22 22 22 22 22 22 22 22 22 22 22 21.5 
21.5 21.5 21.5 22 22 22 22 22 22 22 21.5 22 22 22 22 22 22 22 22 21.5 21.5 
21.5 21.5 21.5 21.5 22 22 22 22 22 22 22 21.5 22 22 22 22 
21.5 21.5 21.5 22 22 22 22 22 22 22 22 22 22 22 22 21.5 21.5 22 22 21.5 22 
21.5 21.5 21.5 22 22 22 22 22 22 22 22 22 22 22 21.5 21.5 22 22 22 
21.5 21.5 21.5 21.5 22 22 22 22 22 22 22 22 22 22 21.5 21.5 22 22 22 22 
21.5 22 22 22 22 22 22 22 22 22 22 22 22 22 22 22 22 
21.5 21.5 21.5 22 22 22 22 22 22 22 22 21.5 22 22 21.5 
21.5 21.5 21.5 21.5 21.5 21.5 22 22 22 22 22 22 22 21.5 21.5 22 22 21.5 21.5 22 
21.5 21.5 21.5 21.5 21.5 22 22 22 22 21.5 21.5 22 22 22 22 22 21.5 21.5 22 22 
21.5 21.5 21.5 21.5 22 22 22 22 22 22 22 22 22 21.5 22 22 22 22 22 
21.5 21.5 21.5 21.5 22 22 22 22 22 22 22 22 22 22 22 22 
21.5 21.5 21.5 21.5 21.5 21.5 22 22 22 22 21.5 21.5 22 22 22 22 22 22 
21.5 21.5 21.5 22 22 22 22 22 22 22 22 22 22 21.5 21.5 22 22 22 22 
21.5 21.5 21.5 22 22 22 22 22 22 22 22 22 22 22 21.5 21.5 22 22 22 22 22 22 
21.5 21.5 21.5 22 22 22 22 22 22 22 22 22 22 22 22 22 22 22 21.5 22 22 21.5 
21.5 21.5 22 22 22 22 22 22 22 22 22 22 22 22 22 22 22 
22 22 21.5 21.5 22 22 22 22 22 22 22 22 21.5 21.5 22 22 22 22 22 
21.5 21.5 21.5 22 22 22 22 22 22 22 22 22 22 22 22 22 22 22 
21.5 21.5 21.5 22 22 22 22 22 22 22 22 22 22 22 22 22 22 
21.5 22 22 22 22 22 22 22 22 22 22 22 21.5 21.5 21.5 21.5 21.5 22 22 21.5 22 
21.5 21.5 21.5 21.5 22 22 22 22 22 22 22 22 22 22 21.5 21.5 22 22 22 22 
21.5 21.5 21.5 22 22 22 22 22 22 22 22 22 22 22 22 22 22 22 22 
21.5 21.5 21.5 21.5 21.5 22 22 22 22 22 22 22 22 22 21.5 21.5 22 22 22 22 22 
21.5 21.5 21.5 22 22 22 22 22 22 22 22 22 22 22 21.5 21.5 22 22 22 
21.5 21.5 21.5 21.5 22 22 22 22 22 22 22 22 21.5 21.5 22 22 22 22 22 
21.5 21.5 21.5 21.5 22 22 22 22 22 22 22 22 22 22 22 22 22 22 21.5 21.5 21.5 21.5 22 22 22 
21.5 21.5 21.5 22 22 22 22 22 22 22 22 22 22 22 21.5 21.5 22 22 22 
21.5 21.5 21.5 21.5 22 22 22 22 22 22 22 22 22 22 22 22 22 22 22 22 22 22 22 22 21.5 22 22 22 
21.5 21.5 21.5 22 22 22 22 22 22 22 22 22 22 22 22 21.5 22 22 22 22 22 
21.5 21.5 21.5 21.5 22 22 22 22 22 22 22 22 22 22 22 22 22 22 22 22 
21.5 21.5 21.5 22 22 22 22 22 22 22 22 22 22 22 21.5 21.5 22 22 
21.5 21.5 21.5 22 22 22 22 22 22 22 22 22 22 22 22 22 21.5 
21.5 21.5 21.5 22 22 22 22 22 22 22 22 22 22 21.5 22 22 
21.5 21.5 21.5 22 22 22 22 22 22 22 22 22 22 22 21.5 21.5 22 22 22 22 22 22 22 22 22 22 
21.5 22 22 22 22 22 22 22 22 22 22 22 22 22 22 22 22 22 22 22 22 22 22 22 
21.5 21.5 21.5 21.5 22 22 22 22 22 22 22 22 22 22 22.5 22.5 22 22 22 22 22 
22.5 22.5 22.5 22.5 22 22 22 22 22 22 22 22 22 22.5 22 22 22 22 22 
22 22 22 22 22 22 22 22 22 22.5 22.5 22.5 22.5 22.5 22.5 
22.5 22.5 22 22 22 22 22.5 22.5 22.5 22.5 23 23 22.5 22.5 22.5 22.5 22.5 
22.5 22.5 22 22 22 22 22 22 22 22 22 22 22 22 22 22 22 22 22 22 
22 22 22 22 22 22 22 22 22 22 22 22 22 22.5 22 
22.5 22.5 22.5 22.5 22 22 22 22 22 22 22 22 22.5 22 22 22 22 22 22 
22 22 21.5 21.5 22 22 22 22 22 22 22 22 22 22 22 22 22 22 22 21.5 21.5 22 22 
21.5 21.5 21.5 22 22 22 22 22 22 22 22 22 22 22 22 22 22 22 22 21.5 22 
21.5 21.5 21.5 22 22 22 22 22 22 22 22 22 22 21.5 22 
21.5 21.5 21.5 21.5 22 22 22 22 22 22 22 22 22 22 21.5 21.5 22 22 22 
22 22 21.5 21.5 22 22 22 22 22 22 22 22 22 21.5 21.5 22 
21.5 21.5 21.5 22 22 22 22 22 22 22 22 22 22 21.5 21.5 22 22 22 22 22 
21.5 21.5 22 22 22 22 22 22 22 22 22 22 22 22 22 22 22 22 
21.5 21.5 21.5 22 22 22 22 22 22 22 22 22 22 22 22 22 21.5 22 22 22 21.5 
21.5 21.5 21.5 22 22 22 22 22 22 22 21.5 21.5 22 22 
21.5 21.5 21.5 22 22 22 22 22 22 22 22 22 22 
22.5 22.5 22.5 22.5 22 22 22 22 22 22 22 22 22 22 22 21.5 22 22 
21.5 22 22 22 22 22 22 22 22 22 21.5 22 22 22 22 22 22 22 21.5 21.5 22 
21.5 21.5 21.5 22 22 22 22 22 22 22 22 22 22 22 21.5 21.5 22 22 22 22 22 22 22 22 
21.5 22 22 22 22 22 22 22 22 22 22 22 22 22 21.5 21.5 22 
21.5 22 22 22 22 22 22 22 22 22 22 22 21.5 21.5 21.5 21.5 22 22 22 22 
21.5 21.5 21.5 22 22 22 22 22 22 22 22 22 22 22 22 22 22 22 22 
21.5 21.5 21.5 21.5 21.5 22 22 22 22 22 22 22 22 22 22 22 22 22 22 
22 22 21.5 21.5 22 22 22 22 22 22 22 22 22 22 22 
22 22 22 22 22 22 22 22 22 22 21.5 21.5 22 22 22 22 22 22 22 21.5 22 
21.5 21.5 22 22 22 22 22 22 22 22 22 22 22 21.5 22 22 22 22 22 22 22 22 
21.5 21.5 21.5 21.5 22 22 22 22 22 22 22 22 22 22 21.5 21.5 22 22 22 
21.5 21.5 21.5 22 22 22 22 22 22 22 22 22 22 22 22 21.5 22 22 
21.5 21.5 21.5 22 22 22 22 22 22 22 22 22 22 22 22 22 22 22 22 22 22 22 22 22 22 21.5 22 22 
21.5 21.5 21.5 22 22 22 22 22 22 22 22 22 22 22 21.5 21.5 22 22 22 22 22 
21.5 21.5 21.5 22 22 22 22 22 22 22 22 22 22 22 22 21.5 22 22 22 22 
21.5 21.5 21.5 22 22 22 22 22 22 22 22 22 22 21.5 21.5 21.5 22 22 22 
22 22 21.5 21.5 22 22 22 22 22 22 22 22 22 22 22.5 22.5 22 22 22 22 22 
21.5 22 22 22 22 22 22 22 22 22 21.5 22 22 22 22 22 22 22 22 22 22 
21.5 21.5 21.5 22 22 22 22 22 22 22 22 22 22 22 22 22 
21.5 21.5 21.5 22 22 22 22 22 22 22 22 22 22 22 21.5 22 22 
22 22 22 22 22 22 22 22 22 22 22 22 22 22 22 22 22 22 22.5 22.5 22.5 22.5 
22.5 22.5 22.5 22.5 22 22 22 22 22 22 22 22 22 22 22 22 22 22 22 22.5 22 22 22 
21.5 21.5 21.5 22 22 22 22 22 22 22 22 22 22 22 22 22 22 22 21.5 21.5 22 
21.5 21.5 21.5 22 22 22 22 22 22 22.5 22.5 22 22 22 22 
21.5 21.5 21.5 22 22 22 22 22 22 22 22 22 22 22 22 22 22 22 22 
21.5 21.5 21.5 22 22 22 22 22 22 22 22 22 22 22 21.5 21.5 22 22 22 22 
21.5 21.5 21.5 22 22 22 22 22 22 22 22 22 22 21.5 22 
21.5 21.5 22 22 22 22 22 22 22 22 22 22 22 22 22 22 21.5 22 22 21.5 22 
21.5 21.5 21.5 22 22 22 22 22 22 22 22 22 22 22 22 22 22 22 22 22 22 
21.5 21.5 21.5 22 22 22 22 22 22 22 22 22 22 22 21.5 21.5 22 22 22 22 21.5 
21.5 22 22 22 22 22 22 22 22 21.5 21.5 22 22 22 22 22 22 22 22 22 22 
21.5 21.5 21.5 22 22 22 22 22 22 22 21.5 21.5 21.5 21.5 21.5 22 22 22 22 22 22 22 22 
21.5 21.5 21.5 21.5 22 22 22 22 22 22 22 22 22 22 21.5 21.5 22 22 22 22 22 
22.5 22.5 22.5 22.5 22 22 22 22 22 22 22 22 21.5 21.5 22 22 22 22 22 
21.5 21.5 21.5 21.5 21.5 21.5 22 22 22 22 22 22 22 22 22 21.5 22 22 22 22 22 
21.5 21.5 21.5 21.5 21.5 22 22 22 22 22 22 22 22 22 21.5 21.5 22 22 22 22 
