21.5 22.3333 22.3333 22.3333 22.3333 22.3333 22.3333 22.3333 22.3333 22.3333 22.3333 22.3333 22.3333 22.3333 22.3333 22.3333 22.3333 22.3333 22.3333 22.4 22.4 22.25 23.3333 23.3333 23 23 21 21 
21.5 22 21.6667 21.6 21.6 21.6 21.6 21.6 21.6 21.25 20 20 20 20 20 20 20 20 20 20 20.5 20.5 20.5 20.5 21 21 21 
21.5 21.5 21.5 21.7143 21.6667 21.6667 22.4 22 22 22 22 22 22 22 22 22 22 21.6667 21.6667 21.6667 21.6667 21.6667 21.6667 21.6667 21.6667 20 20 19 
21.5 21.2857 21.2857 21.2857 21.1667 21.1667 21.1667 21.8 21.8 21.8 21.8 21.8 21.8 21.8 21.8 21.8 22.5 22 22 22 22 22 22 20.5 20.5 21 21 
21.5 21.5 21.5 21.5 21.5 21 21 21.3333 21.3333 21.3333 21.3333 21.3333 21.3333 20.8 20.8 20.8 20.8 20.8 20.8 20.8 20.8 20.25 21 21 21.5 21.5 21.5 22 
21.5 21.5 21.5 21.5 21.5 21.5714 21.5714 21.5714 22.1667 22.1667 22.2 22.2 22.2 22 22 22 22 21.3333 19.5 19.5 19.5 19.5 19.5 19.5 19.5 20 20 
21.5 21.5 21.5 21.1429 21.1429 21.1429 21.1429 21.1429 21.1429 21.1429 21.1429 21.1429 21.5 21.5 21.2 21.2 21 21 21 19.6667 19.6667 19.6667 19.6667 19.6667 19.5 21 
21.5 21 21 20.6667 20.6667 20.4 20.4 20.4 21.6667 22 22 22 22 20 20 20 20 20 
21.5 21.1429 21.1429 21.1429 20.5 20.5 20.5 20.5 20 20 20 20 20.5 20.5 20.5 20.6667 20.6667 20.6667 21.5 21.5 21.5 21 21 21 21 21 21 
21.5 21.5 21.8571 21.3333 22.25 22.25 22.25 22.25 22.3333 22.3333 22.3333 21.5 21.5 21.5 21.5 21.5 21.5 21.5 21.5 21.5 21.5 21.5 21.5 20 20 20 
21.5 21.5 21.2857 21.2857 21.2857 21.2857 21.2857 21.2857 21.8333 21.8 21 21.6667 21.6667 21.6667 21.6667 21.6667 21.6667 21.6667 21.6667 20.5 20.5 21 21 21 21 21 21 
21.5 21.5 21.5 21.5 21.5 21.5 21.5 21.5 21.5 21.5 21.5 22.3333 22.3333 23 23 23 23 22.75 22.6667 22.6667 22.6667 22.6667 23 21 21 21 21 21 
21.5 21.5 21.5 21.5 21 21 21 21.3333 21.3333 21.3333 21.3333 21.3333 22.25 22 21 21 21 21 21 21 21 20 
21.5 21.5 21.5 21.5 21.5 21.5 21.2857 21.2857 21.1667 21.1667 21.1667 20.4 20.4 20.4 20.4 19.5 19.5 19.5 19.5 19.5 19.3333 19.3333 19.3333 19.3333 19.3333 19.3333 20 19 
21.5 21.5 21.5 21.5 21.5 21.5 21.5 21.5 21.5 21.5714 21.8333 21.8333 21.4 22 22 23.3333 23.3333 23.3333 23.3333 23.3333 23.3333 24 24 24 24 23 23 23 
21.5 21.5 21.5 21.5 21.5 21.5 21.5 21.5 21.5 21.5 21.5 21.5714 21 21.6 21.6 21.6 21.5 21.5 21 21.5 21.5 21.5 21.5 24 
21.5 21.5 21.5 21.2857 21.2857 21.2857 21.2857 21.2857 21.2857 21.8333 21.8333 21.8333 21.8333 21.8333 21.8333 21.8333 21.8333 21.8 22.25 22.25 23.3333 23.3333 23 21 21 21 21 21 
21.5 21.4286 21.4286 21.4286 21.4286 20.8333 20.8333 20.8333 20.8333 20.8333 20.2 20.2 20.5 20.5 20.5 20.5 20.5 20.5 20.5 20.5 20.5 20.3333 20.3333 20.3333 19 20 
21.5 21.5 21.5 21.5 21.5 21.5 21.1429 21.1429 21.1429 21 21 21 21 20.2 20.5 20.5 19.6667 19.6667 19.6667 19.5 21 21 21 21 
21.5 21.7143 21.1667 21.1667 20.8 20.8 20.5 20.5 20.5 20.5 20.5 20.5 20.5 20.5 20.3333 20.3333 20.3333 20.3333 20.3333 20.3333 20.3333 21.5 21.5 24 24 24 
21.5 22 22 22 22 22 22 22 22 21.8333 21.8333 21.8333 21.4 21.4 21.4 21.75 22.6667 22.6667 22.6667 22.6667 22.6667 22.6667 23.5 23.5 23.5 23.5 22 22 
21.5 21.5 21.5 22 21.5 22 22 22 22 22 22 22 22 22 22 22 22 22.3333 22.3333 22.3333 22.3333 21.5 23 23 23 
21.5 21.5 21 21 20.8333 20.8333 20.8333 20.4 20.4 20.25 20.25 20.25 20.3333 20.3333 20.3333 20.3333 20.3333 20.3333 20.3333 21.5 21.5 21.5 21.5 21.5 19 19 19 19 
21.5 21 21 21 21 21.5 21.5 21.2 21.2 21.2 21.2 21.2 21.2 21.2 21.2 21.2 21.25 21.25 22 22 22 20 20 20 20 
21.5 21.5 21.5714 21.5714 21.3333 21.3333 21.3333 21.3333 22 22 22 22 22 22.75 22.75 22.75 22.75 22 22 24 24 24 24 24 24 
21.5 21.5 21.5 21.7143 21.7143 21.7143 21.8333 21.8333 21.8333 21.8333 21.8333 21.8 21.8 21 20.3333 20.3333 21.5 21.5 21.5 21.5 21.5 21.5 21.5 21.5 21.5 21.5 21.5 19 
21.5 21.5 21.5 21.5 22.5 22.5 22.5 22.5 22.5 22.5 22.4 22.4 22.5 23.3333 23.3333 23.3333 23.3333 23.3333 23.3333 23.3333 24.5 24.5 24.5 24.5 24.5 24.5 24.5 24 
21.5 21.5 21.5 21.5714 21.1667 21.1667 21.1667 21 21 21 21 21.75 21.75 21.75 20.6667 20.6667 20.6667 20.6667 20.6667 20.6667 20.6667 20.6667 21 21 19 19 19 19 
21.5 22 22.5 22.5 22.5 23 23 23 23 23 23.6667 23 23 23 23 23 23 23 23 23 23 23 23 23 22 22 22 
21.5 21.8571 21.8571 21.8571 21.8571 21.8571 21.8571 21.8571 22.5 22.5 22.5 22.5 22.6 22.6 23.25 23.25 23.25 23.25 22.6667 22.6667 23.5 23.5 24 24 24 24 
21.5 21.5 21.5 21.5 21.5 21.5 21.5 22 22.1667 21.8 21.8 21.8 22.25 22.25 22.25 22.3333 22.3333 22.3333 22.3333 24 24 24 24 24 24 25 25 25 
21.5 21.5 21.5 21.4286 21.4286 21.4286 21.4286 21 21 21.6 21.6 21.6 21.6 21.25 21.25 21.25 21.25 21.25 22 22 22 22 20.5 20 20 
21.5 21.5 21.5714 21.5714 21.5714 21.5714 21.5714 21.1667 21.1667 21.1667 21.1667 21.1667 21.1667 21.1667 21.6 20.75 22.5 22.5 22.5 22.5 22.5 22.5 22 
21.5 21.5 21.5 22 22 22 22 22.5 22.5 22.5 22.5 22.5 22.6 22.6 22.5 22.5 22.5 22.5 22.5 23.3333 23.3333 23.3333 23.3333 23.3333 24.5 24.5 24 24 
21.5 21.2857 20.8333 20.8 21 21 19.6667 19.6667 19.6667 19.6667 20.5 20.5 20.5 20.5 20.5 20.5 20.5 20.5 20.5 20.5 20.5 20.5 20.5 20.5 20.5 22 22 
21.5 21.5 21.5 21.5 21.5 22 22 21.5 22 22 22 22 21.6667 21.6667 21.6667 21.6667 21.6667 22 22 22 24 
21.5 22 22 22.1667 22.1667 22.1667 22.1667 22.8 22.8 22.25 22.3333 22.3333 22.3333 22.3333 22.3333 21.5 21.5 21.5 21.5 21.5 21.5 21.5 21.5 23 23 
21.5 21.5 21.5 21.5 21.5 21.2857 21.2857 21.2857 21.2857 21.2857 20.8333 20.8333 20.8333 20.8 20.5 20.5 20.5 19 19 19 19.5 19 19 19 
21.5 21.1429 21.1429 20.5 21 21 21 21 21 21 21 20.3333 20.3333 20.3333 20.3333 20.3333 20.3333 20.3333 21 21 22 
21.5 21.5 21.5 22 22 21.5 21.5 21.5 21.5 21.2 21.2 21.2 21.2 21.2 21 21 20 20 20 20 19.5 19.5 19.5 19.5 19.5 20 20 20 
21.5 22 22.5 22.5 22.5 22.8 22.8 22.8 23 23 24 24 24 24 24 24 24 24 24 24 24 24 24 23 
21.5 21.5 22 22 22 21.8 21.8 21.8 21.8 21.8 21.8 21 21 21 21 20 20 20 20 20 19.5 19.5 20 20 20 20 20 20 
21.5 21.5 21.5 22 22 22 22 22 22 22 22 22.5 22.5 22.5 22.5 22.5 22.5 22.5 22.6 23 23 22.3333 22.3333 22.3333 21.5 21.5 23 23 
21.5 21.5 21.4286 21.4286 21 21 21 21 21 21.4 21.4 21.75 21.75 21.75 21.75 21.75 21.75 21.75 21.75 21.75 23 23 23 22 22 23 23 
21.5 21.5 21.7143 21.7143 21.7143 21.1667 21.6 21.6 23 23 23 23 23 23 23 23 23 23 23.5 23.5 24 24 24 
21.5 21.5 21.5 21.5 21.5 21 21.1667 21.1667 21.1667 21.1667 21 21 21 21 21 21 21 21 20.3333 18.5 18.5 18.5 18.5 18.5 19 
21.5 21.1429 21.3333 21.3333 21.3333 22 22 22 22 22.3333 22.3333 22.3333 22.3333 22.3333 22.3333 22.3333 22.3333 22.3333 24 24 24 25 
21.5 21.5 21 21 21 21 21.3333 21.3333 20.8 20.8 20.8 20.8 20.5 21.3333 21.3333 21.3333 22 22 22 22 22 21 21 21 21 
21.5 21.5 21.8571 22.5 22.5 22.5 22.5 22.5 22.5 22.5 22.5 23 23 22.5 22.5 23 23 23 23 23 23 23 23 22 22 22 22 
21.5 21.5 21.5 22.5 22.5 22.5 23 23 23 23.25 22.6667 22.5 22.5 22.5 22.5 22.5 22.5 22.5 22.5 22.5 21 
21.5 21.5 21.5 21.5 21.5 21.5 21.5 21.5 21.5 21.5 22 22 22 22.3333 22.3333 23 22.75 22.75 22.75 22 22 22.5 22.5 22.5 23 
21.5 21.5 21 21 21 21 20.8333 20.8333 20.8333 21.2 21.2 21.2 20.75 20.75 20.75 20.75 20.75 20.75 20.75 20.75 20.75 20.75 20.75 20.75 22.5 22.5 24 
21.5 21.5 21.5714 21.5714 21.5714 21.5714 22.6 22.6 22.6 22.6 22.6 22.6 22.6 22.6 22 22 22 22 22 22 22 22 22 21.3333 20.5 19 19 
21.5 21.5 21.5 21.5 21.5 21.5714 21.5 21.5 21 21 20 20 20 20.6667 20.6667 20.6667 20.6667 20.6667 20.6667 20.6667 20.6667 20.6667 21.5 21.5 23 23 23 23 
21.5 21.1429 21 21 21 20.2 20.75 20.75 20.75 20.75 20.75 21 20 20 20 20 21 21 
21.5 21.5714 21 21 21 21 21 21 20.8 20.8 20.8 20.8 21.25 21.25 21.25 21.25 23.5 23.5 23.5 23.5 23.5 23.5 23.5 23.5 23.5 24 
21.5 21.5 21.7143 21.7143 21.7143 21.7143 21.3333 21.3333 21.8 21.8 22.75 22.75 22.75 22.6667 22.6667 22.6667 22.6667 23.5 23.5 23.5 23.5 23.5 23.5 25 25 25 
21.5 21.5 21.5 21.7143 21.7143 21.7143 21.1667 21.1667 21.75 21.3333 21.3333 21.5 21.5 21.5 21.5 21.5 21.5 21.5 21.5 21.5 21.5 24 24 24 24 24 
21.5 21.5 22 22 21.6667 21.6667 21.6 21.6 21.6 21.6 20.75 20.75 20.75 20.75 20.75 20.75 20 19.5 20 
21.5 21.5 21.5714 21.5714 21.5714 21.5714 21.1667 21.1667 21.1667 22.5 22.5 22.5 22.5 22.5 22.3333 22.3333 22.3333 22.3333 22.3333 22.3333 22.5 22.5 22.5 20 20 
21.5 21.5 21.4286 21.5 21.5 21.5 21.5 21.5 21.5 21.5 22.75 22.75 22.75 22.75 22.75 22.75 22.75 22.6667 22.6667 22.6667 22.6667 22.6667 21.5 21.5 21.5 21.5 21.5 24 
21.5 21 21 21 21 21 21 21 21 21 21 21 20.6667 21.2 21.2 21.25 21.25 21.25 21.25 21.25 21.25 20.3333 20.3333 21 21 21 20 
21.5 21.7143 21.7143 21.6667 21.6667 21.6667 21.8 21.8 21.8 21.8 21.25 21.25 22.3333 22.3333 22.3333 22.3333 22.3333 22.3333 22 22 19 19 
21.5 21.5 21.5 21.5 21.5 21.5 21.5 21.5 21.5714 21 21 21 21 21.4 21.4 21.4 21.4 21 21 20 20 21 20 20 20 20 20 
21.5 21.5 21.5 21.5 22 22 22 22 22 22 21.8333 21.8333 21.8 21.8 21.8 22.25 22.25 23.3333 22.5 21 21 21 21 21 21 21 21 
21.5 21 20.5 20.8 20.8 20.8 20.5 21.5 23 23 23 23 
21.5 21.5 21.5 21.5 21.5 21.5 21.5714 21.5714 21 21 21 21 21 21 21.4 21.4 21.4 21 21 21 21 22 22 22 22 20 20 20 
21.5 21.5 21.5 22 21.5 21.6 21.6 21.6 21.6 21.6 22 22 22 22 23 23 23 23 23 23 23 23.5 23.5 23.5 24 24 24 
21.5 21.5 21 21 21 22 22 22 22 22 22 22 22 22.25 22.25 23 23 23.5 23.5 23.5 23.5 23.5 23.5 23.5 23.5 23.5 24 24 
21.5 21.5 21.5 21.7143 22.25 22 20.6 20.6 21 22 22 22 22 22 22.5 22.5 22.5 22.5 22.5 22.5 23 23 
21.5 21.5 22 22 22 22.1667 22.1667 22.1667 22.1667 21.6 21.6 21.6 22 22 21.6667 21.6667 21.6667 21.6667 21.6667 21.6667 21.5 19 
21.5 21.5 21.5 21.5 21.7143 21.7143 21.7143 22.3333 22.3333 22.3333 22.3333 22.3333 22 21.75 22.6667 21.5 21.5 21.5 21.5 21.5 21.5 21 21 21 21 
21.5 21.5 21.5 21.5 21.5 21.5 21.5 21.5 21.8571 21.8333 21.8333 21.8333 21.8333 21.2 22.3333 22.3333 22.3333 22.3333 22.3333 22.3333 22.3333 22.3333 22.3333 22.3333 23.5 23.5 24 24 
21.5 21.5 21.5 22.5 22.5 22.5 22.5 22.5 22.5 23 23 23 23 23 23 22.75 22.75 23.3333 24 24 24 23 23 23 
21.5 21.5 21.5 21.5 21.5 21.5 21.5 21.5 21.5 21.5 21.5714 22.1667 22 22 22 22 22 22.75 22.75 22.75 22.75 22.75 22 22 22 22 21 20 
21.5 21.5 21.4286 21.4286 21.8333 21.8333 21.2 22 21.6667 21.6667 21.6667 21.6667 21.6667 21.6667 21.6667 21.6667 21.6667 21.6667 21.6667 20.5 20.5 20.5 20 20 20 20 
21.5 21.5714 22.1667 22.1667 22.1667 22.2 22.2 22.2 22.2 22.2 22.2 22 22 22 22 23 23 23 23 23 23 23 23 22 22 24 24 24 
21.5 21.7143 21.7143 21.7143 21.7143 21.7143 22.3333 22.2 22.2 22.2 21.75 21.6667 21.6667 22 22 22 22 22 22 22 22 22 19 19 19 
21.5 21 21.1667 22.5 22.5 22.5 22.3333 22.3333 22.3333 22.3333 22.3333 22.3333 22.3333 22.3333 22.5 21 21 21 21 21 21 21 21 21 21 21 
21.5 21.5 21 21 21 20.6667 21.2 21.25 21.25 21.25 21.25 21.25 21.25 21.25 21 21 21 22 22 20 20 20 20 20 20 
21.5 21 21 21.1667 21.1667 21.1667 21.1667 21.1667 21.1667 21.1667 21.1667 21.1667 21.1667 21.1667 21.2 22 21.6667 20.5 20.5 19 19 19 19 19 19 
21.5 21.5 21.5 21.5 21.5 21.5 21.1429 21.1429 21.1429 21.1429 21.1429 21.6667 21 21 21 21 21.25 21.25 20.6667 20.6667 20.6667 21.5 21.5 21.5 21.5 21.5 21.5 22 
21.5 21.5 21.5 21.7143 21.7143 21.8333 21.8 21.8 21.8 21.8 21 21 21 21 21 20 20 20 20 20 20 20 20 20 20 18.5 19 
21.5 21.5 21.5 21.5 21.5 21.5 21.5 21.5 21.5 22.3333 21.8 21.8 21.5 21.5 21.5 21.5 21.5 21.5 21.5 21.5 21.6667 21.5 19 19 19 
21.5 21.5 21.5 21.5 21.1429 21.3333 21.3333 21.3333 21.3333 22.25 22.25 21.3333 21.3333 21 21 23 
21.5 21.5 21.1429 21.1429 21.1429 21.1429 21.1429 21.1429 21.1429 21.1429 21.1429 21.1429 21.1429 20.5 20.8 20.5 20.5 21.3333 21.3333 21.3333 20.5 21 21 
21.5 21.5 21.5 21.5 21.1429 21.1429 20.8333 20.8333 20.6 20.6 20.6 20.6 21.25 21.25 21.25 21.25 21.25 21.25 21.25 21.3333 22 22 22 22 25 
21.5 21.5 21.5 21.5 21.5 21.5 21.5 21.5 21.5 21 20.8333 20.8333 20.4 20.4 20.4 20.4 20.4 20.5 20.5 20.3333 20.3333 20.3333 20.3333 20.3333 24 24 24 24 
21.5 21.8571 21.8571 22.5 22.5 22.5 22.5 22.4 22.4 22.5 22.5 22.5 21.6667 21.6667 21.6667 21.6667 21.6667 21.6667 21.6667 22 22 22 22 22 20 
21.5 21.5 21.5 21.5 21.5 21.5 21.5 22 22 22 22 22 22 22 21.8333 21.8333 21.8333 21.8333 21.4 21.4 21.25 21.25 20 20 20 20.5 20 20 
21.5 21.5714 21.5714 21.5714 22.125 22.1429 22.1429 22.8333 22.8333 22.2 22 21 21 21 20.25 20.25 20.25 20.25 20.6667 20.6667 20.6667 20.6667 20.6667 20.6667 19 19 20 
21.5 21.5 21.5 21.5 21.5 21.5 22.5 22.5 22.8 22.8 23.5 23.5 23.5 23.5 23.5 23.5 23.3333 24 24 24 24 23 
21.5 21.5 21.5 21.5 21.4286 21.1667 21.1667 20.4 20.4 20.4 20.4 20.5 20.5 20.5 20.5 20.5 20.5 20.5 20.5 20.3333 21.5 24 24 24 24 24 24 24 
21.5 21.5714 21.5714 21.5714 21.5714 21.5714 21.5714 21.5714 21.5714 21.5714 21.5714 21.5714 21.5714 21.3333 22 21.25 21.25 21.25 21.6667 20.5 20.5 20.5 22 22 22 22 
21.5 21.5 21.5 21.1429 21.1429 21.1429 20.5 20.5 20.5 20.5 20.5 20.5 20.5 20.6 20.5 22.5 22.5 22.5 22 22 22 22 22 22 
21.5 21.5 21.8571 21.8571 22.5 22.5 22.5 22.5 22.5 22.5 22.5 22.5 22.5 22.5 22.5 22.5 22.4 22.4 22.5 22 22 22 23 21 21 21 21 
21.5 21.5 21.1429 21.1429 21.1429 21.1429 21.1667 22.25 22.25 22.25 22.25 22.25 22 22 22 22 23.5 23.5 25 
21.5 21.1429 21.1429 21.3333 21.3333 21.3333 21.3333 21.3333 22 22.75 22.75 23.3333 24 24 24 24 24 24 24 24 24 24 24 24 24 24 25 
21.5 21.8571 21.8571 21.3333 21.3333 22 22 22 22 22 22 22 22 22 22 22 22 22 22 22 22 21.6667 21.6667 22.5 24 
21.5 21.5714 21.5714 21.5714 21.5714 21.5714 21 20.6 20.6 22 22 22 22 22 22 22 22 22 22 22 22 22 22 20 20 20 
21.5 22 22.5 22 22 22 22 22 22 22 22 22 22 22 22 22 22.6667 22.6667 22.6667 22.6667 22 21 21 21 21 21 21 
21.5 21.5 21.5 21.5 22 22 22 22 21.6667 22.2 22.2 22.2 22.2 21.5 21 21 21.5 21.5 21.5 21.5 21 21 21 
21.5 21.5 21.5 21.5 21.5 21.5 21.5 21.5 22.5 22.5 22.5 22.5 23 23 23 23 23 23 23 23.6667 23.5 23.5 25 25 25 25 25 25 
21.5 21.5 21.5 21.5 21.7143 21.7143 21.7143 21.1667 21.1667 21.1667 21.1667 21.1667 21.1667 21 22.6667 22.6667 22.6667 22.6667 22.6667 22.5 22.5 22.5 22.5 22.5 24 24 24 24 
21.5 21.5 21.5 21.5 21.5 21.7143 21.7143 21.1667 21.8 21.8 21.8 21.75 21.75 21.75 22 22 22 21.5 21.5 21.5 21.5 21.5 21.5 21.5 19 19 19 19 
21.5 21.5 21.8571 21.8333 21.4 21.4 22.25 21.3333 21.3333 21.5 21.5 21.5 21.5 21.5 21.5 21.5 21.5 21.5 21.5 21.5 21.5 21.5 21.5 21.5 21.5 23 23 
21.5 21.5 21.5 21.5 21.7143 22.6 22.6 23.5 23.5 24 24 24 24 24 24 24 24 24 24 24 23 23 23 
21.5 21.5 21.5 21.5 21.5 21.4286 21.4286 21 21 20.2 20.2 20 20 20 20 20 20 20 20.3333 21.5 21.5 20 20 20 
21.5 21.5714 21.5714 21 21 20.6 20.6 20.6 20.6 19.75 19.75 19.75 19.75 19.75 19.75 19.6667 22 22 22 22 22 22 22 22 22 22 
21.5 21.5 21.7143 21.7143 21.7143 21.3333 21.3333 21.3333 22.75 22.75 22.75 22.75 22.75 23 23 23 23 23 23 23 23 23 23 23 23 23 25 25 
21.5 21.5 21.5 21.5 21.4286 21.4286 21.4286 21.4286 21.4286 21.4286 22.6 22.6 22.6 22 22 22 22.6667 22.6667 22 22 22 22 23 23 23 
21.5 21.5714 21.5714 21.5714 22.1667 22.1667 22.1667 22.1667 21.8 22.5 22.5 22.5 22.5 22.6667 22.6667 21.5 21.5 21.5 20 20 20 20 20 20 20 20 20 20 
21.5 21.5 21.5 21.5 21.5 21.5714 21.5714 21.5714 21.5714 21.5 21.5 21 21 21 21 21.5 21.5 21.5 21.5 22.6667 22.6667 22.6667 21.5 20 20 20 20 20 
21.5 21.5 21.8571 22.5 22.5 22.5 22.5 22.4 22 22 22 22 22 22.6667 23 23 23 23 23 23 21 21 21 21 21 21 21 21 
21.5 21.5 21.2857 21.1667 21.1667 21.4 23.3333 23.3333 23.3333 23.3333 23.3333 23.3333 23.3333 23.3333 23.3333 23.3333 24.5 24.5 24 24 24 24 24 
21.5 21.5 21.5 21.5 21.5 21 20.8333 20.4 20.4 19.5 19.5 19.5 19 19 19 19.5 19.5 19.5 19.5 19.5 19.5 19.5 19 19 19 
21.5 21.5 21.5 21.5 21.5 21.5 21.5714 21.5714 21.5714 21 21 21 21 21 21 20.6 21 23 23 23 23 24 
21.5 21.5 21.5 21.5 21.1429 21.1429 21.1429 21.1429 21.1429 21.3333 21.3333 21.3333 21.3333 21.3333 21.3333 21.3333 21 21.75 21.75 22.6667 23.5 23.5 23.5 23.5 23.5 25 25 25 
21.5 21.5 21.5 21.5 21.8571 21.8571 21.8571 22 21.6 21.6 21.6 21.6 21.5 21 19 19 19 19 19 19 19 19 20 20 20 20 20 20 
21.5 21.5 21.5 21.5 21.5 21.5 21 21 21 21 20.5 21 20.5 20.3333 20.3333 20.3333 20.5 20.5 20.5 20.5 19 19 19 19 19 19 19 19 
21.5 21.5 21.8571 22.5 22.6 22.6 22.6 22.6 22.6 22.6 22.6 23 23 23 23 23 22.3333 22.3333 22.3333 22.3333 22.3333 21.5 23 
21.5 21.5 21.1429 21.3333 22 22 22 22.75 22.75 22.75 22.75 22.75 22.6667 23.5 23.5 25 25 25 
21.5 21.5 21.7143 21.7143 21.7143 21.7143 22.3333 22 22 22 22 22.75 22.75 22.75 22.75 22.75 22 22.5 22.5 22 22 
21.5 21.1429 21.1429 21.5 21.5 21.5 21.5 21.5 20.8 20.8 20.8 20.8 20.8 20.8 20.8 20.8 21 20.3333 20.3333 20.3333 20.3333 20.3333 20.3333 22 
21.5 21.5 21.5 21.5 21.5 21.5 21.5 21.2857 21.2857 21.2857 21.2857 20.8333 21.4 20.5 20.5 20.5 20.5 20.5 21 21 21 21.5 21.5 21.5 21 21 21 21 
21.5 21.5 22 22 21.8333 21.8 22 22 22 22 22 22 21.3333 21.3333 21.3333 22 22 22 22 19 19 19 19 19 19 19 
21.5 21.5 21.5 21.5 22 22 22.4 22.4 22.4 22.4 22.4 22.4 22.4 22.4 23.25 23.25 23.25 23 22 22 22 22 22 21 
21.5 21.5 21 21.1667 21.1667 21.1667 21.1667 21.1667 21.1667 21.1667 21.1667 21.1667 21.1667 21.1667 21.1667 21.1667 20.6 21.25 21.3333 21.3333 21.3333 22.5 22.5 22.5 22 22 
21.5 21.5 21.5 21.5 21.5 21.5 21.5 21.5 21.1429 21 21 21.2 21.2 23 24 24 24 24 24 24 24 23 23 23 23 23 23 
21.5 21.1429 21.1429 21.1429 21.1429 21.1429 21.1429 21.6667 21.6667 21.6667 21.6667 21.4 21.4 21.4 21.25 21.25 21.25 21.25 21.25 21.25 21.25 21.25 21.25 21.3333 19.5 19 
21.5 21.5 21.5 21.5714 21.5714 21.5714 22.1667 22.1667 22.1667 22.1667 22.1667 22.1667 22.1667 22.1667 22.2 22.2 23 22.3333 21.5 21.5 20 20 20 20 20 20 
21.5 21.5 21.5 21.5 21.5 21.1429 20.8333 20.8333 20.8333 21.2 21 21 21 21 19.6667 19.6667 20.5 20.5 20.5 20.5 20.5 20.5 20.5 21 21 21 21 21 
21.5 21.5 21.5 21.5 21.5 21.5 21.5 21.5 21.5 21.5 21.5714 21.5714 21.3333 21.3333 20.6 20.6 22 22 23 23 23 23 23 22 22 22 
21.5 21.5 21.5 21.5 21 21.5 21.2 21.2 21.2 21.2 21.2 21.2 21.2 21.75 21.75 21.75 22 22 22 22 22 20 20 20 20 
21.5 21.5 21.5 21.5 21.5 21.5 21.5714 21.5714 21.5 20.8 20.8 20.8 21 22 22 22 22 22 23.5 24 24 24 24 24 
21.5 21.5 21.5 21.5 21.5 21.5 22 22 22.3333 22.3333 22.3333 22.3333 22.3333 22.3333 22.3333 23 23 23 23 22.3333 22.3333 22.3333 22.3333 23 22 22 22 
21.5 21.5 21.7143 21.8333 21.8 22.75 22.75 22.75 22.75 22 22 22 22 21 21 21 21 22 22 22 23.5 23.5 23.5 24 24 
21.5 21.5 21.5 21.5 21.5 21.5 21.5 21.5714 21.5714 22.1667 22.1667 22.1667 22.1667 22.1667 22.1667 22.1667 22.1667 22 22 22.75 22 22 22 22 22 22 22 24 
21.5 21.5 21.5 21.5 21.5 21.5 21.5 21.5 21.5 21.4286 21.6667 21.6667 21.6667 21.6667 21.6667 21.6667 23.25 23.25 23.3333 23.3333 23.3333 23.3333 23 21 21 
21.5 21.1429 20.5 20.5 20.5 20.5 20.5 20.6 20.6 20.6 20.6 22 22 22 22 22 22 22 22 22 22 22 22 22 22 23 23 23 
21.5 21.5 21.2857 21.3333 21.3333 21.3333 21.3333 21.3333 22.75 22.75 22.75 22 22 22 22 22 21 21 21 21 20 20 20 20 20 20 20 
21.5 21.5 21.5 21.4286 21.5 21.5 21.5 21.5 21.5 21 21 21 21.25 21.25 21.25 21.25 24 24 24 24 24 24 24 24 24 25 
21.5 22 22 21.5 21.5 21.2 20.5 20.5 21 21 21 21 21 21 21 21 21 21 21.5 22 22 22 22 22 22 22 22 22 
21.5 21.5 21.5 21.5 21.5 21.5714 21.5714 21.5714 21.5714 21.5714 21.3333 21.3333 22 22 22 22 21.25 21.6667 21.6667 23 23 23 23 23 23 23 22 
21.5 21.5 21.5 21.5 21.5 21.5 21 21 20.6667 20.4 20.4 20.4 20.25 20.25 20.25 21.5 21.5 21.5 21.5 21.5 21.5 24 24 24 24 24 24 
21.5 21.5 21.5 21.2857 21.2857 21.2857 21.2857 21.2857 21.2857 21.2857 21.2857 21.2857 21.1667 21.1667 21.1667 21.1667 21.4 21.4 21.4 21.4 21.4 20.75 23 23 21 21 21 
21.5 21.5 22 22 22 21.8 21 20 20 20.5 20.5 20.5 20.5 20.5 20.5 20.5 20.5 20.5 20.5 20.5 21 21 
21.5 21.7143 21.7143 21.7143 21.7143 22.6 22.6 22.6 22.25 22.25 22.25 22.25 21.3333 21.3333 20.5 20.5 20.5 22 22 22 22 
21.5 21.5 21.5 21.5 21.5 21.5 21.5 21.1429 21.1429 21.1429 20.8333 20.8333 20.6 20.6 20.6 20.5 20.5 20.6667 22 22 22 19 19 
21.5 21.5 21.5 21.5 21.5 21.5714 21.5714 21.5714 22.8 22.8 22.8 22.8 22.8 22.8 22.25 22.25 22.25 22.25 22.25 22.25 22.25 21.6667 21.6667 21.6667 21 22 22 22 
21.5 21.5 21.5 21.5 21.5 21.5 21.4286 21.4286 23.1667 23.1667 23.1667 23.1667 23.1667 23.1667 23.1667 22.8 22.8 22 22 22 22 22 22.3333 23.5 23.5 23 23 
21.5 21.5 21.5 21.2857 21.2857 21.2857 21.2857 21.2857 21.1667 22.25 22.25 23.3333 23.3333 23.3333 23 23 23 23 21 21 
21.5 21.5 21.5 21.5 21.5 21.5 21 21 21 21 21.1667 21.1667 21.1667 20.8 20.8 20.8 22.3333 22.3333 22.3333 22.5 22.5 22.5 22.5 22.5 24 24 
21.5 21.4286 21.4286 21.4286 21.4286 21.4286 21.1667 21.4 22.25 22.25 22.25 21.3333 21.3333 21.3333 21.3333 22.5 22.5 22.5 22.5 22.5 24 24 24 24 
21.5 21.5 21.4286 21.4286 21.4286 21.4286 21.1667 21.1667 21.1667 20.4 19.5 19.6667 19.6667 19.6667 19.6667 19.6667 19.6667 19.6667 19.6667 19.6667 19.5 21 21 21 
21.5 21.5 21.5 22 22 22 22 22 22 22 21.8333 21.8333 21.2 21.2 21.2 21.25 20.3333 20.3333 20.5 20.5 19 19 19 19 19 
21.5 21.5 21.5 21.5 21.5 21 20.6667 20.6667 20.6667 20.6667 20.6667 20.4 20.25 19 19 19 19 19 19 19 18.5 18.5 18.5 
21.5 21.5 21.7143 21.7143 21.1667 21.1667 21.1667 21.1667 21.6 21.6 21.6 21.6 21 21 21 21 21 21 21 22 22 21.5 22 22 22 22 22 22 
21.5 21.8571 21.8571 21.8571 22.5 22.8 22.8 22.8 22.8 22.8 22.8 22.8 22.5 22.5 22.5 22.6667 22.6667 22.6667 22.5 22.5 25 
21.5 21.5 21.5 21.5 21.1429 21.1429 21.1429 21.1429 21.5 21.5 21.5 21.5 21.5 22.25 22.25 22.25 22.25 22.25 23 23 24 24 23 23 23 
21.5 21.5 21.8571 22.5 22.5 22.5 23 23 22.5 22.5 22.5 22.3333 22.3333 22.3333 22.5 22.5 22.5 22.5 22.5 22.5 24 24 
21.5 21.5 21.5 21.5 21.5 21.5 21.5 21.5 21.5 21.5 21.4286 21.5 21.5 22.2 22.2 23 23 23 23 23 23 23 22.5 25 25 25 25 
21.5 21.5 21.5 21.4286 21.4286 21.1667 21.1667 21.1667 21.1667 21.1667 21.2 21.2 20.25 20.25 20.25 20.25 20.6667 20.6667 22 22 22 24 
21.5 21.5 22 22 22 22 22.125 21.8571 21.8571 22.1667 22.1667 22.1667 22.2 22.2 22 22 23.3333 23.3333 19 19 
21.5 21.5 21.5 21.5 21.5 21.5 22 22 22 22 22 22 22.5 22.6 22.5 22.5 22.5 22.5 22.5 22.5 23.3333 23.3333 23.3333 23.3333 23.3333 23.3333 22.5 24 
21.5 21.5 21.8571 23 23 23 23 23 23.5 23.6667 23.6667 23.6667 23.6667 24.5 24.5 24.5 24.5 24.5 24.5 24.5 24.5 24.5 24.5 24.5 25 25 
21.5 21.2857 21.1667 21.1667 21.1667 21.6 21.6 22.5 22.5 22.5 22.5 23 22.5 22.5 22.5 22.5 22.5 20 20 20 20 20 20 20 20 
21.5 21.8571 21.8571 22.8 22.8 22.8 22.5 22.5 22.5 22.5 22.5 22.5 22.5 22.5 22.6667 22.6667 22.6667 22.6667 22.6667 22.6667 22.6667 22.6667 22.6667 22.5 22.5 20 20 20 
21.5 21.5 22 22 22 22 22.5 22.5 22 22 22 22 21.3333 21.3333 21.3333 21.3333 21.3333 22 22 21 21 
21.5 21.5 21.5 21.5 21.5 21.5 21.4286 21 21 21 21 21.2 21.75 21.75 21.75 24 24 24 24 24 24 25 25 25 25 25 
21.5 21.5 21.5 21.5 21.4286 21.4286 20.8333 20.8333 20.8333 20.8333 20.8333 20.8333 20.8333 20.8333 20.8 20.8 21 21 21 21 21 23.5 23.5 24 
21.5 21.1429 21.1429 21.1429 21.1429 21.1429 21.1429 21.1429 21.1429 21 21 21.6 21.6 21.25 21.25 22 22 22 22 23 23 23 23 23 21 21 21 
21.5 21.5 21.4286 21 21 21 21 21 21 21.25 20.6667 20.6667 22 22 22 22 22 22 22 25 25 25 25 25 25 25 25 
21.5 21.5 21.7143 21.7143 21.7143 23 23 23.5 23.5 23.5 24 24 24 24 23.5 23.5 23.5 23.5 23.5 24 24 24 24 24 24 24 24 
21.5 21.5 21.5 22.5 22.5 22.5 22.6 23.25 23 23 23 23 22 22 22 22 22 21 21 21 21 21 21 21 21 21 21 21 
21.5 21.7143 21.7143 21.7143 21.7143 21.7143 22.3333 22.3333 22.3333 23 23 23 23 23 23 23 23 23 23 23 23 23 23 23 23.3333 23 21 
21.5 21.5 21.5 21.5714 21.3333 21.3333 21.6 23.6667 23.6667 23.6667 23.6667 23.6667 23.6667 23.6667 23.6667 24.5 24.5 25 25 25 25 25 25 
21.5 21.8571 21.8571 22.5 22.5 22.5 22.5 22.2 22.2 22.2 22.2 22.5 22.5 22.5 22.5 22.5 22.5 22.5 22.5 22.5 22.5 22.6667 24 24 24 25 25 25 
21.5 21.5 21.4286 21.1667 21.1667 21.8 21.8 21.8 21.8 21.8 21.8 21.8 21.25 21.25 21.25 21.25 21.6667 21.6667 22 22 22 22 22 22 22 19 19 
21.5 21.5 21.5 21 21 21 21 21 20.4 20.4 20.4 20.4 20.4 19.75 19.75 19.75 19.75 19.75 19.75 19.75 19 19 19 19.5 19.5 19.5 20 20 
21.5 21.2857 21.2857 21.5 21.5 22.2 21.5 21.5 21.5 21.5 21.5 21.5 21.6667 21.6667 21.6667 21.6667 23 23 23 24 
21.5 21.5 21.5 21.5 21.5714 21.5714 21.5714 21.5714 21.5714 21.5 21.5 21.5 20.8 20.8 20.8 20.8 21 22 21.5 21.5 21.5 21.5 19 
21.5 21.5 21.5 21.5 21.4286 21.4286 21.6667 21.6667 22.4 22 23 23 23 23 23 23 23 23 23 23 24 24 24 24 23 23 23 23 
21.5 21.5 21.5 21.5 21.5 21.5 22 22 21.5 21.6 22 22 22 22 22 22 22 22 22 22 22 22 21.6667 21.6667 20.5 20.5 19 19 
21.5 21 21 21 20.4 20.4 20.4 20.4 20.4 20.4 20.4 20.4 21 21.3333 21.3333 21 21 21 19 19 19 19 19 19 19 19 
21.5 21.5 21.5 21.5 21.5 21.1429 21.6667 21.6667 21.6667 21.6667 21.6667 22 21.25 21 21 21 22 22 22 22 22 21 21 
21.5 21.5 21.7143 21.6667 21.6667 21.6667 22.75 22.75 22.3333 22.3333 22.3333 22.3333 21 21 21 23 23 23 
21.5 21.5 21.4286 21.4286 21.4286 21.4286 21.4286 22.4 22.4 22.4 22.4 22.4 22.4 22.4 22.4 22.25 22.25 22.25 22.25 23.3333 23.3333 23.3333 23.3333 24.5 24.5 24 24 24 
21.5 21.2857 21.2857 21.2857 21.5 21 21 21 21 21 21 21 21 22.6667 22.6667 22.6667 22.6667 23 23 21 
21.5 21.5 21.5 22.5 22.5 22.5 22.5 22.5 22.8 22.8 22.8 22.8 22.75 22 22 22 22 22 22 22 22 22 20 20 20 
21.5 21.5 21.5 21.5 21.4286 21.4286 21.4286 21.6667 21.6667 21.6667 21.2 21.2 21.2 21.25 21.25 21.25 20.6667 20.6667 20.6667 20.6667 20.6667 22 22 22 22 19 19 19 
21.5 21.5 21.7143 21.7143 21.7143 21.7143 21.6667 21.6667 21.6667 21.6667 21.2 21.2 22 22 21.6667 21.6667 22 22 22 22 22 19 19 19 19 19 19 
21.5 21.5 21.5 21.5 21.5 21.5 21.5 21.5 21.5 21.2857 21.2857 21.2857 21.2857 21.2857 20.8333 20.8333 20.8333 20.8 19.75 20.3333 20.3333 20.3333 19.5 19 
21.5 21.5 21.5714 21.5714 21.5714 21.5714 21.5714 21.5714 21.8333 21.8333 21.8333 21.6 23.6667 23.6667 23.6667 23.6667 24.5 24.5 24.5 24.5 24.5 24 24 24 24 24 24 
21.5 21.5 21.5 21.5 21.5 21.7143 22.3333 22.3333 22.3333 22.3333 22.3333 22.3333 22.3333 22.3333 22.3333 22.3333 22.6 22.6 22.6 22.6 22.6 23.5 24 24 24 24 25 25 
21.5 21.2857 21.2857 21.2857 20.6667 20.6667 20.8 20.8 20.8 20 20 20 20 20 20 20.3333 20.3333 20.3333 21.5 21.5 21.5 21.5 21.5 21.5 21 
21.5 21.5714 21.5 21.5 21.5 21.5 21.5 21.2 21.2 20.25 21 22 20 20 20 20 20 20 20 20 20 20 20 20 
21.5 21.5 21.5 21.5 22.5 22.5 22.5 22.5 23 23 23 23 22.6667 22.6667 22.6667 22.6667 22.6667 22.6667 22.6667 22.6667 23.5 23.5 23.5 23.5 23.5 23.5 22 22 
21.5 21.5 21.5 22 22 22 22 22 22 22 22 22.6 22 22 21.6667 21.6667 21.6667 21.6667 21.6667 21.6667 21.6667 21.6667 22.5 22.5 22.5 21 
21.5 21.5 21.5 21.5 21.4286 20.8333 20.8 20.8 20.8 21.5 21.5 21.5 21.5 22 22 22 22 22 22 21.5 21.5 21.5 24 24 24 24 24 24 
21.5 22.1667 22.1667 22.1667 22.1667 22.1667 22.1667 22.1667 22.1667 21.6 21.5 21.5 20.6667 19.5 19.5 19.5 19.5 19.5 19.5 19.5 19 19 19 
21.5 21.5 21.5 21 21 21 21 21.6 21.6 21.6 21.25 21.25 21.6667 21.6667 21.5 21.5 21.5 21.5 24 24 24 24 24 24 24 24 24 24 
21.5 21.5 21.5 21.5714 21.5714 21.5714 21.5714 21.5714 21.5714 21.5714 21.1667 22.5 22.5 22.3333 22.3333 22.3333 22.3333 21 22 22 22 22 22 22 
21.5 21.1429 21.1429 21.1429 21.1429 21.1429 21.1429 21.1429 21.5 21.5 21.5 21.2 21.2 21.2 20.25 20.25 20.25 20.25 20.25 19.6667 19.6667 19.6667 19.6667 19.6667 20 20 
21.5 21.7143 21.7143 21.7143 21.6667 21.6667 22.4 22.4 23.25 23.25 22.6667 22.5 22.5 24 24 24 24 
21.5 21.5 21.5 21.5 21.5 21.5 21.1429 21.1429 21.1429 20.5 20.5 20.5 20.5 20.5 20.5 20.8 21.5 21.5 21.5 21.3333 21.3333 22 22 21 21 
21.5 21.5 21.1429 21.1429 21.1429 21.1429 21.1429 21.1429 21.1429 21.1429 20.8333 20.8 21.5 21.5 21.5 22 22 22 20.5 20.5 20.5 22 22 22 22 22 
21.5 21.1429 21.3333 21.3333 21.3333 21.3333 21.3333 21.3333 21.3333 21.3333 21.3333 21.4 21.4 21.4 22 22 22 23.3333 23.3333 23.5 25 25 25 25 25 
21.5 22.3333 21.8 21.5 21.5 21.5 21.5 21.5 21.5 21.5 21.5 22.3333 22.3333 22.3333 22.3333 23 23 23 23 23 24 24 24 
21.5 21.5714 21.5714 22.8 22.8 22.8 22.8 22.8 22.8 22.8 22.8 22.8 22.8 22.75 22.75 22 22 22 22 22 21 21 21 21 21 20 
21.5 21.5 21.5 21.5 21.5 21.5 21.7143 23 23 23 23 23.5 23.5 23.5 23.5 23.5 23.5 23.5 23 23 23 23 23 23 23 23 23 22 
21.5 21.5714 21.5714 21.8333 21.8333 22.6 22.6 22.6 22.6 22.6 22.6 22.6 22.6 22.6 22.6 22.25 22.25 22.25 22.25 22 22 22 22 22 22 19 19 
21.5 21.7143 21.7143 21.7143 21.7143 21.7143 21.5 22.2 22.2 21.75 21.75 21.75 21.75 21.75 21.75 21.75 22 22 23.5 23.5 23.5 23.5 22 22 22 22 22 
21.5 21.5 21.5 21.5 21.5 21.5 21.5 21.5 21.5 21.5 21.5 21.5 21 21 20.8333 20.8333 20.8333 20.8333 21.2 21.2 21.2 21.2 22.6667 22.6667 22.5 22.5 21 
21.5 21.5 21.5 21.5 21.5 21.5 21.5 21.5 21.5 21.5 21.5 21 21.1667 21.6 21.6 21.75 21 21 20 20 20 22 22 22 22 22 22 22 
21.5 21.5 21.7143 21.7143 21.7143 21.3333 21.3333 21.3333 21.3333 21.3333 21.3333 21.3333 21.3333 21.3333 21.3333 21.4 21.25 21.25 21.25 20 20 21 21 19 19 19 
21.5 21.4286 21.4286 21.4286 21.4286 21.8333 21.6 21.6 21.6 22.5 23 23 23 23 24.5 24.5 25 25 25 25 25 25 
21.5 21.5 21.7143 21.7143 21.7143 21.7143 21.7143 21.7143 21.1667 21.1667 21.8 21.8 21.8 21.8 21.8 21.8 21.8 21.25 21.25 21.25 21.25 20.6667 21.5 21.5 21.5 22 
21.5 21.5 21.5 21.5 21.4286 21.5 21.5 21.8 21.8 21.25 21.25 21.25 22.3333 22 22 22 22 19 19 19 19 19 
21.5 22 22 22 22 21.5 21.6 21.6 21.6 22 22 22 22 22 22 22 22 23 23 23 22.5 22.5 22.5 22.5 22.5 22.5 22 22 
21.5 21 20.6667 20.6667 20.6667 20.6667 21.2 21.2 21.2 21.2 21.2 21.5 21.5 21.5 21.5 21.5 21.5 21.5 21.5 21.5 21.5 21.5 21.6667 20.5 20.5 22 22 22 
21.5 21.5 21.5 21.4286 21.4286 20.8333 20.8333 20.8333 20.8333 20.8333 20.8333 20.8333 20.8333 20.8333 20.4 21.6667 21.6667 22 22 20 20 20 20 20 20 
21.5 21.5 21.5 21.5 21.5 21.7143 21.7143 21.7143 21.7143 21.7143 21.7143 21.8333 21.8333 22.6 22.6 22.75 22.6667 22.6667 24.5 24.5 24.5 24 24 24 
21.5 21.5 21.5 21.4286 21.5 21.5 21 21 21 22.6667 22.6667 22.6667 22.6667 22.6667 22.6667 22.6667 22.5 25 25 25 25 25 
21.5 21.5 21 21.1667 21.1667 21.1667 21.1667 21.1667 21.1667 21.1667 21.1667 21.1667 21.1667 21.1667 21.6 21.6 21.6 21.75 21.75 21.75 23.5 23.5 23 23 23 23 23 
21.5 21.2857 21.8333 21.8333 21.8333 21.8333 22 22 22 21.5 20.3333 20.3333 20.3333 19.5 19.5 19.5 19 19 19 19 19 19 19 19 19 
21.5 21.7143 21.7143 21.7143 21.7143 21.7143 21.7143 21.3333 21.3333 22.75 22.75 22.75 22.75 22.75 22.75 22.75 22.75 22.75 22.75 22 22 22 22 22 22.5 22.5 22 
21.5 21.5 21.5 21.5 21.5 21.5 21.5 21.5 21.2857 21.2857 21.2857 21.2857 20.8333 20.8333 20.8333 20.8333 20.8333 20.8333 20.8 21.5 21.5 22.3333 22.5 22.5 20 20 20 20 
21.5 21.5 21.5 21.5 21.5 21 21 21 21 21 22 22 22 22.5 22.5 22 22 22 22 22 22 22.5 22 22 22 22 22 22 
21.5 21.5 21.2857 20.6667 20.6667 20.6667 20.6667 20.6667 21.2 21.2 21.2 21.2 21.2 21.2 21.2 21.2 21.2 21.2 21.2 21.2 21 21 21.6667 20.5 21 
21.5 21.7143 21.7143 21.7143 21.8333 21.2 21.2 21.2 21.2 21.2 23 23 23 23 23 23 23 22 22 
21.5 21.5 21 21 21 20.6667 20.6667 20.6 22 22 22 22 22 22 22 22 22 22 22 22 24 24 24 24 24 24 24 24 
21.5 21.5 21.4286 21.4286 21.4286 21.4286 21.6667 21.6667 21.6667 21.6667 21.2 21.2 20.25 20 20 21 21 21 21 23 23 23 
21.5 21.5 21.5 21.5 21.5 21.1429 21.5 20.8 20.5 20.5 20.5 20.3333 20.3333 20.3333 20.3333 20.3333 20.3333 21.5 21.5 21.5 21.5 21.5 21.5 21.5 21.5 21.5 20 
21.5 21.5 21.5 21.5 21.5 21.5 21.5714 21.5714 21.5714 21.8333 21.8333 21.8333 21.8 21.25 21.25 21.25 21.25 21.25 22.3333 22.3333 22.3333 21 21 19 
21.5 21.5 21.8571 22.5 22.6 22.6 22.6 22.6 22.6 23 23 23 23 23 23 23 23 23 23 23 22 22 22 22 22 24 24 
21.5 21.5 21.8571 22.5 23 22.75 22.75 22.75 23.3333 23.3333 23.3333 23.3333 24 24 24 24 24 24 24 25 25 25 25 25 
21.5 21.8571 21.6667 21.6667 21.6667 22.75 22.75 22.75 22.75 22.75 22.75 22.75 23 23 23 24.5 24.5 24.5 25 25 25 25 25 25 25 25 
21.5 21.7143 21.7143 21.7143 21.7143 21.7143 21.7143 21.7143 21.1667 21.1667 21.1667 21.1667 21 20.25 20.25 20.25 20.25 20.25 20 20 20 20 20 18.5 
21.5 21.5 21.5 21.5 21.5 21.5 21.5714 21.5714 21.5714 21.5714 21.5 21.8 21.8 21.8 21.8 21.8 21.8 21.8 21.8 21.5 22.6667 22.6667 22 22 22 19 
21.5 21.2857 21.2857 21.2857 21.1667 21.1667 21.1667 21.1667 21.1667 21.1667 21.1667 21.1667 21.1667 21.1667 21.1667 21.1667 21.1667 21.4 21.4 21.4 20.5 21 21 22.5 24 24 24 24 
21.5 21.8571 21.8571 21.8571 21.8571 21.8571 22 22 21.8 21.8 22.75 22.3333 22.3333 22.3333 22.3333 22.3333 22.3333 22.5 22.5 22.5 22.5 20 20 
21.5 21.5 22 21.5 22 22 22 22 22 22 21.75 21.75 21.75 22.3333 22.3333 22.3333 23 23 23 23 23 23 23 23 23 23 23 22 
21.5 21.5 21.5 21.5 21.5 21.5 21.7143 21.7143 21.7143 21.7143 21.7143 21.7143 22.1667 22.1667 21.6 21.25 21.3333 23 23 24 
21.5 21.5 21.7143 21.7143 21.7143 23 23 23 23 22.75 22.75 22.75 22.75 22.75 22.75 22.6667 21.5 21.5 21.5 21.5 21.5 21.5 21.5 21.5 21.5 21.5 22 
21.5 21.5 21.5 21.5 21.5 21.5 21.5 22 22 22.6 22.6 22.6 22.6 22.6 22.6 22.6 22.6 22.6 23.25 23.25 24 24 24.5 24.5 24.5 24.5 24.5 25 
21.5 21.5 21.5 21.5 22.5 22.5 22.5 22.4 22 22 22 22 22 22 22 22 22 23 23 23 23 23 23 21 21 
21.5 21.5 21.5 21.2857 21.3333 21.3333 21.3333 22 22 22 21.5 21.5 21.5 21.5 21.5 21.5 22.3333 22.3333 21 21 21 20 20 20 20 
21.5 21.7143 21.7143 23 23 23 23 23 23 23 23 22.6667 22.6667 22.6667 22.6667 22.6667 22.6667 22.6667 23.5 23.5 22 22 22 
21.5 21.5 21.5 21.5 21.4286 21.4286 21.4286 21.4286 21.4286 21.4286 21.4286 21.4286 21.4286 21.6667 21 21 21 21.75 21.75 21.75 21.75 22.6667 22.6667 22.5 24 24 24 
21.5 21.5 21.5 21.5 21.4286 21.4286 22.4 22.4 22.4 22.4 22.4 22.75 22.75 22 22 22 22 22 21.5 19 19 19 19 19 19 19 19 19 
21.5 21.5 21.5 21.5 21.7143 21.7143 22.3333 22.3333 23 23 23 23 23 23.5 23.5 23.5 23.5 23.5 23.5 23.5 23.5 24 24 23.5 24 24 
21.5 21.5 21.5 21.5 21 21 21 21 21 21 21 21 21 20.5 21 20.75 20.75 21 21 20 20 20 20 21 21 21 21 
21.5 21.5 21.5 21.5 21.5 21.5 21.7143 22.3333 22.3333 22.3333 21.8 21.75 21.75 21.75 21.75 21.75 21.75 21.3333 20 20 20 20 21 21 21 21 
21.5 21.5 21.5 21.5 21.2857 20.8333 21 20.75 20.75 20.75 20.75 20.75 20.6667 25 25 25 25 25 25 25 25 25 
21.5 21.8571 21.8333 23.25 23.25 23.25 23.25 23.25 22.6667 22.6667 22.6667 23.5 23 23 23 23 23 23 23 23 23 23 23 
21.5 21.5 21.2857 21.2857 22.4 22.4 22.4 22.4 22.4 22.4 22.4 23 22.3333 22.3333 22.3333 22.3333 22.3333 22.3333 22.3333 23 23 23 23 24 24 24 24 24 
21.5 21.5 21.1429 20.5 20.5 20.5 20.5 20.6 20.6 20.6 20.6 20.6 20.6 20.6 20.25 20.25 19.3333 19.3333 18.5 18.5 18.5 18.5 18.5 18.5 19 19 19 
21.5 21.5 21 21 21 21 21 21 21 21 21 21 21 21 21 20.6 20.25 20.25 20.3333 20.3333 20.3333 20.3333 20.3333 18.5 
21.5 21.5 21.1429 21.1429 21.6667 21 21 20.75 20.75 20.75 20.75 20.75 21.3333 21.3333 21.3333 21.5 21.5 21.5 21.5 20 20 20 20 20 20 20 20 20 
21.5 21.5 21.5 21.5 21.4286 21.4286 21.4286 21.4286 21.4286 21.4286 21.4286 21.4286 21.4286 20.8333 20.8333 20.8333 20.8 20.8 20.8 20.8 20 21.5 21.5 21.5 20 20 20 20 
21.5 21.5714 22.8 22.8 22.8 22.8 22.8 22.8 23.5 23.5 23.6667 24.5 24.5 24.5 24.5 24 24 24 24 24 24 24 
21.5 21.5 21.7143 21.7143 21.7143 21.5 21.5 21.5 21.5 21.5 21 20 20 20 20 20 20.6667 20.6667 20.6667 20.6667 20.6667 20.6667 20.6667 20.5 20.5 22 22 22 
21.5 21.5 21.5 21.5714 21.3333 21.2 21.2 21.2 21.2 20.25 20.25 20.25 20.25 20.25 20.25 20.25 20.25 20.25 20.25 19 19 19 19 19.5 19.5 19 
21.5 21.5 21.1429 20.5 20.5 20.5 20.5 20.5 20.5 20.6 20.6 21.25 21.25 21.25 21.25 21.25 21.25 21.25 21.25 21 21 21 21 21 21 19 
21.5 21.2857 21.1667 21.2 21.2 21.2 21.2 21.2 21.2 21.2 21.2 21.2 21.2 21.2 21.2 21.2 21.2 21.2 22 21 21 21 19.5 19.5 20 20 20 20 
21.5 21.5 21.5 21.5 21.5 22 22 21.8333 21.8333 21.8333 21.8333 21.8333 22 22 22 22 22 22 22 21.5 21.5 21.5 21.3333 19.5 19.5 19.5 19.5 20 
21.5 21.5 21.5 21 20.5 20.5 20.5 20.5 20.5 20.5 20.5 20.4 20.4 20.4 20.75 20.75 20 20 20 20 20 19 19 
21.5 21.1429 21.1429 21.1667 21.1667 20.8 20.8 20.8 20.8 20.5 20.5 20.5 20.5 22 22 22 22 22 22 22 22 22 19 
21.5 21.5 21.7143 21.7143 21.6667 21.6667 22.75 22.75 22.75 22.75 22.75 22.75 22.75 22.75 22.75 22.75 22.75 22.75 24 24 24 24 24 24 25 
21.5 21.5 21.5 21.1429 21.1429 21.1429 20.8333 20.8333 20.8333 20.8333 21.2 21.2 21.2 22.6667 22.6667 22.6667 22.6667 21.5 21.5 21.5 22 
21.5 21.5 21.5 21.5714 21.5714 21.5714 21.5714 21.5714 21.5714 22.1667 22.1667 22.1667 22.1667 22.2 21.75 21.75 21.75 21.75 21.75 21.75 21.75 21.75 22.3333 21 23 
21.5 21.2857 21.6667 21.6667 21.6667 22.4 22.4 22.75 22.75 22.75 22.3333 22.3333 22.3333 22.3333 23.5 23.5 23.5 22 22 22 22 22 22 22 22 22 22 
21.5 21.5 21.5 21.5 22 22 22 22 21.6667 21.6667 21.6667 21.6667 21.6667 21.6667 21.6667 21.6667 21.6667 22.2 22.2 22.75 22.6667 22.6667 22.6667 23 23 25 
21.5 21.5 21.5 21.5 21.7143 21.8333 21.8333 21.8333 21.8333 21.8333 21.4 21.4 22.25 22.25 22.25 22.25 21.3333 21.3333 21.3333 22.5 23 
21.5 21.5 21.5 21.5 21.5 21.5 21 21 21 21 21 21 21.5 21.5 21.5 21.5 22 22 22.25 23 23 22.5 22 22 22 22 22 
21.5 21.5 21.5 21.5714 21.5714 21.5714 21.5714 21.5714 21.5714 21.5714 21 21 21 20.6 20.6 20.6 20.25 20.25 19 19 19 19 18.5 18.5 18.5 
21.5 21.4286 22 22 22 22 22 22 22 22 22 21.8 21.8 21 20 20 20.5 20.5 20.5 20.5 20.5 20.5 20 20 20 
21.5 21.5 21.8571 22.5 22.2 22.2 22.2 22.2 22.2 22.2 22.2 22.2 22.5 22.6667 21.5 21.5 21.5 21.5 21.5 23 23 23 23 
21.5 21.5 21.5 21.5 21.5714 21.5714 22 22 22 22 22 22 24 24 24 24 24 24 24 24 24 24 24 24 24 24 23 23 
21.5 21.8571 21.8571 22.5 22.5 22.5 22.5 22.5 22.5 22.5 22.5 22.5 22.5 22.5 22.5 22.5 22.2 21.5 21.5 21 21 21.5 22 22 22 22 
21.5 21.5 21.5 21.2857 21.2857 21.2857 21.2857 21.2857 21.2857 21.5 21.5 21.5 22.5 22.5 22.5 22.5 22.5 22 22 22 22 22 22 25 25 
21.5 21.2857 21.2857 21.2857 21.2857 21.2857 21.2857 21.2857 21.2857 21.2857 21.2857 22.4 22.4 22.4 23 23 23.3333 23 23 21 21 21 21 
21.5 21.5 21.5 21.5714 21.5714 21.5714 22.1667 22.1667 22.2 22.2 22.2 22.75 22.75 22.75 22.6667 21.5 21.5 21.5 21.5 21.5 21.5 19 19 19 19 19 
21.5 21.5 21.5 21.5 21.1429 21.5 21.6 22 23.3333 23.3333 23.3333 23.3333 23.3333 23.3333 22.5 22.5 22.5 22.5 22.5 22.5 22.5 22.5 22.5 22.5 23 23 23 23 
21.5 21.5 21.4286 21.4286 21.4286 21.4286 21.4286 21.4286 21.4286 21.4286 21.4286 21.4286 21.4286 21.4286 21.6667 21.6667 21.2 21.2 21.2 23 23 23 24 24 23 
21.5 21.5 21.5 21.5 21.5 21.5 22 22 22 22 22 22.1667 22.1667 22.1667 22.1667 22.2 22.2 23 23 23 23 22.3333 22.3333 21.5 21.5 21.5 23 23 
21.5 21.5 21 21 21 20.8333 20.8333 20.8333 20.8333 20.8333 20.4 20.4 20.4 20.4 19.5 20 20 20 20 20 19 19 19 19 19 19 19 19 
21.5 21 20.6667 20.4 20.4 20.4 20.4 20.4 20.4 20.4 20.4 19.5 19.5 19.5 19.5 19.5 19.5 19.5 19.3333 19.5 19.5 19.5 18 18 
21.5 21.5 21.5 21.5 21.5 21.2857 21.2857 21.2857 21.1667 21.2 21.2 21.2 21.2 21.2 21.2 22 21 21.5 21.5 21.5 19 19 19 19 19 19 19 
21.5 21.5 21.5 21.5 21.4286 21.8333 22.2 22.2 22.2 22.2 21.5 21.5 21.5 21.5 22.6667 22.5 22.5 21 21 21 
21.5 21.5 21.4286 21.4286 21.4286 21.4286 21.8333 21.8333 21.8333 22.6 22.6 22.6 22.6 22.6 23 23 23 23 24 24 24 24 24 23.5 23 23 
21.5 21.5 21.5 21.5 21.5 21.1429 20.8333 20 20 20 20 20 20 20 20 20 20 20 20 19.5 19.5 19.5 19.5 19 19.5 19.5 19 
21.5 21.1429 21.1429 21.1429 21.1429 21 21 21 21.2 21.2 22 22 22 22.3333 22.3333 22.3333 22.3333 22.3333 22.3333 22.3333 22.3333 22 22 22 22 22 25 
21.5 21.5 21.5 21.5714 22.8 22.8 22.8 22.8 22.5 22.5 22.5 22.5 22.5 22.5 22.3333 23.5 23.5 23.5 22 22 22 
21.5 21.8571 21.8571 21.8571 21.8571 21.8571 21.8571 21.8571 21.5 21.5 21.5 21.5 21.5 21.5 20.8 21.5 21.5 21.5 21.5 21.3333 21.3333 21.3333 20.5 21 21 21 21 
21.5 21.2857 21.8333 21.8333 21.8333 21.8333 22.4 22.4 22.5 22.5 22.5 22.5 22.5 22.5 22.5 22.5 22.5 22.5 22.5 22.5 22.5 22.5 22 22 22 22.5 25 
21.5 21.5 21.5 21.1429 21.1429 20.8333 20.6 20.6 20.6 20.6 20.6 21.6667 21.6667 21.6667 20 21 21 21 
21.5 21.5 21.5 21.5 21.4286 21.4286 21.8333 23.25 23.25 23.25 23.25 23.25 23.25 23.25 24 24 24 24 24 24 24 25 25 25 25 
21.5 21.5 21.7143 21.7143 21.7143 21.7143 22.3333 22.3333 22.3333 22.3333 22.3333 22.3333 22 22 22 22.75 22.75 22.75 22.75 22.75 22.75 22.6667 23.5 23.5 23.5 25 25 
21.5 21 21 21 21 21 21 21 21.5 22 22 21.75 21.75 21.75 21.75 21.75 21.75 21.75 21.75 21.75 21.75 21.75 21.75 22 22 20 
21.5 21.1429 21.1429 21.1429 20.5 20.5 20.5 20.5 20.5 20.5 20.5 20.6 20.25 20.25 20.25 20.25 20.25 20.25 20.25 20.25 20.25 20.25 20.25 20.25 22 21 
21.5 21.5 21.5 21.5 21.5 21 21 21 21.1667 21.1667 21.8 21.5 21.5 22.3333 23 23 23 24 24 24 24 24 
21.5 21.5714 21.5714 21.5714 21.5714 21.5714 21.5714 21.5714 21.5714 21.8333 21.8333 21.8 24 24 24 24 24 24 24 24 24 24 24 23 23 23 23 23 
21.5 21.4286 21.4286 21.4286 21.4286 21.4286 21.4286 21.4286 21.4286 21.4286 21.1667 21.1667 21.1667 21.1667 21.1667 21.2 20.25 22 22 22 22 20 20 20 20 20 20 
21.5 21.4286 21.4286 22 22 22 22 22 21.4 20.75 20.75 20.75 20.75 21.3333 21.3333 21.3333 21.3333 20.5 20.5 20.5 20.5 20.5 20.5 20 20 20 20 
21.5 21.5 21.5 21.5 21.5 21.5 21.5 21.1429 21.1429 21.1429 21.1429 21.6667 22 22 22 22 22.75 23.3333 23.3333 23.3333 22.5 22.5 23 23 23 23 
21.5 21.5 21.5 21.5 21.5 21.5 21.4286 21.4286 21.4286 21.4286 22.6 22.6 22 21.3333 21.3333 21.3333 21.3333 22 23 23 23 23 23 23 23 23 23 23 
21.5 21.5 21.5 21.5 21.4286 21.4286 21.4286 21.4286 21.4286 20.8333 20.8333 20.8333 20.8333 20.8333 20.8333 20.8 20.8 21 23.5 24 24 24 24 24 
21.5 21.8571 21.5 21.6 20.75 20.75 21.6667 21.6667 21.6667 21.6667 21.6667 21.6667 21.6667 21 21 21 21 21 21 21 21 21 21 20 20 20 20 20 
21.5 22 22 22 21.8333 22 22 22.5 22.5 22.5 23.6667 23.6667 23.6667 23.6667 23.6667 23.5 23.5 22 22 22 22 22 
21.5 21.5 21.5 21.5 21.5 21.8571 22.5 22.5 22.5 22.6 22.6 22.5 22.5 22.5 22.5 22.5 23.3333 23.3333 23.3333 23.3333 23.3333 24.5 24 24 24 
21.5 21.5 21.5 21.5 21.5 21.2857 21.1667 21.1667 21.1667 21.1667 21.2 20.5 20.5 20.5 20.5 21 21 21 21 21 21 21.5 18 18 
21.5 21.5 21.5 22.5 22.5 22.5 22.5 23 23 23 23.5 23.5 23.5 23.6667 23.6667 23.6667 23.6667 24.5 24.5 24.5 24.5 24 
21.5 21.5 21.5 21.5 21.5714 21.5714 21.3333 21.3333 21.3333 21.3333 22.75 22.3333 22.3333 21 21 21 22 22 22 22 22 22 22 22 22 
21.5 21.5 21.5 21.5 21.5 21.5 21.5 21.5 21.5 21.5 21.5 21.5 21.5 22 22 22 22.5 22.5 22.5 22.5 23 23 23.25 22.6667 22 22 21 21 
21.5 21.1429 21.1429 21.1429 20.5 20.5 20.5 20.5 20.5 20.8 20.75 20.75 20.75 20.3333 21.5 21.5 21.5 21.5 21.5 21.5 21.5 21.5 20 
21.5 21.5 21.5 21.5 21.5 21.5 21.1429 21.1429 21.1429 21.1429 21.1429 21.1429 22 22 22 21.75 21.6667 21.6667 21.6667 20 20 20 19 19 19 19 19 19 
21.5 22 22 21.5 21.5 21.5 21.5 21.5 21.5 21.5 21.5 21 20.75 20.75 20.75 20.75 20.75 20.75 20.75 20.6667 20.6667 20.6667 20.6667 20.6667 21 23 
21.5 21.5 21.5 21.5 22 22.3333 22.3333 22.2 22.2 22.2 23 23 23 23 22.6667 23 23 23 23 25 25 25 
21.5 21.5714 21.5714 21.5714 21.5 21.5 20.8 20.8 20.8 20.8 20.8 20.8 20.8 20.8 21.25 21.25 21.25 21.25 20.6667 20.6667 20.6667 20.6667 20.6667 20.6667 24 24 24 24 
21.5 21.5 21 21 21.5 21.5 21.5 21.5 21.5 21.8 21.8 21.5 22.3333 22.3333 22.5 22.5 22.5 22.5 22.5 22.5 22.5 22.5 22.5 24 24 24 24 24 
21.5 21.5 21.5 21.5 21.1429 21.3333 21.3333 21 22.6667 22.6667 22.6667 21.5 21.5 21.5 21.5 21.5 21.5 21.5 21.5 21.5 21.5 22 22 
21.5 21.5 21.5 21.5 21.5 21.5 21 21 21 21 21 22 22 22 22 22 22 22 22.3333 22.3333 23.5 24 24 24 24 24 24 
21.5 22 21.8333 21.8333 21.8333 21.8333 21.8 21.8 21.25 21.25 21.25 21.25 21.25 21.25 21.25 21.3333 21.3333 21.3333 21.3333 22 22 22 22 22 22 22 25 25 
21.5 21.8571 23 23 23 23 23 23 23 23 23 23 23 23 23 23 23 23.3333 23.3333 23.3333 23.3333 22.5 24 24 24 24 24 24 
21.5 21.5 21 21 21 21 21 21 21 21 21 21 21 21.1667 21.1667 21.1667 21.1667 21 21 20.25 20.25 20.25 20.25 22 22 22 23 
21.5 21.4286 21.4286 21.4286 21.4286 21.4286 21.4286 21.4286 21.4286 21.4286 21.4286 21.6667 21.6667 22.4 22.4 22.4 22.25 22.6667 22.6667 24.5 24.5 24.5 24.5 24.5 24.5 24 
21.5 22 22 22 22 22 22.3333 22.4 22.4 22.4 22.4 22.4 22.4 22.4 22.4 22 22 22 22 23 23 22 22 22 22 21 21 21 
21.5 21.1429 21.1429 21 21 21 21 21 21 21 21 21 21 21.75 21.75 22.3333 22.3333 22.3333 24 24 24 24 24 25 25 25 25 25 
21.5 21.5 21.4286 20.8333 20.8333 20.8333 20.8333 20.8333 22 22.3333 22.3333 22.3333 22.3333 22.3333 22.3333 21.5 21.5 21.5 21.5 20 20 20 20 
21.5 21.5 21.5714 22.1667 22.1667 22.1667 22.1667 22.1667 22.1667 22.1667 21.6 21.6 21.6 21.5 21.5 21.5 21.5 21.5 21 22 22 22 22 20 
21.5 21.5 21.5714 21.5714 21.5714 21.5714 21 21 20.6 20.6 21 21 21 21 21 21 22 22 22 22 22 22 22 22 20 20 20 
21.5 21.5 21.7143 21.7143 21.7143 21.7143 21.5 21 20 19.3333 19.3333 19.3333 19.3333 19.3333 21 21 21 21 21 21 21 21 
21.5 21.5 21.4286 21.4286 21.5 22.2 22.2 21.5 21.5 21.5 21.5 21 21 22 22 22 22 22 20 20 20 20 20 
21.5 21.5 21.5 21.5 21.5 21.5 21.1429 21.1429 21.1429 21.1429 21.1429 20.5 20.5 20.5 21 21 21 20.5 21 21 21 21 21 21 20 
21.5 21.5 21.5 21.5 21.5 21.5 21.2857 22.2 22.2 22.2 22.2 22.5 22 22 22 22 22 22 22 22 22 22 22 22 22 19 19 19 
21.5 21.5714 21.5714 21.8333 21.8333 22.6 22.6 22.6 22.6 22.6 22.25 22.3333 22.3333 22.3333 22.3333 21 21 21 21 21 21 21 21 19 19 19 
21.5 21.2857 21.2857 21.1667 21.1667 21.1667 21.1667 21.1667 21.4 21.4 21.4 21.4 21.4 20.75 19.3333 19.3333 19.3333 19.3333 18.5 18.5 18.5 18.5 18.5 19 
21.5 21.5 21.5 21.5 21.5 21.7143 21.7143 21.1667 21.8 21.5 21.5 21.5 21.5 21.5 20.6667 20.6667 20.6667 20.6667 20.6667 20.5 20.5 20.5 20.5 20.5 20.5 22 22 
21.5 21.5 21.5 21.5 21.5 21.2857 21.2857 21.2857 21.2857 21.2857 21.3333 22 22 22 22 21.5 22.3333 22.3333 22.3333 22.3333 22.3333 22.3333 22.3333 23.5 23.5 25 25 25 
21.5 21.5 22 22 22 22 22 22 22 21.4286 21.4286 22.4 22.4 22.4 22.4 22.75 22.75 22 22 22 22 23.5 23.5 24 
21.5 21.2857 21.2857 21.2857 21.2857 21.2857 21.3333 21.3333 21.3333 21.2 21.2 21.2 21.2 20.25 20.25 20.6667 20.6667 20.6667 20.6667 20.6667 20.6667 20.6667 20.6667 20.6667 20.6667 19 
21.5 22 22 22 22 22 22 22 22 22 22.3333 23 23 23 23.25 23.25 23.25 23.25 24 24 24 24 24.5 25 25 25 
21.5 21.2857 21.2857 21.2857 21.2857 20.6667 20.6667 21.2 21.2 21.75 21.75 21.75 21.75 21.75 21.75 22.3333 22.3333 22.3333 22.3333 22.3333 22.5 22.5 22.5 22.5 22.5 22.5 24 24 
21.5 21.5 21.5714 21.5714 21.5714 21.1667 21.1667 21.1667 21.1667 21.1667 21.4 21.4 21.4 21.4 21.4 21.4 21.4 21 21 22 22 22 22 22 22 22 22 19 
21.5 21.5 21.5 21.5 21.5 21.5 22 22 21.6667 22.2 22.2 22.2 22.2 22.2 22.2 22.5 23.3333 23.3333 23.3333 23.3333 22.5 22.5 23 23 23 23 23 
21.5 21.5 21.5 21.5 21.5 21.8571 22.5 22.5 22.5 22.5 22.4 22.4 22.4 22.4 22.75 22 22 21 21 21 21 21 21 21 21 21 22 
21.5 21.5 22 22 22 22 22 22 22 22 22.2 22.75 22.75 22.6667 22.6667 22.6667 22.6667 22.6667 22.6667 24.5 24.5 24.5 24 
21.5 21.1429 21.1429 21.1429 21.1429 21.3333 21.3333 21.3333 20.6 20.6 20.6 20.6 20.6 20.6 21.25 21.25 21.25 21.25 21.25 21.25 20.6667 20 20 20 20 19 19 19 
21.5 21.5714 21 21 21 20.6 20.6 20.6 20.6 20.6 19.75 19.75 19.75 19.75 19.75 19.75 19.75 19.75 19.75 19.75 19.75 19 18.5 18.5 19 19 
21.5 21.5 21.5 21.1429 21.1429 21.1429 21.1429 21 21.2 21.2 21.2 21.2 23 23 23 23 23 23 23 23 23 23 24 24 24 24 23 23 
21.5 21.5 21.5 21.5 21.5 21.5 21.5 21.5 21.5 21.8571 22.8 22.8 22.8 23.5 23.5 23.5 23 22.5 23 23 
21.5 22 22 22.1667 22.2 23 23 23 23 23 23 23 22.6667 22.6667 22.5 22.5 22.5 25 25 25 25 25 25 25 
21.5 21.2857 21.2857 21.6667 21.6667 21 21.75 21.75 21.75 21.75 21.75 21.75 21.75 21.75 21.75 21.75 22.3333 22.3333 22.3333 22.3333 22.3333 22.3333 23 23 22 22 
21.5 21.5 21.5 21.5 21.4286 21.4286 21.4286 21.4286 21.1667 21.1667 21.1667 21.1667 20.6 22 22 22 22 20.5 20.5 20.5 20.5 20.5 20.5 20 20 20 20 
21.5 21.5 22 22 21.6667 21.6667 21.6667 21.6667 21.6667 21.6667 21.6667 21.6667 21.6667 21.6 21.6 22 22 22.3333 22.3333 24 25 25 
21.5 21 21 21 21 21.5 21.5 22 22 22 22 22 22.5 23 23 23 23 23 23 23 23 23 22.5 22 22 22 22 22 
21.5 21 20.5 20.5 20.5 20.5 20.5 20.5 20.5 20.6 21.25 21.25 21.25 21.25 21.25 21.25 21.25 21 20 20 20 20 20 20 19 
21.5 21.5714 21.5714 21.5714 21.5714 21.5714 21.5714 21.1667 20.8 20.5 20.5 20.5 20.6667 25 25 25 25 25 25 
21.5 21.5 21.2857 21.3333 21.6 21.6 22.5 22.5 22.5 22.5 22.5 22.5 22.5 22.5 22.5 21.6667 21.6667 23 23 23 23 22 22 
21.5 21 21 21 21 21 20.8 20.8 20.8 20.25 20.25 20.25 19 19 19 19 19 19 19.5 19.5 19 19 19 19 19 19 19 19 
21.5 21.5 21.5 21.5 21 21 21 21 21 21 21 21 21 20.5 21 21 21.25 20.6667 20.6667 20.6667 20.6667 21.5 22 22 22 22 
21.5 21.5 21.5714 21.5714 21.5714 21.5 21.5 21.5 21.5 21 21 21 21.25 21.25 21.25 21.25 20 20 20 21 21 23 23 23 23 
21.5 21.5 21.2857 21.2857 21.8333 22 22 22 22.75 22.75 22.75 22.75 22.75 22 21 21 21 21 21 21 21 22 22 22 22 22 22 22 
21.5 21.5 21.1429 21.1429 20.8333 20.8333 20.8333 20.8333 20.8333 20.8333 20.8333 20.8333 20.8333 20.8333 20.8 22 22 20.5 20.5 19 19 19 19 19 19 19 
21.5 21.5 21.5 21.5 21.1429 21.5 21.5 21.5 21.5 21.5 21.5 21.5 21.5 21.5 21.5 21.5 21.4 21 21 21 21 19 20 20 20 20 
21.5 21.5 21.2857 21.2857 21.2857 21.6667 22.4 22.4 22.4 23 23 23 23 23 22.3333 22.5 22.5 21 21 21 21 21 21 
21.5 21.7143 21.7143 21.5 21.5 21 21 21 21 21 21 21 21 21 21 21.75 21.75 21.75 21.75 21.75 22 22 23.5 25 25 25 25 
21.5 21.7143 21.7143 21.7143 21.7143 21.7143 21.7143 22.6 22.5 22.5 22.5 22.5 22.5 22.5 22.5 22.5 22.5 22.6667 22.6667 22 22 25 25 25 25 
21.5 21.5 21.5 21.5 21.4286 21.4286 21.4286 21.4286 21.4286 21.1667 21.1667 20.6 20.6 20.6 20.6 20.75 23 23 23 23 23 21 
21.5 21.5714 21.1667 21.1667 21.1667 21.1667 21.1667 21.1667 21.1667 21.1667 21.4 21.4 21.4 21.4 21 21 21 22 22 22 22 22 22 20.5 20.5 20.5 19 
21.5 21.4286 21.4286 21.4286 21 21 21 21 21 21 21 21.2 23 23 23 23 23 23 23 23 23 23 23 24 25 25 25 
21.5 21.1429 21.1429 21.1429 21.1429 21.1429 21.1429 21.1429 21.1429 21.1429 21.1429 21.1429 21.1429 21.1429 21 20.2 20.2 20 20 20 20 20 19 19 20 20 20 20 
21.5 21.5 21.7143 21.7143 21.6667 21.6667 21.2 21.2 21.2 21.2 22 22 22 22 22 22 22.3333 22.3333 22.3333 22.3333 22.3333 24 23 23 23 23 23 
21.5 21.2857 20.8333 20.8333 20.8333 21.2 22.6667 22.6667 22.6667 22.6667 22.6667 23.5 23.5 23.5 23.5 23.5 22 22 
21.5 21.4286 21 21 21 21 20 20 20 20 20 20 20 20 20 20 21.5 20 20 20 20 20 20 20 20 20 
21.5 21.2857 21.2857 21.8333 21.8333 22 22 21.25 21.25 20.3333 20.3333 20.3333 20.3333 20.3333 20.3333 19.5 19.5 19.5 19.5 19.5 19.5 19.5 19.5 20 20 
21.5 22 22 22 22 22 22 22.3333 22.3333 22.3333 22.3333 22.3333 22.3333 23 23 23 23 23 23.5 23.5 23 23 23.5 23.5 23 23 23 
21.5 21.4286 21.4286 20.8333 21.2 21.2 22 22 22 22 21.3333 21.5 21.5 21.5 21.5 23 23 23 23 
21.5 21.2857 21.2857 21.6667 21.6 22.5 22.5 21.6667 21.6667 22 22 22 22 22 22 22 22 22 22 22 20 20 20 20 20 20 20 
21.5 21.5 21.5 21.5 21.8571 21.8571 21.8333 21.6 21.6 21.6 21.6 21.6 22.5 22.5 22.5 22.5 21.6667 21.6667 21.6667 22 22 22 22 24 24 24 
21.5 21.5 21.8571 22.5 22.5 22.5 22.5 22.5 22.5 22.5 22.5 22.5 22.8 22.8 22.8 22.8 22.8 22.8 22.8 22.75 22.75 23.6667 23.6667 23.5 23.5 23.5 25 
21.5 21.1429 21.1429 20.8333 20.8333 21 21 21 21.75 21.75 21.75 20.6667 20 20 20 21 21 21 21 21 21 21 21 21 21 21 21 
21.5 22 22 22 22 22.5 22.5 22 22 21.75 21.75 21.75 21.75 21.75 21.75 21.75 22.3333 22.3333 22.3333 22.3333 21.5 21.5 21.5 21.5 21.5 21.5 22 
21.5 22 22 22 22.3333 22.3333 22.3333 22.3333 22.3333 22.3333 22.3333 22 22 22 22 22.25 22.25 22.25 22 20.5 22 22 22 22 22 22 22 
21.5 21.8571 21.3333 21.3333 21 20.25 20.25 21 21 21.5 21.5 21.5 21.5 21.5 21.5 21.5 22 22 22 22 22 
21.5 21.5 21.5 21.1429 21.1429 21.1429 21.3333 21.3333 21.3333 21.4 21.4 21.4 21 21 21 21 22 22 22 22 22 22 19 19 
21.5 21.5 21.7143 22.3333 22.3333 22.3333 22.3333 22.3333 22.6 22.6 22.6 22.6 22.6 22 21.6667 21.6667 21.6667 20.5 20.5 20.5 20.5 20.5 20.5 20.5 19 19 19 
21.5 21.5 21.5 21.5 21.5 21.5714 21.5714 21.1667 21.1667 20.4 20.4 20.4 20.4 20.4 20.4 20.4 20.5 20.5 20.5 21 21 21 20 22 
21.5 21.5 21.5 21.5 22 22 22 22 22.1667 21.8 21.8 21.8 21.8 21.8 21 21.3333 21.3333 21.3333 21.3333 22.5 22.5 22.5 22.5 23 23 23 23 
21.5 21.5 21.8571 22.5 22.8 22.8 22.8 22.5 22.5 23.3333 23.3333 23.3333 23.3333 23.3333 23.3333 23.3333 23.3333 23.5 23.5 23.5 23.5 23.5 23.5 23.5 23.5 23.5 25 25 
21.5 21.7143 21.7143 23 23 23.5 23.5 23.5 23.5 23.5 23.5 23.5 23.3333 22.5 22.5 22.5 22.5 22.5 22.5 22.5 22.5 22.5 22.5 22.5 23 
21.5 21.5 21.5 22.5 22.5 23 23 23 23 23 23 23 23.5 23.5 23.5 23.5 24 24 24 24 23.5 23.5 23.5 23 23 23 23 
21.5 21.2857 21.2857 21.2857 21.2857 21.3333 21.2 20.5 20.5 20.5 21.3333 21.3333 21.3333 22.5 22.5 22.5 25 25 25 25 25 25 25 
21.5 21.5 21.4286 22 21.4 21.4 21.4 21.4 21 21.3333 21.3333 21.3333 21.3333 21.3333 21.3333 21.3333 21.5 21.5 21.5 19 19 19 19 19 19 19 
21.5 22 22 22 21.5 21.8 22.5 22.5 22.5 22.5 22.5 23 23 23 23 23 22.5 22.5 22.5 22.5 22.5 22 22 
21.5 21.5 21.7143 21.6667 21 21 21 21 21 21 21 22.6667 22.6667 22.6667 23.5 23.5 23.5 23.5 23.5 24 24 24 24 24 24 24 24 
21.5 21.5 21.7143 21.7143 21.7143 21.7143 21.7143 21.3333 21 21 21 22.6667 22.6667 22.6667 22.6667 22.6667 22.6667 22.6667 21.5 22 
21.5 21.5 21.5 21.1429 21.1429 21.6667 21 21 21 21 21 21 21 21 21 21 21 20.5 21 21 21 21 21 21 21 20.5 20 20 
21.5 21.5 21.5 21.5 21.5 21.5 21.5 21.5 21.5 21.8571 22.5 22.5 22.5 22 22 22 22 22 22 22.25 23 23 23 23 23 24 24 24 
21.5 21.5 21.2857 21.8333 22.2 22.2 22.2 23 23 23 23.6667 23.6667 23.6667 23.6667 23.6667 23.6667 23.6667 23.6667 23.6667 23.6667 23.6667 23.6667 23 23 23 22 
21.5 21.7143 21.1667 20.8 21.5 21.5 21.5 21.5 21.6667 21.6667 21.6667 21.6667 21.6667 21.6667 21.6667 21.6667 21.6667 21.6667 21.6667 23 23 24 24 24 24 24 
21.5 21.5 21.4286 22 22 22.6 22.6 23 23 23 23 23 23 23 23 23 23 23 22 24 24 24 24 24 24 24 24 
21.5 21.5 21.5 21.5 21.5 21.5 21.5 21.5 21.5714 21.5714 21.5714 21.5714 21 21 21 21 20.4 20.4 21 20.3333 20.3333 20.3333 20.3333 20.3333 19.5 19.5 19 
21.5 21.5 21.5 21.4286 21.4286 21.1667 21.1667 21.1667 21.2 21.2 21.2 21.2 22 22 22 21 21 21 21.5 21.5 21.5 21.5 21.5 21.5 21.5 21.5 24 24 
21.5 21.5 21.5 21.5 21.5 21.4286 21 21 21 21 21 21 21 21 21 21 21.4 21.4 21 21 21 19.6667 19.6667 19.6667 19.5 21 21 21 
21.5 21.5 21.5 21.5 21 21 20.5 20.8 20.5 20.6667 20.6667 20.6667 20.6667 20.6667 20.6667 20.5 20.5 20.5 20.5 20.5 20.5 20.5 23 
