26.5 26.5 26 26 25.5 25.5 25.5 25.5 25.5 25.5 25.6 25.6 25.6 25.6 26 26 25.6667 25.6667 24.5 24.5 24.5 24.5 26 26 26 26 
26.5 26.5 26.5 26.5 26.5 26.5 26.5714 26.5714 26.5714 26.5714 26.5714 26.5714 27.1667 27.1667 27.1667 27 13 9.33333 9.33333 9.33333 9.33333 9.33333 25 
26.5 26 26 26 26 25.6667 25.6667 25.6667 19.8 19.8 18.25 16 16 16 16 16 16 12 12 12 12 12 12 23 23 23 
26.5 26.5 26.5 26.5 26.5 26.5 26 26 25.5 25.5 25.2 25.25 25.25 25.6667 25.5 25.5 25.5 25.5 23 23 23 23 23 23 23 
26.5 26.5 26.5 26.5 27 27 27.6 13.5 13.5 13.5 17.6667 17.6667 17.6667 25.5 25.5 25.5 25.5 25.5 26 26 
26.5 26.5 26.5 26.5 26.5 26.2857 26.2857 26.8333 26.8333 26.8333 26.8333 26.2 26.2 26.2 26.2 26.25 25.3333 25.3333 25.3333 24.5 24.5 24.5 24.5 25 
26.5 26.7143 26.7143 26.7143 26.7143 26.5 26.6 26.6 26.6 26.6 26.6 26.6 26.6 26.6 25.75 25.75 25.75 25.75 25.75 26.6667 26.6667 0 1 
26.5 26.5 26.5 26.5 26.5 26.5 26.5 26.5 26.5 26.7143 26.7143 26.7143 26.7143 26.7143 26.7143 26.7143 26.1667 26.1667 26.6 26 26 26 26 26 26 27 26.5 27 
26.5 26.5 26.5 26.5 26.7143 26.7143 26.8333 26.8333 26.8333 26.8333 26.8333 26.8333 26.8333 26.8333 26.8333 26.8333 26.4 26.4 27 27 25.5 25.5 0 0 0 0 
26.5 26.5 26.5 27 27 27 27.5 27.5 27.5 27.4 26.75 27 27 26 26 26 26 26 26 25 25 25 25 25 25 25 25 25 
26.5 26.5 26.5 26.5 26.5 26.5714 26.5714 26.5714 26.5714 26 26 26 25.8 18.25 18.25 18.25 18.25 16.6667 16.6667 16.6667 16.6667 16.6667 16.6667 13 13 13 13 25 
26.5 26.5 26.5 26.5 26.5 26.5 26.5 26.5 27 27.1667 27.2 27.2 27.2 27.2 27.2 27.75 27 27 27 12.5 12.5 12.5 1 1 1 1 1 
26.5 26.5714 26.5 15 15 15 15 12.5 16 16 16 12 12 12 12 12 12 12 12 1 1 1 1 1 1 
26.5 26.5 26.5 26.5 26.5 26 26 26 26.1667 26.1667 26.1667 26.1667 26.1667 26 18.5 18.5 24.3333 25 25 25 25 26 26 26 26 
26.5 26.5714 26.3333 26.3333 26.3333 26.3333 25.6 25.6 26 26 26.3333 26.3333 26.3333 26.3333 26.3333 26.3333 26.3333 26.3333 12 12 12 23 23 23 
26.5 26.5 26.5714 26.5714 27 27 25.3333 25.3333 25.3333 25.3333 24 24 24 24 24 24 24 24 24 24 24 24 24 23 23 23 23 23 
26.5 26.5 26.5 26.5 26.5 26 26 26.1667 26 26 26 26 26 25.25 25.25 25.25 26 25 25 25 25 25 24 24 
26.5 26.5 26.5 26.5 26.1429 26.1429 26.1429 25 25.5 25.5 25.5 25.5 25.5 25.5 25.5 25.5 25.5 25.5 25.5 25.5 25.5 25.5 26 26 26 25 25 25 
26.5 26.7143 26.7143 26.7143 26.7143 26.7143 26.7143 26.5 26.5 26.5 26.5 26.5 26.5 26.5 26.5 26 26 27 27 27 25.5 25.5 25.5 25.5 25.5 25.5 27 27 
26.5 26.5 26.5 26.1429 25 25 25 25 24.75 24.75 24.75 24.75 24.75 24 24 24 24 24.5 24.5 24.5 24.5 25 25 25 25 25 25 25 
26.5 26.5 26.5 26.2857 26.6667 15.4 15.4 13 16.6667 16.6667 16.6667 16.6667 24.5 24.5 24.5 24.5 24.5 23 23 23 23 23 23 23 23 23 23 
26.5 26.5 26.5 26.5 26.5 26.5 26.5 26.5 26.5 26.5 26.5 26.5 26.2857 26.3333 26.3333 26.3333 26.3333 26.3333 26.3333 26.3333 26.8 25 24 24 24 25 
26.5 26.5 26.1429 26.1429 26.1429 25.5 25.5 25.5 25.4 25.4 25.4 26 26 26 26 26 26 26 26.3333 26.3333 25.5 25.5 24 24 
26.5 26.5 26.5 26.2857 26.2857 26.2857 26.2857 26.8333 26.8333 26.8333 27 13 16.6667 16.6667 16.6667 16.6667 24.5 24.5 24.5 25 
26.5 26 26 26 26.3333 26.3333 26.3333 26.3333 26.3333 26.3333 26.3333 26.3333 26.3333 26.3333 26.6 26.6 26.6 26.6 26.6 27.5 0 0.5 1 1 1 1 
26.5 26.5 26.5 26.8571 27 27 27 26.4 26.4 26.4 25.75 25.75 25.75 25 25 25 25 25 25 25 25 23 23 23 23 23 
26.5 26.5 26.5 26.5 26.1429 26.1429 25.8333 25.8333 25.8333 20 19.25 25 25 25 25 25 25 25 25 26 26 26 
26.5 26.5 26.5 26.5 26.5 26.5 26.5 26.5 26.5 26.5 26.5 26.5 26.4286 26.4286 26.4286 26.4286 26.5 26.5 26.8 26.8 26.8 12.5 9 24 24 24 
26.5 26.7143 26.7143 26.7143 26.7143 26.7143 26.6667 26.6667 26.6667 27.2 27.2 27.2 27.2 27.2 26.5 26.5 26.5 27.6667 27.6667 0.5 0.5 0.5 0 0 0 0 0 0 
26.5 26.5 26.1429 26.5 26.5 26.5 26.5 25.5 25.5 24.6667 24.6667 24.6667 24.6667 24.6667 24.6667 24.6667 24.5 23 23 23 23 23 23 23 23 23 23 
26.5 26.5 26.5 27 26.6667 26.6667 26.6 25.75 25.75 25.75 25.75 25.75 25.75 25.75 25.75 26.3333 26.3333 26.3333 26.3333 27 27 27 27 27 0 0 
26.5 26.5714 26.5714 27 27 27 27 27 27 27 27 27 27.8 0.5 0.333333 27 27 27 
26.5 26.5 26.5 26.5714 26.5714 26.5714 26.5714 27.1667 27.6 27.6 27.6 27.6 26.3333 26.3333 26.3333 26.3333 25.5 25.5 25.5 25.5 25.5 27 27 
26.5 26.5 26.1429 26.1429 26.1429 25.5 25.8 25.8 25.8 26 26 25.5 25.5 25.5 25.5 25.5 25.5 25.5 25.5 25.5 0 
26.5 26.5 26.5 26.5 26.5 26.5 26.5 26.5 26.5 26.1429 26.6667 26.4 26.4 25.5 25.5 25.6667 25.6667 25.5 25.5 25.5 25.5 27 27 27 27 27 27 27 
26.5 26.5 26.5 26.5 26.5 26.5714 26.5714 26.5714 26.5714 26 26.2 25.5 26.3333 26.3333 26.3333 26.3333 27.5 27.5 27.5 27.5 0 0 0 0 
26.5 27 27 27.3333 27.3333 27.3333 27.3333 27.6 27.6 27.6 27.6 27.6 27.6 27.6 27.6 27 27 27 0 0 0 0 0 0 27 
26.5 26.5 26.7143 26.7143 26.7143 26.7143 26.7143 26.6667 26 26 26 26.5 26.5 25.6667 25.6667 25.6667 25.6667 25.6667 25.6667 25.6667 25.5 25.5 25.5 23 23 23 
26.5 26.5 26.5 26.5 26.5 26.5 26.5 26.4286 26.8333 26.4 27.25 27.25 27.25 27.25 27.25 17.6667 17.6667 17.6667 17.6667 25.5 26 26 26 26 26 26 
26.5 26.5 27 27 27 27 27 27 27 27 27 27 27 27 27.2 27.2 25.6667 25.6667 25.6667 24.5 24.5 24.5 24.5 24.5 24 
26.5 26.5 26.5 27 27 27.1667 27.1667 27.1667 27.1667 27.1667 27.1667 26 26 26 26 26 26 26 26 26 25.6667 25.6667 26.5 26.5 0 0 0 
26.5 26.5 26.5 26.5 26.5 27 27.1667 27.1667 27.1667 27.1667 27.1667 27 27 27.5 27.5 27.5 27.5 27.5 9 12.5 12.5 12.5 12.5 24 24 24 24 24 
26.5 27 26.6667 26.8 26.8 26.8 26 26 26 26 26 26 26 26 26.3333 26.3333 26.3333 26.3333 26.3333 26.3333 27.5 27.5 0 
26.5 26.5 26.5 26.5 26.5 26.5 26.5 26.7143 26.7143 27.3333 26.25 26 26 26 26 26 26 26 26 26 0 0 0 
26.5 26.5 26.5 26.8571 26.8571 27 26.8 26.8 26.8 26.8 26.8 26.8 26.8 26.8 12.75 12.75 9.33333 9.33333 9.33333 9.33333 9.33333 9.33333 13 13 13 13 13 25 
26.5 27 27 26.5 26.5 26.6 26.6 26.6 26.6 26.6 26.6 26.6 27 27 27 27 27 27 26.6667 26.6667 12.5 12.5 12.5 12.5 24 24 24 24 
26.5 26.7143 26.8333 26.8333 26.8333 26.8333 26.8333 27.6 27.5 27.5 27.5 27 27 24 24 24 24 24 24 24 
26.5 26.5 26.5 26.5 26.5 26.4286 26.4286 26.4286 26 26 26 26 26.4 26.5 26.5 26.5 26.5 26.5 26.5 26.5 16.6667 24 25 25 25 25 25 25 
26.5 26.8571 26.8571 26.8571 26.8571 27.5 27.5 27.5 27.5 27.5 27.5 27.2 26.5 26.5 26.5 26.5 26.5 26.5 27 27 27 27 27 27.5 27.5 27.5 27 27 
26.5 26.5 26.5 27 27 27 27 27 27 27 27.5 27.8 27.8 27.8 0 0 0 0 1 1 1 0 0 0 0 0 
26.5 26.5 26.7143 26.1667 26.1667 26.1667 26.1667 26.8 27.5 27.5 27.5 27.5 27.3333 26.5 26.5 26.5 26.5 26.5 26.5 27 27 27 27 27 27 27 27 27 
26.5 26.5 26.5 26.5 26.5 26.5 25.5 25.4 25.4 25.4 25.4 25.75 25.75 25.75 25.75 25.75 25.75 26 27.5 27.5 27.5 27.5 27.5 27 27 27 27 
26.5 26.5 26.5714 27.1667 27.1667 27.1667 27.1667 27.1667 27.6 27.6 27.6 27.6 27.6 27.6 27.6 27.6 27.6 27.6 27.6 27.6 27.6 27 27 27 0.5 0.5 0.5 1 
26.5 26 26 25.6667 25.6667 25 25 25 25 25.3333 25.3333 25.3333 25.3333 25.3333 25.3333 25.3333 25.3333 24.5 24.5 24.5 24.5 24.5 26 26 26 
26.5 26.5 26.5714 26.5714 26 26 26 26.4 26.4 26.4 26.4 26.4 25.75 25.75 25.75 25.75 25.3333 25.3333 25.3333 25.5 25.5 23 23 23 23 23 23 
26.5 26.5 26.8571 26.8571 26.8571 26.8571 26.8333 26.8333 15.4 15.4 24.6667 24.6667 24.6667 24.6667 24.5 24.5 24.5 24.5 24.5 24.5 24.5 23 23 23 23 23 
26.5 26.5714 26.5714 26.5714 26.5714 26.5714 26.5714 26.3333 27 27 13 9.33333 13 13 13 13 13 13 1 1 1 1 
26.5 26.5 26.5 26.8571 27.1667 27.1667 27.1667 27.1667 27.1667 27.1667 27.1667 27 27.25 27.25 27.25 27.25 0.666667 0.666667 0.666667 0.666667 0.666667 0.666667 0.666667 0.666667 0.666667 0.666667 0 27 
26.5 26.5 26.5 26.5 26.2857 26.8333 15.6 15.6 13 13 13 13 13 13 13 13 9.33333 9.33333 1.5 1.5 1.5 1 
26.5 26.5 26.5 26.5 26.5 25.5 25.4 25.4 25.4 25.4 25.4 24.8333 25.2 25.2 26.6667 26.6667 26.6667 26.6667 26.6667 26.6667 26.6667 26.6667 27.5 27.5 27.5 27.5 0 0 
26.5 26.5 26.5 26.5 26.5 26.5 26.5 26.8571 26.8571 26.8571 26.8571 26.8571 26.5 26.5 26.5 26.5 25.8 25.8 25.8 26.5 26.3333 26.3333 26.3333 26.3333 26.5 25 25 
26.5 26.5 26.7143 26.7143 26.7143 27.1667 26.8 26.8 26 26 26 26 25.3333 25.3333 25.3333 25.3333 25.3333 25.3333 26.5 26 
26.5 26 25.5 25.8 25.8 25.8 25.8 25.8 25.8 25.8 25.8 25.8 25.8 26 26 25.3333 24.5 24.5 24.5 24.5 24.5 24.5 24.5 24.5 23 
26.5 26.5 26.5 26.5 26.5714 26.5 26.5 26.5 25.8 25.8 26 26.6667 26.6667 26.6667 26.6667 12 12 12 23 23 23 23 23 23 
26.5 26.5 26.5 26.8571 26.8571 26.8571 26.8571 27.5 27.6 27.6 27.6 27.6 27.6 27.6 27.6 27.6 27.6 13.5 13.5 17.6667 17.6667 25.5 25 25 25 25 
26.5 26.5 26.7143 26.7143 26.7143 26.6667 26.6667 26.6667 26.6667 26.6667 26.6667 27.4 27.4 27.4 27.4 27.4 27.4 27.4 13.25 13.25 13.25 17 17 25 26 26 
26.5 26.5 26.5 26.8571 26.8571 26.8571 26.8333 26.8333 26.8333 27 27 25.3333 25.3333 25.3333 25.3333 25.5 0 0 0 0 0 0 
26.5 26.5 26.5 26.5 26.5 26.5 26.1429 26.1429 25.8333 25 25 25 24.3333 24.3333 24.3333 24.3333 24.3333 24.3333 25 25 25 25 26 26 26 
26.5 26.4286 26.4286 26.5 25.8 25.8 25.8 25.8 25.8 25.8 25.8 25.8 25.8 25 25 25 25 25 25 25 25 25 25 25 26 26 0 
26.5 26.5 26.1429 26.1429 26 26 26 25.2 25.2 25.75 26.3333 26.3333 26.3333 26.3333 26.3333 26.5 26.5 26.5 26.5 26.5 25 
26.5 26.5 26.5 26.7143 26.7143 26.7143 26.7143 27.3333 27.3333 27.3333 27.3333 27.3333 27.2 27.2 27.2 27.2 27.2 27.2 27.2 26.75 26.75 25 25 24 24 24 
26.5 26.5 26.5 26.5 26.5 26.8571 26.8571 26.8571 27 27 27.4 27.4 27.4 26.75 26.75 26.75 26.75 26.75 0 27.5 27.5 27.5 27 
26.5 26.5 26.7143 26.7143 26.6667 26.6667 26.6667 26.6667 26.6667 27.2 27.2 27.2 27.2 27.5 27.5 27.5 1 1 1 1 0.5 0.5 0.5 0.5 0.5 0.5 0 0 
26.5 26.5 27 27 27 27 27 27 27 27 27 27 27 27 26.5 27 26.5 27 26.5 26 26 26 26 26 26 26 
26.5 26.5 26.5 26.5 26.2857 26.2857 26.2857 26.2857 26.2857 26.2857 26.8333 26.8333 26.8333 26.8333 26.8333 26.8333 26.8333 26.8333 26.2 26.25 26.25 26.25 26.6667 25.5 25.5 25.5 25.5 24 
26.5 26.5 26.5 26.5 25.5 25.2 25.2 25.5 25.5 25.5 25.5 25.5 26.3333 26.3333 26.3333 26.3333 26.3333 26.3333 25.5 25.5 25.5 25 
26.5 26.5 26.5 26.5 26.5 26.8571 26.8571 26.8571 26.8571 26.8571 26.8571 26.8571 26.8571 26.8571 26.3333 26.3333 26.4 26.4 25.75 25.75 26.6667 26.6667 27.5 0 0 
26.5 26.5 26.5 26.5 26.5 26.5 26.4286 26.4286 26.4286 26.4286 26.8333 26.8333 26.8333 26.8333 26.8333 27 27 27 27 27.5 1 1 1 1 0.5 0.5 0 0 
26.5 26.5 26.8571 26.8571 26.5 26.5 25.5 25.5 25.3333 25.3333 25.3333 25.3333 25.3333 25.3333 25.3333 24 24 24 24 24 24 25 25 25 25 25 25 25 
26.5 26.5 26.4286 26.4286 26.4286 26.4286 26 26 26 26.2 26.2 26.2 26.2 26.2 26.2 26.2 26.2 26.2 26.2 26.2 26.2 25.25 25.25 26 27 27 27 0 
26.5 26.5 26.5 26.5 26.5 26.5 26.2857 26.2857 26.2857 26.8333 26.8333 26.2 26.2 26.2 26.2 25.5 25 25.5 25 25 25 25 25 25 25 25 25 25 
26.5 26.5 26.5 26.5 26.5 26.5 26.5 26.7143 26.7143 26.7143 27.3333 27.3333 27.3333 27.3333 27.3333 27.3333 0 0 0 0 0.666667 0.5 0.5 0.5 0.5 
26.5 26.2857 26.2857 26.3333 24.75 24.75 24.75 24.75 24.75 24.75 25.3333 25.3333 25.3333 25.3333 25.3333 25.3333 25.3333 25.3333 25.3333 26 26 26 26 26 26 26 26 25 
26.5 26.5 26.5 26.5 26.2857 26.2857 25.6667 26.2 26.2 26.2 26.2 26.2 26.2 26.2 25.5 25.5 25.5 25.5 25 25 25 25 25 25 24 24 
26.5 26.5 26.5 26.5 26.5 26.5714 26.5714 26.5714 26.3333 26.3333 26.3333 26.3333 26.6 26.6 27.25 27.25 27.25 27.25 27.25 27.25 27.25 26.3333 26.3333 26.3333 26.3333 25 23 
26.5 26.1429 26.1429 26.1429 26.1429 26.1429 26.1429 26.1429 25.5 25.5 25.5 25.5 25.5 25 25 25.25 24.6667 24.6667 24.6667 24.6667 24.6667 24.5 26 26 26 26 
26.5 26.5 26.5 26.5 26.5 26.4286 26.4286 26.4286 25.2 25.2 25.2 25.25 25.25 25.25 25.25 25.25 25.6667 25.6667 25.6667 24.5 23 23 
26.5 26.5 26.5714 26.1667 25.4 25.5 25.5 25.5 25.5 24.6667 24.6667 24.6667 24.6667 24.6667 24.6667 24.6667 24.6667 24.6667 25 25 23 
26.5 26.5 26.1429 26.1429 26.6667 26.6667 25.75 25.75 25.75 25.75 25.75 25.75 25.75 25.75 25.75 25.75 25.75 25.75 25.75 25.75 25 25 25.5 25.5 26 
26.5 26.4286 26.8333 26.8333 26.8333 26.8333 26.8333 26.8333 27.6 27 27 27 27 27 27 27 27 27 27 27 27 27 27 17.3333 17.3333 13.5 1 
26.5 26 26 26 26 26.1667 26 26 26 26 26.75 26.75 26.75 26.75 26.75 26.75 26.75 27 27 27 0.5 0.5 1 1 1 1 
26.5 26 26 26 26 26 26 26 26 26 25.8333 25.8333 25.8333 25.8333 26.4 26.75 26.75 26.75 17 17 17 17 25 24 
26.5 26.5 26.5 26.5 26.5 26.5 26.5 27 27 27 27 27 27.1667 26.6 26.6 26.6 26.6 26.6 26.6 27 27 27 27 27 27 0.5 0 0 
26.5 26.5 26.5 26.5 26.5 26.5 26.5 26.5 26.5 26.5 26.7143 26.7143 27.1667 27.4 27 26 26 26 26 26 26 25.5 25.5 25.5 23 
26.5 26.5 26.7143 26.7143 26.7143 26.7143 26.7143 26.8333 26.8333 26.8333 26.4 26.4 26.4 25.5 25.5 25.5 26 26 27.5 27.5 27.5 27 27 27 27 27 
26.5 26.5 26.5 26.2857 26.2857 26.2857 26.2857 26.2857 26.8333 27.4 13.5 13.5 13.5 13.5 13.5 13.5 9.33333 9.33333 1.5 1 1 1 1 1 1 1 
26.5 26.5 26.4286 26.5 26.5 26.5 27 27 27 25.3333 25.3333 25.3333 25.3333 25.3333 25.3333 25.3333 25.3333 24 24 23 23 23 
26.5 26.5 26.5 26.5714 26.5714 27 27 27 27 27 27 27 27 26.8 12.75 12.75 12.75 12.75 12.75 12.75 12.75 9.33333 1.5 1.5 2 
26.5 26.5 26.5 26.5 26.5 26 26.1667 26.1667 26.1667 26.1667 26.6 26.6 26.6 26.6 26.6 26.6 26.6 26.6 26 26 26 25.3333 24.5 24.5 24.5 23 
26.5 26.1429 26.1429 26.1429 26.1429 26.1429 26.1429 26.3333 26.3333 26.3333 26.3333 26.3333 26.3333 26.3333 26.3333 26.3333 26.3333 26.3333 25.25 24.3333 24.3333 24.5 24.5 24.5 23 
26.5 26.5 26.7143 26.7143 26.7143 26.1667 26.1667 26.1667 26.1667 26.1667 26.1667 26.1667 26.6 26.6 26.6 26.5 26.5 26.5 26.5 27.6667 13.5 13.5 13.5 13.5 26 26 
26.5 27 27 27 26.4 26.4 19 19 19 17 17 17 17 17 12.5 24 24 24 24 24 24 24 24 24 24 24 24 
26.5 26.5 26.5 26.5 26.5 26.8571 26.3333 25.8 25.8 25.8 25.8 25.75 25.75 25.75 25.75 26.6667 26.6667 26.6667 26.6667 26.6667 26.6667 27.5 27.5 27.5 27.5 0 0 
26.5 26.5 26.5 26.5 26.5 26.5 26.7143 26.7143 26.7143 26.7143 26.7143 26.7143 27.1667 0 0 0.25 0.25 0.25 0.25 1 1 0 0 0 
26.5 26.5 26.5 26.5 26.4286 26.4286 26.4286 26.4286 26.4286 26.5 26.5 26.5 26.5 25 25 25.6667 26 26 0 0 0 
26.5 26.5 26.5 26.5 26.5714 27.1667 27.1667 27.1667 27.6 27.6 27.6 27.6 27.6 27.75 27.75 27.75 27.75 27.75 27.75 27.75 27.75 27.75 27.75 27.75 1 1.5 1.5 1 
26.5 26.5 26.5 26.5 26.5 26.5 26.5 26.5 26.5 26.5 26.5 26.8571 26.3333 26.3333 26.4 26.25 26.25 16.3333 16.3333 24 23 23 23 23 
26.5 26.1429 26.1429 26.3333 26.3333 26.2 26.2 18.75 17 17 24.5 24.5 24.5 26 26 
26.5 26.5714 26.5714 26.5714 26.5714 26.5714 27.1667 27.6 27.6 0.5 0.333333 27.5 27.5 27.5 27.5 27.5 27.5 27.5 27 27 27 27 27 27 27 27 27 27 
26.5 26.5 26.5 26.5 27 27 27.1667 27.1667 27.1667 27.1667 27.1667 26.6 26.6 26.5 26.5 27.3333 27.3333 27.3333 27.3333 27.3333 27.3333 13 1 
26.5 26.5 26.5 26.5 26.5 26 26 26 25.5 25 25 25.1667 25.1667 25.1667 24.8 24.8 24.5 24.5 24.5 24.3333 25.5 25.5 23 23 23 23 23 
26.5 26.5 26.5 26.5 26.1429 26.1429 26.1429 26.1429 26 26 25.2 25.2 25.2 25.25 25.25 25.25 26 26 27 26 26 26 26 
26.5 26.2857 26.2857 26.2857 26.3333 26.3333 26.3333 26.3333 26.3333 26.3333 27 27.75 27 27 27 27 26 27 27 
26.5 26.5 26.5 26.5 26.5 26.5 27 27 27.3333 27.3333 0 0 0 0.5 0.666667 0.666667 0.666667 0.666667 0 0 0 0 27 27 
26.5 26.5 26.5 26.5 26.5 26.5 26.4286 26.4286 26.4286 26.8333 26.8333 26.8333 26.8333 26.8333 15.4 18.75 18.75 18.75 16.6667 16.6667 12 12 12 1 1 1 1 
26.5 26 26 26 26 26.1667 26.1667 26.1667 26.1667 26.8 26.8 26.8 26.8 26.8 27 27 27 0 0 0 0 0.5 0.5 0.5 0 0 
26.5 26.5 26.5 26.5 26.4286 26.4286 25.2 25.2 25.2 25.25 25.25 25.25 25 25 25 25 25 25 25 25 25 25 25 25 25 25.5 25.5 0 
26.5 26.5 26.5 26.5 26.5 27 27 27 27 27.5 27.2 27.2 27.2 27.2 27 27 26 26 26 26 26 25.5 25.5 25.5 25 25 25 
26.5 26.5 26.5 26.5 26.7143 26.7143 26.7143 26.7143 26.7143 26.7143 27.1667 27.1667 27.1667 27.1667 27.1667 27.1667 27.1667 26.8 26.8 26.8 26.5 25 27 27 27 27 27 27 
26.5 26.5 26.5 26.5 26.5 26.5 26.5 26.2857 26.2857 26.2857 25.6667 25.6667 25.6667 25.6667 25.6 25.75 26.6667 26.6667 26.6667 25.5 27 
26.5 26.5 26.5 26.5 26 26 26 26 26 26.4 26.4 26.4 26.4 26.4 26.4 26.4 26.4 26.4 26.4 26.4 26.4 26.4 25.75 25.3333 25.3333 25.3333 25.5 0 
26.5 26.5 26.5 26.5 26.5 26.5 26.5 26.5 26.5 26.5 26.2857 26.8333 27.4 27.4 27.75 0.666667 0.5 27 27 27 27 27 27 27 27 27 27 
26.5 26.5 26.5 26.5 26.5 26.2857 26.5 26.5 26.5 26.5 26.5 26.6 26.6 26.6 26 26 26.6667 26.6667 26.6667 26.6667 25 25 23 23 23 23 
26.5 26.5 26.5 26.8571 26.8571 27 27 27 27 27 27.5 27.5 27.5 27.5 27.5 27.5 27.5 27 1 1 1 1 1 1 2 
26.5 26.5 26.5 26 26 26 26 26 26 26 25.4 25.4 25.4 25.4 25.4 25.4 25.5 26 27.5 0 0 0 0 
26.5 26.5 26.5 26.5 26.5 26.5 26.1429 26.1429 26.1429 26.1429 26.3333 26.3333 25.6 26 25.6667 25.6667 25.6667 25.6667 25.6667 25.6667 25.6667 27 27 27 27 27 26 
26.5 26.2857 26.2857 26.5 26.5 26.5 25 25 25 25 25 24.6667 24.6667 24.6667 24.6667 24.6667 24.6667 23.5 23.5 23.5 23.5 23 23 23 23 
26.5 26.5 26.8571 26.8571 26.8571 26.8571 26.8571 27.5 0 0 0 0 27.75 27.75 0 0 0 0 0 0 1 1 0 0 0 0 0 
26.5 26.7143 26.7143 26.7143 26.7143 26.7143 27.3333 27.6 27.6 27.6 27.6 0.5 0.5 0.5 0.5 1 1 1 1 1 1 1 1 1 1 
26.5 26.5 26.5714 26.5714 26.8333 26.8333 26.8 26.8 16 12.5 12.5 9 9 9 9 12.5 12.5 12.5 12.5 1 1 1 1 1 1 1 1 
26.5 26.5 26.8571 26.8571 27.5 27.5 27.5 27 27 27 27 27.25 27.25 27.25 27.25 27.25 0 0.5 1 1 
26.5 26.4286 26.5 26.5 26.5 26.5 26.5 26.5 15 12.75 12.75 12.75 12.75 12.75 12.75 12.75 12.75 12.75 12.75 8.66667 8.66667 1.5 1.5 1 1 1 
26.5 26.5 26.5 26.5 26.5 26.5 26.5 26.5 26.5 26.5 26.5 26.5 26.5 26.5714 26 26 26 26 26 26 26.4 26.75 26.75 26.75 26.6667 0.5 0.5 1 
26.5 26.7143 26.7143 26.7143 26.8333 26.8333 26.8333 27.4 27.4 27.4 26.75 26.6667 26.6667 26.6667 26.6667 26.6667 26.6667 26.6667 26.6667 26.6667 0.5 0.5 0 0 0 0 
26.5 26.5 26.5 26.5 26.5 26 26 26.5 26.8 26.8 26.8 26.8 26.8 26.8 26.8 26.8 26.8 26.8 26.5 17 25 25 24 24 24 24 24 
26.5 26.5 26.2857 25 25.25 26 26 26 26 26 26 26 26 26 25.5 25.5 25.5 25.5 25.5 26 26 26 26 26 26 
26.5 26.5 26.4286 26.4286 26.8333 26.8333 26.8333 15.4 18.75 24.6667 24.6667 24.5 26 26 
26.5 26.5 26.5 26.8571 27 26.4 26.4 26.4 26.4 26.4 26 26 26 26 25 25 25 25 25 25 25 27 
26.5 26.5 26.5 26.5 26.5 26.4286 26.4286 26.4286 27 26.6 26.6 26.6 26.6 25 25 25 25 25 25 24.5 24.5 24.5 24.5 25 25 25 
26.5 26.1429 26.1429 26.1429 26.1429 26.6667 26.6667 26.6667 26.6667 26.6667 26.6667 26 26 26.25 26.25 26.25 26 26 26 26 26 26 0 0 
26.5 26.5 26.5 26 26.5 27 27 27 27.5 27.5 27.5 27.5 27.5 27.5 27.5 27.5 27.5 27.5 27.5 27.5 27.5 27 26.5 26.5 27 27 27 27 
26.5 26.2857 26.2857 26.2857 26.2857 26.2857 26.2857 26.2857 26.2857 25 25 25 24.6667 24.6667 24.6667 24.6667 24.6667 24.6667 24.6667 24.6667 23.5 23 23 
26.5 26.4286 26.4286 26.4286 26.4286 26.5 26.5 26.5 26.5 18.25 16.6667 16.6667 16.6667 16.6667 16.6667 16.6667 16.6667 16.6667 16.6667 16.6667 16.6667 16.6667 13 25 25 25 
26.5 26.5 26.5 26.7143 26.1667 26.1667 26.1667 26.1667 26.1667 26.1667 26.1667 26.1667 26.1667 26.8 26.75 26.75 17 17 17 17 17 13.5 13.5 26 
26.5 26.5 27 27.3333 26.8 26.8 26.8 26.8 26.75 26.75 26.75 26.75 26.75 26.75 17 17 17 17 17 17 17 25 25 25 25 25 26 26 
26.5 26.5 26.1429 26.1429 26.1429 26.1429 26.1429 26.1429 26.1429 26.6667 26.6667 26.6667 26.8 26.8 26.8 26.8 26.8 26.8 26.8 26.8 26.8 27.5 27.6667 26.5 26.5 0 0 0 
26.5 26.5 26.5714 27 27 27 27 27 27 27 26.4 26.75 26.75 26.75 26.75 26.75 26.75 26.75 26 25 27 27 
26.5 26.5714 26.5714 27.1667 27.1667 27.1667 27.1667 27.6 27.6 27.6 27.6 27.75 27.75 27 27 27 27 27 12.5 12.5 12.5 12.5 12.5 12.5 12.5 12.5 12.5 24 
26.5 26.5 26.5 26.5 26.5 26.5 26.5 26.5 26.5 26.5 26.2857 26.2857 26.2857 26.2857 26.2857 26.2857 26.6667 15.4 15.4 13 8.66667 12 12 1 1 1 1 1 
26.5 26.5 26.4286 26.4286 26.4286 26.4286 26.6667 27.2 27.2 27.2 27.2 27.2 27.2 27.2 27.2 27.2 27.2 27.2 13 13 13 13 16.6667 24.5 23 
26.5 26.5 26.5 26.5 26 26 26 26 26 26 26 26 26 26 26 26 26 26 26.2 25.5 25.5 25.5 25.5 25 25.5 0 0 0 
26.5 26.5 26.5 26.5 26.5 26.5 26.5 26.5 26 26 26.3333 26.3333 25.8 25.8 25.5 25.5 25.5 26.3333 26.3333 25.5 25 25 25 
26.5 26.5 26.5 26.5 26.5 26.4286 26 26 26 26 26 26 26 26 26 26 24.5 24.5 24.5 24 23.5 23.5 23.5 23 23 23 
26.5 26.5 26.5 26.5 26.5 26.1429 25.5 25.5 25.5 25.6 25.6 25.6 26 26 26 25.6667 25.6667 25.6667 25.6667 25.6667 25.5 23 23 23 23 23 23 
26.5 26.5 27 27.5 27.6 27.6 0 0 0 0 0 0 0 0 0 0 27.3333 26.5 26.5 26.5 26.5 26.5 26.5 0 
26.5 26.5 26.4286 26.4286 26.4286 26.4286 27 27 26.4 27 27 27 27 26.3333 26.3333 26.3333 25.5 25.5 25.5 26 26 26 26 
26.5 26.5 26 25.8333 25.8333 25.8333 25.8333 25.8 25.8 25.8 25.8 25.8 25.8 25.8 18.25 18.25 18.25 18.25 16.6667 16.6667 12.5 12.5 24 24 
26.5 26.5 26.5 26.4286 16.8333 16.8333 19.8 19.8 19.8 18.75 18.75 18.75 17.3333 17.3333 17.3333 13 13 13 13 13 25 
26.5 26.5 26.5 26.4286 25.8333 25.8333 25.8333 25.8333 25.8333 26.2 26.2 26.2 26.2 26.2 18.75 18.75 18.75 16.3333 16.3333 16.3333 16.3333 12 12 23 23 23 
26.5 26.5 26.5 26.7143 26.7143 26.7143 26.7143 26.6667 26.6667 27.4 26 26 26 26 26 26 26 25 25 26 26 
26.5 26.5 26.5 26.1429 26.1429 26.1429 26.1429 26.1429 25.5 25.5 25.5 25.5 25.5 26 26 26 26 26.3333 25.5 27 27 27 27 
26.5 26.1429 26.1429 26.1429 26.6667 26.6667 26.6667 26 26 26.25 26.25 26.25 26.25 26 26 26 26 26 26 26 24 24 24 24 24 24 24 
26.5 26.5 26.4286 26.4286 16.8333 15.2 15.2 12.5 12.5 9 9 9 9 9 1.5 2 2 2 2 2 2 2 2 
26.5 26.5 26.5 26.5 26.5 26.5 26.5 26.5 26.2857 26.2857 26.2857 26.3333 26.3333 26.3333 26.3333 26.3333 26.3333 26.3333 26.3333 27 27.75 27.75 27.75 13 25 25 
26.5 26.5 26.5 26.1429 26.1429 26.1429 26.1429 26.1429 26.1429 26.1429 26.1429 26.1429 26.6667 26.6667 27.2 27.2 27.2 27.2 27 27 27 27 27.3333 27.3333 0.5 
26.5 26.5 26.5 26.5 26.2857 25 25 25 25 24.75 24.75 24.75 24.75 24.75 24.75 24.75 24.75 24.6667 24.6667 24.6667 25.5 25.5 25.5 25.5 25.5 25.5 27 27 
26.5 26.7143 26.7143 26.7143 26.7143 26.6667 26.6667 26.6667 26.6667 26.6667 26.8 27.75 27.75 27.75 27.75 27.75 27.75 27.75 27.75 27.75 27 27 27 27 12.5 1 1 
26.5 26.1429 26.1429 25.2 25.2 25.2 25.2 25 24 24 24 24 23.5 23.5 23.5 23.5 23.5 23.5 23.5 23.5 24 24 
26.5 26.5 26.5 26.7143 26.8333 27.6 27.6 27.6 27.75 9 9 12.5 12.5 12.5 12.5 12.5 12.5 12.5 12.5 12.5 12.5 1 
26.5 26.5 27 27 27 27 27.1667 27.1667 27.1667 27.1667 27.1667 27.1667 27.1667 27.1667 27.1667 26.8 27.25 27.25 27.3333 27.3333 27.3333 27.3333 26 26 0 0 0 
26.5 26 26 26.1667 26.1667 26.1667 26.1667 26.1667 25.6 25.6 25.6 25.6 25.6 25.6 25.25 25 25 25 25 25 25.5 0 0 0 0 
26.5 26.5 26.5 26.4286 25.8333 25.8333 25.8333 26.4 26.4 26.4 26.4 26.4 26.4 25.75 25.75 25.75 25.75 26.3333 26.3333 26.3333 26.3333 26.3333 26.3333 26.5 26.5 0 0 0 
26.5 26.5 26.5 26.5 27 27 27 26.5 26.5 26.5 26.5 26.5 26.5 26.5 26.5 26.5 26.5 26.8 26.25 26.25 26.25 27 27 27 26.5 26.5 27 27 
26.5 26.5 26.8571 26.8571 26.8571 26.8333 26.8333 26.8333 26.2 26.2 26.2 26.2 26.2 26.2 26.2 26.2 26.2 25.5 25.5 25.5 25.5 25.5 25.6667 27 26 26 
26.5 26.5 26.5 26.5 26.5 26.5 26.5 26.5 26.2857 26.2857 25.6667 25.6667 25.6667 25.8 25.8 25.8 25.8 26.25 26.25 26.25 26.25 25.3333 25.3333 24.5 24.5 26 26 
26.5 26.5 26.5 26.5 26.5 26.5 26.5 26.5 26.5 26.5 26.5714 26.5714 26.5714 26.5714 26.5714 26.3333 25.6 25.6 25.6 25.6 25.75 24.6667 24.6667 24.6667 25 23 
26.5 26 26 26 26 25.5 25.5 25.5 25.5 25.8 25.8 25.75 25.75 25.75 25.75 25.75 25.3333 25.3333 25.3333 25.3333 25.3333 25.3333 25.3333 25.3333 24 24 24 25 
26.5 26.5 26.5 26.5 26.4286 26.4286 26.6667 26 26 26.5 26.5 26.5 26.5 26.5 26.5 26.5 26.5 27.6667 13.5 26 26 26 26 
26.5 26.5 26.5 26.5 26.5 27 26.8333 26.8333 27.4 27 27 27 26 26 26 26 26 26 25 25 25 25 25 25 25 25 25 25 
26.5 26.5 26.5 26.5 26.5 26.5 26.1429 26.1429 26 25.2 25 25 25 25 25 25 25.6667 25.6667 25.6667 24.5 24.5 25 25 25 25 25 
26.5 27 27 27 27 27 27 27 27 27 27.1667 27.1667 27 27 27.75 9.33333 9.33333 9.33333 9.33333 9.33333 9.33333 1.5 1.5 1 1 1 
26.5 26.8571 26.8571 26.6667 26.6667 26.6667 26.6667 26.6667 27.4 27.4 26.75 26.75 26.75 26.75 26.75 26.75 26.75 17.3333 17.3333 13.5 26 26 
26.5 26.4286 27 27 26.6 26.6 26.6 26.6 26.75 26.75 26.75 25.6667 24.5 24.5 24 24 
26.5 26.5 26.5714 26.3333 26.3333 26.3333 26.3333 26.3333 26.3333 26.3333 26.3333 26.3333 26.3333 25.8 18.5 24 24 24 24 24 24 24 24 24 24 24.5 24.5 24 
26.5 26.5 26.5 26.5 26.5 26.5 26.5 26.8571 26.8571 26.8571 26.5 26.5 26.6 26.6 26.6 25.75 25 25 25 26 26 25 25 25 
26.5 26.5 26.5 26.5 26.5 26.5 25.5 25.5 25.5 25.5 25 25 25 25 25 25 25.25 25.25 25.25 26 26 26 26 26.5 26.5 26.5 26 26 
26.5 26.5 26.2857 26.2857 26.2857 26.2857 26.2857 26.3333 26.3333 26.3333 24.75 24.6667 25 25 25 25 25 25 25 25 25 25 25 25 23 23 23 
26.5 26.2857 26.2857 26.2857 26.5 26.5 26.5 26.5 26.5 26.5 26.5 27.2 25.6667 25.6667 25.6667 25.6667 25.6667 25.5 25.5 25.5 27 
26.5 26.5 26.5 26.5 26.5 26.5 26.5 26.5714 26.5714 26.8333 26.8333 26.8 26.8 25 25 25 25 25 25.5 25.5 25.5 25.5 23 23 
26.5 26.5 26.5 26.5 26.5 26.5 26.8571 26.8571 26.8571 26.8571 26.8571 26.8333 26.8333 26.4 24.6667 24.6667 24.6667 24 24 24 24 24 24 23 23 
26.5 26.8571 26.8571 26.8571 26.8333 26.8333 26.8333 26.8333 26.8333 26.4 26.4 26.4 26.75 25.6667 25.6667 25.5 25.5 25.5 25.5 25.5 25.5 0 0 0 
26.5 26.5 26.5 26.5 26.5 26.5 26.5 26 26.1667 26.2 26.2 26.2 26.2 26.2 26.2 26.2 26.2 26.2 26.2 26.2 26 26 26 26.6667 12 1 1 
26.5 26.8571 26.8571 26.3333 26.3333 26.3333 26.3333 25.8 25.8 25.8 25.8 25.8 25.8 25.8 25.8 25.8 25.8 25.5 25.6667 25.6667 24.5 26 26 26 26 26 26 26 
26.5 27 27 27 27 27 27 27 27 27 27 27 27 26.6 26.6 26.6 26.6 26.6 25 25 25 26 26 26 
26.5 26.5 26.5 26.5 26.5 26.5 26.8571 26.8333 26.8333 26.8333 26.8333 27.2 27.2 27.2 27.2 25.6667 25.6667 25.6667 25.6667 25.6667 24.5 26 26 26 
26.5 26.5 26.4286 26.4286 27 27 15.6 19 19 25 25 25 25 24 24 24 24 24 24 24 24 24 24 24 24 24 
26.5 26.5 26.5 26.5 26.5 26.5 26.5 26.5 26.5 26.5 26.5 26.5 27 27.3333 26.8 26.5 26.5 26.5 27.3333 0 0 0 27 27 27 27 
26.5 26.1429 26.1429 26.1429 26.1429 26.1429 26.6667 26.6667 26 26 26 26 26 26 26 26 26 26.25 26.25 27 27 27 27 27 27 27.5 27 27 
26.5 26.4286 26.4286 26.4286 26.5 26.5 26.8 26.8 26.8 26.8 26.8 25 26 26 26 26 26 26 26 26 26 26 24 24 
26.5 26.5 26.5 26.5 26.5 26.5 26.5 26.5 26.5 26.5 26.5 26.7143 26.7143 27.3333 27.3333 27.4 17 17 17 25 25 26 26 26 26 26 
26.5 26.8571 25.8 25.8 25.8 25.8 25.8 25.75 25.75 25.75 25.75 25.75 25.75 26 25.5 25.5 25.5 25.5 25.5 25.5 25.5 25.5 25.5 23 23 
26.5 26.5 26.5 26.5 26.5 26.5 26.5 26.7143 27.3333 27.3333 27.3333 27.3333 27.3333 26.8 26.8 26.8 26.8 26.8 27 26.3333 26.3333 26 26 0 0 0 0 0 
26.5 26.5 26.5 26.5 26.5 26.5 26.5 26.5 27 27 27 27 27 27.6 27.6 27.6 27.6 27.6 27.6 27.6 27.6 27.6 0 0 27.3333 0.5 0 
26.5 26.5 26.5 26.5 27 27.5 27.6 0 0 9.33333 9.33333 9.33333 9.33333 9.33333 13 13 13 13 13 13 13 25 25 25 25 
26.5 26.1429 26.1429 26.1429 26.1429 26.6667 26.6667 26.6667 26 26 25.75 25.75 25.75 25.75 25.75 25.75 25.75 25.75 25.75 25.75 25.75 25 25 24 24 24 24 24 
26.5 26.5 26.7143 26.7143 26.7143 26.7143 26.7143 26.1667 26.1667 26.1667 25.8 18.5 18.5 18.5 18.5 18.5 17 17 17 17 17 13.5 13.5 13.5 13.5 26 
26.5 26.5 27 27.1667 26.8 26.8 26.8 26.8 26.8 27.25 27.25 27.25 27.25 27.25 27.25 26 26 26 24 24 24 24 24 24 24 24 24 
26.5 26 26.3333 26.3333 26.3333 26.3333 26.4 26.75 26.3333 26.3333 25 25 25 23 23 23 23 23 23 23 23 23 23 23 23 23 23 23 
26.5 26.5 26.5 26.5 26.5 26.5 26.5 26.5 26.8571 26.5 26.4 26.4 26.4 26.4 25.5 25.6667 25.6667 24.5 24.5 24.5 24.5 24.5 24.5 24.5 24.5 24.5 26 26 
26.5 26.8571 26.8571 26.8571 26.8571 26.8571 27.1667 27.1667 27.1667 27.2 27.2 27.2 27.2 27.2 0.25 0.25 27.6667 27.6667 0.5 0.5 0.5 0.5 0 
26.5 26.5 27 27 27 15.6 15.6 13 13 13 9.33333 9.33333 9.33333 9.33333 9.33333 13 25 25 25 25 25 25 25 25 
26.5 26.5 26.5 26.5 26.5 26.5 26.5 26.5 26.4286 25.8333 25.8333 26.2 25.5 26.3333 26.3333 26.5 26.5 0 0 0 0 0 0 0 0 
26.5 26.5 26.5 26.5 26.5 26.5 26.8571 27.5 27.5 27.8 27.25 27.25 27.25 27.25 27.25 27.25 0 0.5 0.5 1 1 
26.5 26.5 26.5 26.5 26.5714 26.5 26.8 26.8 26.8 26.8 27.75 27 27 27 27 26 26 26 26 24 24 24 24 
26.5 26.5 26.5 26.5 26.5 26.5 26.5 26.5 26.5 26.5 26.5 26.5 26.5 26.8571 26.8571 27 27 26.6 26.6 25 25 25 25 25 25 25 25 23 
26.5 26.5 26.5 26.1429 25.5 25.8 25.8 25.8 26 26 26 26 26 26 26 26 26 26 26 26 26 26 26 26 26 27.5 27 27 
26.5 26.5 26.5 26.5714 26.5714 26.5714 26.5 26.8 26.8 26.8 27.75 27.75 27.75 27.75 9 9 12.5 12.5 24 24 24 24 24 
26.5 26.5 26.5 26.5 26.5 26 26 26 26 26 26 26 26 26 25.6667 25.8 25.8 26.25 26.3333 26.3333 26.3333 26.3333 26.3333 26.3333 26.3333 25 27 27 
26.5 26.5 26.4286 26.4286 26.4286 26.4286 26.4286 26.4286 25.8333 25.8333 25.8333 25.8333 25.8333 25.8333 25.8333 25.8333 26.4 26.4 26.4 26.4 27 27 27.6667 27.6667 27.6667 27.6667 27 26 
26.5 26.5 26.1429 25.5 25.6 25.6 25.6 25.5 25.5 25.5 25.5 25.5 25.5 25.5 25.5 26.3333 26.3333 26.3333 26.3333 25.5 27 
26.5 26.1429 26.1429 26.1429 26.5 25.8 25.8 25.8 25.8 25.8 25.25 25.25 25.25 25.25 25.25 25.25 25.25 25.25 25.25 25.3333 25.3333 25.3333 25.3333 25.3333 26.5 26 26 
26.5 26.5 26 26 26 26 26 26 26.1667 26.1667 25.8 25.8 25.8 25.8 25.75 25.75 25.75 25.75 25.75 25.75 25.75 25.75 25.75 26.3333 12 12 12 23 
26.5 26.7143 26.7143 27.1667 27.2 26.75 26.75 24.5 24.5 24.5 24.5 24.5 24.5 24.5 23 23 23 23 23 23 23 23 23 
26.5 26.5 26.5 26.7143 26.6667 27.4 26.75 26.75 27.6667 27.6667 27.6667 27.6667 27.6667 13.5 13.5 13.5 13.5 13.5 13.5 26 26 26 
26.5 26.5 26.5 26.5714 27.1667 27.8 27.8 27.8 27.8 27.8 27.75 27.3333 27.3333 27.3333 27.3333 0.5 0.5 0.5 0.5 0.5 0.5 0.5 0.5 0.5 0.5 0.5 
26.5 26.5 27 27 27 27 27 27 27 26.6667 26.6667 27 27 27 27 27.25 27.3333 27.3333 27.3333 1 1 1 1 1 1 0 0 
26.5 26.5 26.5 26.5 26.8571 26.8571 26.8571 26.8571 26.8571 26.5 26.5 26.5 26.6 26.6 26.6 26.6 27 27 27 27 27 27 27 27 26 25.5 23 23 
26.5 26.5 26.5 26.5 26.5 26.5 26.5 26.5 27 27 27 27 27 27 26.6667 26.4 19.25 19.25 25 25 25 25 25 25 25.5 25.5 26 
26.5 26.5 26.7143 27.1667 27.1667 27.1667 27.1667 27.1667 27.1667 27.1667 27.1667 27.1667 26.8 26.8 26.8 26.5 25.3333 25.3333 25.3333 25.3333 25.3333 24.5 26 26 26 26 
26.5 26.5 26.4286 26.4286 26.6667 26.6667 26.6667 26.6667 26 26 18.5 18.5 24.3333 24.3333 24.3333 25 25 25 25 25 25 24 24 24 24 
26.5 26.5 26.5 26.8571 27.1667 27.1667 27.1667 0 0 0 27.5 27.5 27.5 27.5 27.6667 27.6667 27.6667 27.6667 27.6667 27.6667 27.6667 13.5 13.5 13.5 1 1 1 
26.5 26.5 26.5 26.5 26.5 25.5 25.5 25.8 25.8 25.8 25.8 25.8 25.75 25.75 25.75 26 26 25.5 25.5 25.5 0 0 0 0 0 0 0 0 
26.5 26.5 26.5 26.5 26 26 26 26 26 26 26 26 26 26 25.8 25.8 25.8 25.8 18.25 18.25 16 16 16 12 12 12 1 
26.5 26.5 26.5 26.5 26.5 26.5 26.5 26.5 26.1429 26.1429 26.1429 26.5 26.5 26.5 25.25 24.6667 24.6667 24.6667 24.6667 24 23 
26.5 26.4286 26.4286 26.4286 26.4286 25.2 25.5 26.3333 26.3333 26.3333 26.3333 26.3333 27 0 0 0 0 0 0 0 0 0 0 0 0 0 0 
26.5 26.8571 26.8571 26.8571 26.8571 26.8333 27 27 27 27 27 0 0 0 0 0 0 0 27.3333 27.3333 27.3333 27.3333 0.5 0 0 0 0 
26.5 26.5 26.5 26.5 26.5 26.7143 26.7143 26.1667 26.1667 26.6 26.6 26.6 26 26 26 26 26 25.3333 24.5 24.5 24.5 24.5 26 26 26 26 26 
26.5 26.5 26 26 26 26 26 26 26.4 26.4 26.4 26.4 26.4 26.4 26.4 26.4 26.4 26.4 26.25 26.25 26.25 16.3333 16.3333 16.3333 16.3333 12 23 23 
26.5 26.5 26.5 26.8571 26.3333 26.3333 26.3333 26.3333 26.3333 26.6 26.6 26.5 26.5 26.5 26.5 26.5 26.5 25.6667 25.5 25.5 25.5 25.5 25.5 23 23 23 
26.5 26.5 26.5 27 26.5 26.4 26.4 26.75 26.75 26.75 26.75 26.75 26.75 26.75 26.75 26.75 26.75 26.75 27.6667 13.5 13.5 13.5 13.5 26 26 26 26 
26.5 26.5 26.5 26.5 26.5 26.5 26.5 26.4286 26.4286 26.4286 26.4286 19.8 19.8 19.8 18.25 18.25 16.3333 16.3333 16.3333 16.3333 16.3333 16.3333 16.3333 24 23 23 23 
26.5 26.5 26.5 26.5 26.5 26.5 26.5 26.5 26.7143 27.1667 27.1667 27.1667 27 27 26.5 26.5 25.3333 24.5 24.5 24.5 23 23 23 23 23 23 23 
26.5 26.4286 26.4286 25.8333 25.8333 25.8333 25.8333 25.8333 25.8333 25.8333 25.8333 25.8333 26 26 26 26 26 26 26 26 26 26 27 27 27 0.5 0 0 
26.5 26.7143 26.6667 26.6667 25.25 25.25 25.25 25.25 25.25 25.25 25.25 26 26 26 26 26 26 26 26 26 0 0 0 0 0 0 0 0 
26.5 26.5 27 27 27 26.5 26.5 26.5 26.5 26.5 26.2 26.5 26.5 26.5 26.5 26.5 27.3333 27.3333 0 0 0 0 1 1 1 1 
26.5 26.5 26.5 26.5 26.5 26.5 26.8571 26.8571 26.8571 26.8571 26.8571 26.8333 26.8333 27 27 16.3333 16.3333 16.3333 16.3333 16.3333 16.3333 16.3333 16.3333 16.3333 24 24 25 25 
26.5 26.7143 26.7143 26.1667 26.1667 26.6 26 26 26 26 26 26 26 25.6667 25.6667 25.6667 25.6667 25.6667 25.6667 24.5 24.5 24.5 24.5 26 26 
26.5 26.5 26.5 26.5 25.5 25.5 25.5 25.5 25.5 25.5 25.5 25.5 25.5 25.2 25.2 25.2 24.5 24.5 24.5 24.3333 24.3333 23.5 23.5 24 24 24 
26.5 26.5 26.5 26.5 26.5714 26.3333 26.3333 26.3333 26.3333 15 15 15 12.75 12.75 12.75 12.75 12.75 12.75 12.75 12.75 12.75 12.75 12.75 24 24 24 23 
26.5 26.5 26.5 26.5 26.5 26.5 26 26 26 26 26 26 26 25.8333 25.8333 26.4 26.4 26.4 26.4 26.4 19 17 12.5 12.5 12.5 1 1 1 
26.5 26.5 26.7143 26.3333 26.3333 25 25 25 25 25 24.6667 24.6667 24.6667 24.6667 24.6667 25.5 25.5 25.5 25.5 27 27 27 27 27 27 
26.5 26.5 26.5 26.5 26.8571 26.8571 27 27.8 27.25 27.3333 27.3333 27.3333 27.3333 27.3333 27.3333 27.3333 27.3333 27.3333 27.3333 26.5 0 0 0 0 0 0 
26.5 27 27 27 27 27 15.6 19 17 17 17 17 17 17 13.5 26 
26.5 26.5 26.7143 26.7143 26.7143 26.7143 26.7143 25.6 25.6 25.6 26 26 26 26 26 26 26 26 26 26 25.5 0 0 0 0 0 0 0 
26.5 26.5 26.5 26.5 26.4286 16.8333 16.8333 15 15 18.5 18.5 24 24 24 24 24 23.5 23.5 23.5 23.5 23.5 23.5 23.5 24 
26.5 26.5 26.1429 25.5 25 25 25 25 25 25.25 25.25 25.25 25.25 25.25 25.25 25.25 25.25 25.3333 25.3333 25.3333 24.5 24.5 24.5 23 
26.5 26.5 26.5 26.5 26.5 26.5 26.5 26.5 26.5 26 26 25.8333 25.8333 25.8333 26 26 26.5 26.6667 26.6667 26.6667 0.5 0 0 0 0 0 0 
26.5 26.5 26.5 26.5 26.5 26.5714 26.5714 26.5714 26.5714 26.5714 26.5714 26.5714 26.5714 26 25.8 25.8 18.25 16.6667 13 13 13 13 13 1 1 
26.5 26.2857 26.2857 16.8333 24.5 24.5 24.5 24.5 24.5 24.5 24.3333 24.3333 24.3333 24.3333 24.3333 24.3333 24.3333 24.3333 24.3333 24.5 24.5 23 23 23 23 
26.5 26.5 26.5 26.5 26.5 25.5 25.2 25.2 25.2 25 25 25 25 25 25 25 25 24 24 23.5 23.5 23 23 23 23 
26.5 26.7143 26.7143 26.6667 26.8 26.8 26.8 12.5 8.66667 8.66667 8.66667 12 12 12 12 12 12 12 23 23 23 23 23 23 
26.5 26.5 26.5 26.5 26.5 26.5 26.5714 26.5714 26.5714 26.5714 26 26 25.6 25.6 25.6 25.6 25.6 25.6 25.6 25.6 25.6 25.6 25.75 26.3333 26.3333 25 25 23 
26.5 26.5 26.5 26.5 26.5 26.5 26.5 26.5714 26.5714 26.8333 27.6 27.6 27.6 27.6 27.6 27.6 27.6 27.6 27.6 27.5 27.5 27.5 27.5 9 12.5 24 
26.5 26.5 26.4286 26.8333 26.8333 27 27 27 27 27 27.5 27.5 27.5 27 27 27 25.5 23 23 23 23 23 23 
26.5 26.2857 26.2857 26.2857 26.2857 26.2857 26.2857 26.2857 26.2857 25.8333 25.8333 25 25 25 25 25 25 25 25 25 25.6667 25.6667 25.6667 25.6667 25.6667 25.6667 26.5 27 
26.5 26.8571 26.8571 26.8571 26.8571 26.8571 26.8571 26.8571 26.8333 26.8333 27.6 0.25 0.25 0.25 0.25 0.25 0.25 0.25 0.25 0.25 27.6667 27.6667 13.5 1 
26.5 26 26 26.1667 26.1667 26 26.5 26.5 26.5 27.6667 27.6667 27 27 27 27 27 26 26 26 26 
26.5 26.5 26.1429 26.1429 25.2 25.2 25.2 25.2 25.2 25.2 25 25 25 25 25 25.3333 25.3333 26.5 26.5 25 25 25 25 25 25 
26.5 26 25.8333 25.8333 26.2 26.2 26.2 26.2 26.25 26.25 16.3333 16.3333 16.3333 16.3333 16.3333 16.3333 16.3333 16.3333 16.3333 16.3333 16.3333 16.3333 16.3333 13 13 1 
26.5 26.1429 26.6667 26.6667 27 27 27 27 27 27 27 27 27 27 27 27 27.75 0 0 0 0 14 14 26 
26.5 26.8571 26.8571 26.8571 26.6667 26.6667 26.6667 26.6667 26.6667 26.6667 26 26 26 26 26 26.25 26.25 26.25 26.25 26.3333 26.3333 26.3333 26.3333 26.3333 26.3333 0 27 
26.5 26.5 26.1429 26.1429 26.5 26.5 26.5 26.5 26.5 26.5 26.5 25.8 25.8 25.8 25.8 25.75 25.75 26 26 26 25.5 25.5 25.5 25.5 0 0 0 0 
26.5 26.8571 26.8571 26.8571 27.5 0 0 0 0 0 0 0 0 0 0 0 0.666667 0.666667 0.666667 0.666667 0.5 0.5 0.5 0.5 0.5 0.5 27 
26.5 26.5 26.5714 26.5714 26.5714 26.5714 26.5714 26.5714 26.3333 26.3333 26.3333 26.3333 26.3333 26.3333 26.3333 26.6 26.6 25.75 25.75 25.75 25.75 25.75 26.3333 26.3333 26.3333 25 25 27 
26.5 26.5 26.5 26.5 26.5 26.5 26.5 26.5 26.5 26.5 26.5 26.5 26.5 26.7143 26.7143 26.8333 26.8333 26.8333 26.8333 26.8333 27.6 27.6 27.6 27.75 1 1 1 
26.5 26.5 26.5 26.5 26.5714 26.5714 26.8333 26.8333 26.8333 26.8333 27.6 27 26.6667 26.6667 25.5 25.5 25.5 27 27 
26.5 26.2857 26.2857 26.2857 26.2857 26.2857 26.8333 26.2 26.2 26.2 26.2 26.2 26.75 26.75 26.75 26.75 27.3333 27.3333 27.3333 27.3333 27.3333 13.5 13.5 13.5 26 26 26 26 
26.5 26 26 25.6667 25.6667 25.6 26 26 26 26 27 13 13 13 13 13 13 25 
26.5 26.5 26.5 26.5 26.5 26.5 26.4286 26.6667 26.6667 26 26 26 26 26 26 25.25 25.25 25.25 25.25 24.3333 25 25 25 25 24 24 24 
26.5 26.5 26.2857 26.2857 26.2857 26.2857 26.2857 26.2857 26.2857 26.2857 26.2857 26.2857 25.6667 25.8 26.5 26.5 27.2 27.5 27.5 27.5 27 27 0.5 27 27 27 
26.5 26 26 26 25.6667 25 25 25 25 25.25 24.6667 24.6667 24.6667 24.6667 24.6667 24.6667 24.5 24.5 24.5 23 23 23 23 23 23 23 23 
26.5 26.5 26.5 26.5 26.5 26.5 26.2857 26.6667 26.6667 26.6667 26 26 26 26 26 26.25 26.25 16.6667 16.6667 12 12 12 1 
26.5 27 27.1667 26.8 26.75 24.5 24.5 24.5 24.5 24.5 24.5 24.5 24.5 24.5 24.5 24.5 24.5 24.5 24.5 24.5 24.5 24.5 24.5 24.5 25 25 
26.5 26.5 26.5 27 27 27 27 27 27 27 27.5 27.4 27.4 27.4 27.4 27.4 27.4 13.5 13.5 13.5 9.33333 1.5 1.5 2 
26.5 26.5 26.8571 26.8571 26.3333 26.3333 26.3333 26.3333 26.3333 26.3333 25.8 25.25 25.25 25.25 25 24 24 24 24 24 24 24 24 24 23 23 23 23 
26.5 27 27 27 27.3333 26.8 26.8 26.8 26.25 26.25 26 26 26 26 26 26 26 25 24 24 24 
26.5 26 26 26 26.3333 26 26 26 26 26.25 26.25 25.3333 26.5 26.5 26.5 26.5 26.5 26.5 26.5 26.5 26.5 27 27 27 27 27 
26.5 26.5 26.5 27 27 27 27 15.6 25 25 25 25.5 26 26 26 26 26 26 26 26 26 26 26 26 
26.5 26.7143 26.7143 26.7143 26.7143 26.7143 26.7143 26.7143 26.7143 26.7143 26.7143 26.7143 26.7143 26.7143 27.3333 27 27 27 26.25 26.3333 26.3333 27.5 27 27 27 27 27 27 
26.5 26.5 26.5 27 26.5 26.2 26.2 26.2 26.2 26.2 26.5 26.5 26.5 26.5 26.5 26.5 26.5 26.5 26.5 26.5 26.6667 26.6667 26.6667 26.6667 12.5 24 
26.5 26.5 26 26 26 25.6667 25.6667 25.6667 25.6667 25.6667 25.6667 25.6667 25.6 25.75 26.6667 26.6667 26.6667 26.6667 25.5 25.5 27 27 27 27 27 
26.5 26.5 26.5 26.5 26.5714 26.5714 26.8333 26.8333 26.8 16 16 16 16 23.5 23.5 23.5 23.5 23.5 24 24 24 24 
26.5 26.1429 26 25.2 25.2 25.25 25.25 25.25 25.25 26 26 26 26 25 25 26 26 26 26 26 26 26 26 
26.5 26.5 26.5714 26.5714 26.5714 27.1667 27.1667 27.1667 27 27 27.75 0.666667 0.666667 0.666667 0.666667 0.666667 0.666667 0.666667 0.666667 0.666667 0.666667 27 27 27 27 27 27 27 
26.5 26.5 26.5 26.5 26.5 27 27 27 27 27 27 27 27 27 27 27 27 27.4 27.4 27.4 27.75 9 9 9 24 
26.5 26.5 26.5 26.5 26.5 26.1429 26.1429 26.1429 25.5 25.6 25.6 25.6 25.6 25.6 25.25 25.25 25.6667 25.5 25.5 25.5 23 23 
26.5 27 27 27.3333 27 27 27 27 26 26 26 26 26 26 26 26 26 26 26 26 26 27 27 27 26 26 26 26 
26.5 26.5 26.5 26.5 26.5 26.5 26.5 26.5 26.5 26.5 26.5 26.5 26.5 27 27.3333 26.8 26.8 26.8 26.8 26.8 27 26.6667 0 0 0 0 1 
26.5 26.5 27 27 26.5 27 27 27 27.5 27.6667 27.6667 27 27 27 27 0 0 0 0 0 0 0 0 0 
26.5 26.8571 26.8571 26.8571 26.8571 26.8571 27 27 26.6 26.6 26.6 26.6 26.6 26.6 27 26 25.5 0 0 0 0 0 0 0 
26.5 26.5 26.5 26.5 26.1429 25.5 25.5 25.5 25.8 25.75 25.75 25.75 25.75 26 26 25.5 23 23 23 23 23 23 23 23 23 23 23 23 
26.5 26.4286 26.4286 26.4286 25.2 25.2 25.2 25.2 25.2 25.2 25.2 25.2 25.2 25.2 25.2 25.2 25.2 25.5 25.5 25.5 26.3333 26.3333 26.3333 26.3333 26.5 26.5 0 0 
26.5 26.1429 26.1429 26.1429 26.1429 26.5 26.5 26.5 26.5 26.8 26.8 26.8 26.8 26.8 26.8 26.8 27 27 12.5 12.5 12.5 12.5 23 23 23 23 23 
26.5 26.5 26.5 26.5 26.5 26.5 26.5 26 26 26 26 26 26 25.6667 25.6667 25.8 25.8 25.8 25 24.6667 24.6667 23.5 23.5 23.5 23 23 23 23 
26.5 26.5 26.4286 26.4286 26.4286 26.4286 26.4286 19.8 19.8 19.8 24.5 24.5 24.5 24.5 24.5 24.5 24.5 24.5 24.3333 24.3333 24.3333 24.3333 24.3333 24.5 23 
26.5 26.5 26.7143 26.6667 26.6667 26.6667 26.6667 26.6667 26.6667 26.6667 26.8 26.8 26.8 27.5 27.5 27.5 8.66667 8.66667 8.66667 8.66667 8.66667 1.5 1.5 1 1 1 1 1 
26.5 26.5 26.5 26.5 26.5 26.5 26.5 26.5 26.5 26.5 26.5 26.5 26.5 26.8571 26.3333 25.8 25.25 25.25 25.3333 24.5 24.5 26 
26.5 26.5 26.1429 26.1429 26.1429 26.1429 26.1429 26.1429 26.1429 26.1429 26.1429 26.1429 26.1429 25.8333 26 26 26 18.75 24.3333 24.3333 24.3333 24.3333 24.3333 24.3333 24.3333 25 26 26 
26.5 26.8571 27.1667 27.1667 27.1667 27.1667 26.8 26.8 26.8 26.8 26.8 26.8 26.8 26.8 26 26 26 26 26 25.5 25.5 0 0 0 0 0 0 
26.5 26.5 26.5 26.5 26.5 26.5 26.7143 26.7143 26.7143 26.7143 26.7143 27.3333 27.3333 27.3333 27.3333 27.2 27.2 13.25 13.25 13.25 9 9 9 12.5 12.5 12.5 24 
26.5 27 27.5 27.5 27.5 27.2 27.2 27.2 27.2 27.2 27.75 27.6667 27.6667 27.6667 27.6667 27.6667 14 26 26 26 26 26 26 26 26 26 26 26 
26.5 26.8571 26.8571 26.8571 26.8571 26.3333 26.3333 25.8 26 26 26 26 27 27.5 27.5 27.5 27.5 27.5 27.5 27.5 27.5 27.5 0 0 0 0 0 0 
26.5 26.5 26.5 26.5 26.5 26.5 26.5 26.5 26.5 26.5 26 26 26 26 26 26.3333 26.6 26.6 26.75 26.75 26.75 26.75 26.75 26 25.5 0 0 0 
26.5 26.5 26.2857 26.2857 26.8333 26.8333 26.8333 26.8333 26.8333 26.2 26.2 26.2 26.2 26.2 26.2 26.2 26.25 26.25 25.3333 25.3333 25.5 27 
26.5 26.5 26.5 26.5 26.5 26.5 26.5 26.5 26.5 25.5 25.5 25.5 25 25 25 24.75 24.75 24.75 24.75 24.75 24.75 24.75 24.75 24.75 24.6667 23.5 24 24 
26.5 26.5714 26.5714 26.5714 26.5714 26.5 26.5 15 15 15 24 24 23.5 23.5 23.5 23.5 23.5 23.5 23 23 23 
26.5 26.1429 26.1429 26 26 26 26 26 26 26 25.2 24.5 24.5 24.5 24.5 24 24.5 24.5 24.5 24 24 24 24 24 24 24 24 24 
26.5 26.5 26.1429 26.1429 26.1429 26.1429 26.1429 26.1429 26.1429 26.1429 26.1429 26.1429 26.1429 26.5 26.5 26.4 26.4 26.4 25.5 25.5 25.5 25.5 25.5 24.6667 24.6667 25.5 26 26 
26.5 26.4286 26.4286 26.4286 26.4286 26.4286 26.4286 26.4286 26.4286 26 25.2 25.2 25.2 25.2 25.2 25.2 25.2 25.2 25.75 25.6667 25.6667 25.6667 24.5 24.5 24 24 
26.5 26.5 26.5 26.7143 26.7143 26.7143 26.7143 27.3333 27.3333 27.3333 0 0 0 0 0 0 0 0 27.5 27.6667 13.5 13.5 13.5 13.5 13.5 13.5 26 26 
26.5 26.5 26.5 26.5 26 26.1667 25.6 25.5 25.5 25.5 25.5 25.5 26.3333 26.3333 25.5 24 24 24 
26.5 26.5 26.5 26.1429 26.1429 25.5 26 26 26 26 26 26.6667 26.6667 27 27 26.25 26.3333 26 26 24 24 24 24 24 
26.5 26.1429 26.1667 26.1667 26.1667 25.4 25.4 25.4 25.4 25.4 25.4 26 26 26 26 26 26 26 26 26 26.6667 26.6667 27.5 0 0 0 0 
26.5 26.5 26.7143 26.7143 26.7143 26.7143 26.7143 26.7143 26.7143 26.7143 27.3333 27.2 13.25 25 25 25 25 25 25 26 26 26 
26.5 26.5 26.5 26.5 26.5 25.5 25.5 25.5 25.5 25.5 25.8 25.8 25.8 25.75 25.75 25.75 25 25 26 25 25 25 25 25 
26.5 26.5 26.5 26.5 26.5 26.5714 26.3333 24.75 24.75 25 25 25 25 25 25 25 25 25 24 24 24 24 25 
26.5 26.1429 26.1429 26.1429 26.1429 26.1429 25.5 25.5 25.5 25.5 25 25 25 25 25 25 25 25 25 24.3333 24.3333 24.3333 25 25 25 25 25 24 
26.5 26.5 26.5 26 26 26.5 26.2 26.2 25.5 26 26 26 26 26 26 26 27 27 27 27 27 27 27 27 27 27 27 27 
26.5 26.5 26.4286 26.4286 27 27 27 27 27 27 27 27 27 27.2 27.2 26.5 26.5 27.3333 27.3333 26.5 26.5 25 25 25 25 
26.5 26.5 26.5 26.5 26.5 26.8571 27 27 27 27 25.75 25.75 25.75 25.75 26 26 26 26 26 26 26 25.5 23 
26.5 26.8571 26.6667 26.6667 26.6667 26.6667 26.6667 26.6667 26.6667 26.6667 25.25 25.25 24.6667 24 24 25 25 25 
26.5 26.1429 26.3333 26.3333 26.3333 26.3333 25.6 25 25.6667 25.6667 25.6667 25.6667 25.6667 25.6667 25.6667 25.6667 25.5 25.5 25.5 24 24 24 24 24 24 24 
26.5 26.5714 26.5714 27 27 27 27 27 27 27 27 27 27 27 26.5 27 27 27 27 27 27 12.5 12.5 23 23 23 
26.5 26.1429 26.1667 26.1667 26.6 26.6 26.6 26.6 26.5 26.5 26.5 26.5 25.3333 25.3333 25.3333 25.3333 25.3333 25.3333 25.3333 24 24 24 24 24 24 25 25 
26.5 26.5 26.1429 26.1429 26.1429 25 25 25 24.75 24.75 24.75 24.6667 24.6667 24.6667 24.6667 24.6667 25.5 25.5 25.5 24 24 24 24 24 24 24 
26.5 26.5 26.5 26.5 26.5 26.5 26.7143 26.8333 26.8333 26.8333 26.8333 26.8333 26.6 26.6 26.6 25.75 25.75 26.6667 26.6667 12.5 24 24 24 
26.5 26.5 26.5 26.5 26.5 26.7143 27.3333 27.3333 27.3333 27.3333 27.3333 27 27 27 27 27 27 27 27 27 26.75 17.3333 17.3333 25 26 26 
26.5 26.5 26.4286 26.4286 26.8333 26.8333 26.8333 27 26.25 26.25 26.25 26.25 26.25 26.25 16.3333 24 24 24 24 24 24 23 23 23 23 
26.5 26.5 26.8571 26.8571 26.8571 26.8571 26.8571 26.8571 26.3333 26.3333 26.3333 26.3333 26.6 26.6 26 26 26 26 27.5 27.5 27.5 27 27 27 
26.5 26.5 26.5 26.5 26.4286 25.8333 19.8 19.8 19 19 19 19 17.3333 17.3333 17.3333 13.5 13.5 13.5 13.5 13.5 13.5 13.5 13.5 13.5 13.5 13.5 13.5 26 
26.5 26.5 26.5 26.5 25.5 25.5 25.5 25.5 25.5 25.8 26.5 26.5 26.5 26.4 26.75 26.75 0 0 0 0 14 14 14 14 26 
26.5 26.1429 26.1429 26.1429 26.1429 25.5 25.6 25.6 25.6 26.25 26.25 27 27 27 27 27 27 27 27 27 27 27 26 26 26 26 
26.5 26.1429 26.1429 26.1667 25.4 25.4 25.4 25.4 25.4 26 26 26.6667 26.6667 26.5 26.5 26.5 26.5 26.5 26.5 26.5 26.5 25 25 25 
26.5 26.5 26.5 26 26 26 26 26 26 26 26 26 25.6 25.6 25.6 18.25 18.25 18.25 18.25 18.25 18.25 18.25 18.25 16.6667 24.5 24.5 24.5 25 
26.5 26.5714 26.5714 26.5714 26.5714 26.5714 26.5714 27.1667 27.1667 27.1667 27.1667 27.2 27.2 27.2 27.2 27.2 27.2 27.2 27.2 0 0 0 0 27.6667 27.6667 26.5 25 
26.5 26.5 26.1429 25.2 25.25 25.6667 25.6667 25.6667 25.6667 25.6667 25.6667 25.6667 25.6667 25.6667 25.6667 27 27 27 0 0 0 0 0 
26.5 26.5 27 27 27 27.3333 27.6 27.6 27.6 27.5 27.5 9 9 9 9 9 1.5 1.5 
26.5 26.5714 26.5714 26.5714 26.5714 26.5714 26.5 26.5 26.5 27.2 25.6667 25.6667 25.6667 25.6667 25.6667 25.6667 25.6667 26.5 26.5 26.5 0 0 0 0 0 0 0 0 
26.5 26.5 26.8571 26.8571 27.1667 27.1667 27.2 27.2 27.2 27.2 27.2 26.75 0 0 1 1 0 0 0 0 
26.5 26.5 26.2857 26.2857 26.2857 26.8333 27 27 27 27 27 27 26.25 27 0 0 0 0 0 27 27 27 27 
26.5 26 26 26 25.5 26 26 26 26 26 26.6667 26.5 26.5 26.5 26.5 0 0 0 0 0 0 
26.5 26.5 26.2857 26.2857 26.8333 27.4 27.4 27.4 27.4 27.4 27.4 0 0 0 0 0 0 0 0 9.66667 9.66667 9.66667 1.5 1.5 
26.5 26.5 27 27 27.5 27.5 27.5 27.5 27.5 27.5 27.5 27.5 27.6 27 27 27 27 27.6667 27.6667 13.5 13.5 13.5 13.5 1 1 
26.5 26.5 26.5 26.5 27 27 26.8333 26.8333 26.8333 26.8333 26.8333 26.2 19 17 17 17 17 17 17 17 17 17 13.5 13.5 13.5 13.5 1 
26.5 26.5 26.5 26.5 26.5 26.5 26.2857 26.2857 26.2857 26.2857 26.2857 26.2857 26.2857 25.6667 25.6667 25.6 25.6 25.6 25.6 18.25 18.25 18.25 16.6667 16.6667 16.6667 16.6667 24.5 25 
26.5 26.5 27 27.1667 27 26.25 26.25 26.25 26.25 26.6667 0 0 27 27 27 27 27 27 27 27 27 27 27 27 
26.5 26.8571 26.6667 26.6667 26 26 26 26 26.75 26.75 26.75 26.75 26.75 26.75 26.75 27 13 13 13 13 13 13 13 25 
26.5 26.2857 26.2857 26.3333 26.3333 26.3333 26.3333 15 12.75 12.75 16.3333 16.3333 16.3333 16.3333 16.3333 16.3333 16.3333 16.3333 16.3333 13 25 25 25 
26.5 26.5 26.5 26.2857 16.8333 16.8333 16.8333 16.8333 16.8333 16.8333 15.2 15.2 15.2 15.2 15.2 15.2 12.5 12.5 8.66667 8.66667 12 12 12 23 
26.5 26.5 27 27 27 27 27 27.2 27.2 26.5 26.5 26.5 26.5 16.6667 16.6667 13 13 13 13 13 1 1 1 1 1 1 1 
26.5 26.5 26.5 26.7143 26.7143 26.1667 26.1667 26.8 26.8 27 26.6667 26.6667 26.6667 26.6667 26.6667 26.6667 26.6667 25.5 25.5 25.5 25.5 25.5 27 
26.5 26.5 26.5 26.5 26.5 26.5 26.5 26.5 27 27.1667 27.1667 26.6 26.6 26.6 26.6 26.6 26.5 26.5 16.6667 16.6667 16.6667 12.5 12.5 1 1 
26.5 26.5 26.5 26.5 26.5 26.5 26.2857 25.6667 25 25 25 25 25 25 24.5 24.5 24 24 24 24 23.5 23.5 24 24 24 24 24 
26.5 26.5 26.5 26.5 26.5714 26.5714 26.5714 26.5714 27.1667 27.1667 27.1667 27.1667 27.1667 26.8 26.8 26.8 26.8 26.8 26.8 26.8 26.5 27 27 0.5 0.5 0.5 0.5 
26.5 27 27 27 26.8333 26.8333 27.4 27.4 26.75 26.75 26.75 26.75 26.75 26.75 27 13 13 13 13 13 13 13 13 1 1 1 1 1 
26.5 26.5 26.8571 26.8571 26.8571 26.5 26.5 25.25 25.25 25.25 24.6667 24.6667 24.5 24.5 24.5 24.5 23 23 23 23 23 23 
26.5 26.5 26.5 26.5 26.5 26.5 26 26 26.5 26.5 26.5 26.5 26.4 26.4 26.4 26.5 26.5 26.5 27 27 27 27 27 27 26 26 0 
26.5 26.5 26.5 26.5 26.5 26.5 26.5 26.7143 26.1667 26.1667 25.8 25.8 25.8 25.8 25.8 25.8 18.5 18.5 18.5 17 17 25 24 24 
26.5 26.5 26.5 26.5 26.5 26.5 26.5 26.5 26.5 26.5 26.5 26.5714 26.5714 26.5714 26.5714 26 26 26 26.4 26 27 27 26 26 25 25 25 25 
26.5 26.5 26.4286 26.4286 25.8333 25.8333 25.8333 26.4 26.4 26.4 26.4 25.75 25.75 26.3333 26.3333 26.3333 25.5 25 25 25 25 25 25 25 25 25 25 
26.5 26.5 26.5 26.4286 26.4286 26.4286 26.4286 26.4286 26 26 26 26 26.2 27 0 0 0 0 0 0 0 0 0 0 0 0 26 
26.5 26.4286 26.4286 26.4286 26.5 15 15 15 12.5 12.5 16.3333 23.5 23.5 23.5 23.5 23.5 23.5 23.5 23.5 23 
26.5 26.5 27 27 27 27 27 27 26.6667 26.6667 26.6667 26.6667 26.6 26.6 26.6 26.6 26.6 26.6 25 25 25 25 25.5 26 
26.5 26.5 26.5 26.5 26.5 26.5 26.5 26.4286 26.4286 25.2 25.25 25.25 25.25 25.25 25.25 25.25 25.25 25.25 24.3333 24.3333 24.3333 24.3333 24.5 24.5 23 23 
26.5 26.5 26.5 26.5714 26.5714 26 26.4 26.4 26.4 26.4 26 16.3333 16.3333 16.3333 16.3333 16.3333 16.3333 16.3333 16.3333 16.3333 16.3333 16.3333 12 23 23 23 23 23 
26.5 27 27 27 27 27 27.1667 27.6 27.25 26.3333 26.3333 26 26 26 26 0 0 0 0 0 0 
26.5 27 27 27 26.5 26 26 26 26 26 26 26 26 26 25.75 25.75 25.75 25.75 25.75 25.75 25.6667 26.5 0 0 
26.5 26.5 26.5 26.5 26.5 26.5 26.8571 26.8571 26.8571 26.8571 26.8571 26.8571 26.8571 26.8571 26.8571 26.8333 26.8333 26.2 26.5 26.5 16.6667 16.6667 16.6667 16.6667 12 23 23 23 
26.5 26.5 26.5 26.5 26.5 26.5 26.5 26 25.8333 25.2 25.5 25.5 25.5 25.5 25.5 24.6667 24.6667 25.5 25 25 25 25 25 25 
26.5 27 27 27 27 27 27.3333 27.3333 27.3333 27.3333 27.3333 27.3333 0 0 0.25 0.25 0.25 0 0 0 0 27 27 27 27 0 0 0 
26.5 26.5 26.8571 26.8571 26.8571 26.8333 26.8333 26.8333 27.2 26.5 27.6667 27.6667 27.6667 27.6667 27.6667 13.5 13.5 26 26 26 26 26 26 26 
26.5 26.5 26.5 26.8571 26.8571 26.8571 26.6667 26.6667 26.6667 26 26 26 26 26 26 26 18.75 16.6667 13.5 1 1 1 1 1 1 1 
26.5 26.7143 27.3333 27.3333 27.3333 27.3333 27.3333 27.2 27.2 25.6667 25.6667 25.6667 25.6667 25.6667 25.6667 25.6667 25.6667 26.5 26.5 26.5 26.5 26.5 26.5 27 27 27 
26.5 26.5 27 26.8333 26.8333 26.8333 26.8333 26.8333 27.2 27.2 27.2 27.2 0 0 0 9.66667 9.66667 1.5 1.5 1.5 1.5 1.5 1.5 1.5 1.5 1.5 
26.5 26.5 26.5 26.5 26.2857 26.2857 25 25 25 25 25.25 25.25 26 26 26 26.5 26.5 27 27 27 27 27 27 27 27 27 27 
26.5 26.5 26.2857 26.2857 26.3333 26.3333 24.75 24.75 24.75 24.75 24.75 24.75 24.75 24.75 24.75 24.75 25 25 25 25 25 25 25 25 25 27 
26.5 26.2857 26.2857 26.8333 27.4 27.4 27.4 27.4 27.4 27.4 27.4 26.75 26.75 17.3333 17.3333 17.3333 17.3333 17.3333 25.5 25.5 25 25 25 25 25 
26.5 26.5 26.5 27 27 27 27 27 27.6 13.5 13.5 13.5 13.5 13.5 13.5 13.5 9.66667 9.66667 9.66667 9.66667 9.66667 13.5 1 
26.5 26.7143 26.7143 26.7143 27.3333 27.3333 27.3333 27.3333 27.3333 27.2 25.6667 25.6667 25.6667 25.6667 25.6667 25.6667 25.6667 26.5 26.5 26.5 26.5 26.5 26.5 26 26 
26.5 26.8571 26.8571 26.8333 26.8333 26.8333 27.6 26.3333 26.3333 26.3333 26.3333 26.3333 25.5 25.5 25.5 25.5 25 25 25 25 25 25 25 25 25 25 
26.5 26.5 26.5 26 26 26 26 26 26 26.2 26.2 26.2 26.2 26.75 26.75 0 0 0 0 0 0 0 0 0 27 27 27 27 
26.5 26.5 26.5 26.5 26.5 26.5 26.5 26.5714 26.5714 26.5714 26.1667 26.1667 26.1667 26.1667 26.1667 26.1667 25.4 25.4 26 26.3333 26.3333 27.5 27.5 27.5 0 
26.5 26.5 26.1429 26.6667 26.6667 26.6667 27.2 27.2 27.2 26.5 26.6667 26.5 26.5 26.5 26.5 26.5 26.5 26.5 26.5 26.5 25 25 
26.5 26.5 26.5 26.8571 26.8333 26.8333 15.4 15.4 12.75 9.33333 9.33333 9.33333 9.33333 9.33333 9.33333 9.33333 13 13 25 25 25 25 25 25 25 25 25 
26.5 26.5 26.5 26.5 26.5 26.5 26.5 26.5 26.5 26.5 26.5 26.7143 26.3333 26.3333 25.6 25.6 25.25 25.25 25.6667 25.5 23 23 23 
26.5 26.5714 26 26.2 27 27 27 27 27 27 27 27 27 27 12.5 12.5 12.5 12.5 12.5 12.5 12.5 1 
26.5 26.5714 26.8333 26.8333 26.8333 27.4 27.4 27.4 27.4 27.4 0.5 0.5 0.5 0.666667 0.666667 0.666667 0.666667 0.666667 0.666667 0.666667 0.666667 1 1 1 1 1 1 1 
26.5 26.4286 26.4286 26.4286 26.4286 26.4286 27 27.4 27.4 27.4 27.4 27.4 27.4 27.4 26 25 25 26 26 26 26 26 26 26 26 26 26 
26.5 26.5 26.5 26.8571 26.8571 26.8571 26.8571 26.3333 26.3333 26.3333 26.3333 26 26 26 26 26 26 26.3333 26.3333 25 25 25 27 
26.5 26.5 26.5 26.5 26.5 26.5 26.5 26.8571 26.3333 26.3333 26.3333 26.3333 26.3333 26.3333 26.3333 26.3333 26.3333 26.6 26.5 26.5 26.5 26.5 16.6667 13.5 1 
