6 6 6 6 6 6 6 6.5 6.5 6 6 6 6 6 6 6 6 6 6 6 5 5 5 5 
6.5 6.5 6 6 6 6 5.75 5.75 5.75 5.75 5.75 5.75 5.75 5.75 5.75 5.75 5 5 5 5 6 
6.5 6.5 6.5 6 6 6 6 6 6 6 6 6 6 6 6 5.5 5.5 5.5 5.5 5.5 6 6 
6.5 6.5 6.5 6.5 6.5 6.5 6.8 6.8 6.8 6.25 5.66667 5.66667 5.66667 5.66667 5.66667 5.66667 5.66667 5.66667 5.66667 5.66667 5.66667 5.66667 5.66667 5 6 6 
6.5 6 6 6.25 5.66667 5.66667 5.66667 5.66667 5.66667 5.66667 6.5 6.5 6.5 6.5 6.5 6.5 6.5 6.5 6.5 6.5 6 6 
6 6 6 6 6 6.5 6.66667 6.66667 6.66667 6.66667 6 6 6 6 6 7 7 7 7 7 7 7 
6 6 6 6 6 6 6 6 6.5 6.5 6.5 6.5 6.66667 6.66667 6.5 6.5 6.5 6.5 6.5 6.5 6.5 6.5 5 5 5 5 5 
6 6 6 6.25 6.25 6.25 5.66667 5.66667 5.66667 5.66667 5 5 5 5 5 5 5 5 5 4 4 4 4 4 4 4 
6.5 6 5.75 5.75 5.75 5.75 5.75 5.75 5.75 5.75 5.75 6 7 7 7 7 7 6 6 6 6 6 6 6 
6 6 6.5 6.5 6.5 6.5 6.5 6.5 6.5 6.5 6.5 6.5 6.5 6.5 6.5 6 6 6 6 6 6 6 6 6 6.5 6.5 7 
6.5 6 6 6 6.5 6.5 6.33333 6.33333 6.33333 6.33333 6.33333 6.33333 6.5 6.5 6.5 5 5 5 5 5 5 5 5 
6.5 6 5.5 5.5 5.5 5.5 5.5 5.5 5.33333 5.33333 5.33333 5.33333 5.33333 5.33333 5.33333 5.33333 5.33333 5.5 5.5 5.5 5.5 5.5 5.5 5.5 7 7 7 
6 6 6 6 6 5.33333 5.33333 5.33333 5.33333 5.33333 5.33333 5.33333 5.33333 5.5 5.5 5.5 5.5 7 
6 6.5 7 7 7 7 7 7 7 7 7 7 7 7 7 7 6.5 6.5 6 6 6 6 6 6 6 6 6 6 
6 6 6 6 6 6.5 6.5 6.5 6.5 6.5 6.5 6.5 6.5 6.5 6.5 6.33333 5.5 5.5 5.5 5.5 5.5 6 6 6 6 6 
6 5.5 5.5 5.33333 5.33333 5.33333 5.33333 4.5 4.5 4.5 4.5 4.5 4.5 4.5 4.5 4.5 4 4 4 4 4 4 4 4 
6 6 6 6 6 6 6 6 6 6.5 6.5 7 7 7 7 7 7 7 7 7 7 8 8 
6 6 6.25 6.25 5.66667 5.66667 5.66667 5.66667 5 5 5 5 5 5 5 5 5 5 5 5 6 6 6 
6.5 6 6 6 6 6 5.66667 6 6 6 6 6 6 6 8 
6.5 6 6 6 6 6.25 6.25 6.25 6.25 6.25 6.25 6.25 6.25 6.33333 7.5 7.5 7.5 7.5 7.5 7.5 7.5 7.5 7.5 7.5 7 
6 6 5.5 5.5 5.5 6 6 6 5.5 5.5 5 
6.5 6 6 6 6 5.5 5.5 5.5 5.5 5.5 5.5 5.5 5.5 5.5 5 5 5 5 5 5 6 6 6 6 6 6 6 
6 6 6 6 6 5.5 5.5 5.5 5.5 5.5 5.5 5 5 5 5 5 5 5 5 5 5 5 5 6 6 6 6 6 
6 6.25 6.25 6 6 6 6 6 6 6 6 6 6 6 6 6 6 6 4 4 4 
6 6 6 6 6 6 6.25 6.25 6.25 6.25 6.25 6.25 6.25 6.33333 6.33333 6.33333 6.33333 6.33333 6.33333 6.33333 6.33333 7.5 7.5 7.5 7 7 7 
6 6 6 6 6 6 6.33333 6.33333 6.33333 6.33333 6.33333 6.33333 6.33333 6.33333 6.33333 6.33333 6.33333 6.33333 6.33333 6.33333 5.5 5.5 5.5 7 
6.5 6 6 6 6 6 6 6 6.25 6.25 6.25 6.25 6 6 6 6 6 6 6 6 8 8 8 8 8 
6 5.75 5.75 5.75 5.75 5.75 5.75 5.75 5.75 6.33333 6.33333 6.33333 7 7 7 7 7 8 8 8 
6 6 6 5.75 5.75 5.75 5.75 5.75 5.75 5.75 5.75 5.75 5.75 5.75 5.75 5.75 5.75 5.75 5 5 5 5 5 4 4 
6 5.5 5.5 5 5 5 4.5 4.5 4.5 4.5 4.5 4.5 4.5 4.5 4.5 4.5 4.5 4.5 4.5 4.5 4.5 5 5 5 5 5 5 5 
6 6 6 6.5 6.5 6.5 6.5 6.5 6.5 6.5 6.5 6.5 6.5 6.5 6.33333 5.5 6 6 6 6 6 6 6 6 6 6 6 
6 6.25 6 6 6 6 6 6 6 6 6 6 6 6 5 5 5 4 4 4 4 4 4 4 
6.5 6 5.75 5.75 5.75 5.75 6.33333 6.33333 6.33333 5.5 5.5 5.5 5.5 5.5 5.5 5.5 5.5 5.5 5.5 5.5 5.5 5.5 5.5 5.5 5.5 5 5 5 
6 6 6 5.33333 5.33333 5.33333 5.33333 5.33333 5.33333 5.33333 5.33333 5.33333 5.5 5.5 5.5 5.5 5.5 5.5 5.5 5.5 7 7 7 7 7 
6.5 6.25 6.25 6.25 6.25 6.25 6.25 6.25 6.25 6.25 6.33333 6.33333 6.33333 7.5 7.5 7.5 7.5 7.5 7.5 7.5 7.5 8 8 8 8 8 8 8 
6 6 6 6 6 6 6 6 6 6 6 6 6.33333 6.33333 6.33333 6.33333 6.33333 6.33333 6.33333 6.33333 6.33333 6.33333 6.33333 6 6 6 8 
6.5 6 6 6 6 6 6 6 6 6.5 6.5 6.5 6.5 6.5 6.66667 6.66667 6.5 6.5 6.5 6.5 6.5 6.5 6.5 5 5 5 5 5 
6 6 6 6.25 6.25 6.25 6.25 6.25 5.66667 5.66667 5.66667 5.66667 5.66667 5.66667 5.66667 5.66667 5.66667 5.66667 5.66667 5.66667 5.66667 5.66667 5.66667 5 5 6 6 
6.5 6.5 7 7 7 7 7 7 7 7 7 7 6 6 6 6 6 6 6 
6 6 6 6 5.5 5.5 5.5 5.66667 5.66667 5.66667 5.66667 5.66667 5.66667 5.66667 5.66667 5.66667 5.66667 5.66667 6.5 6.5 7 7 7 
6 6.5 6.5 6.5 6 6 6 6 6 6 6 6 6 6 6 6 7 7 7 7 7 
6 6 6 6 6 6 6 6 6 6 6 6 6 6 6 6 6 6 5.33333 5.33333 6 7 7 7 7 7 7 7 
6.5 6 6 6 6 6.5 6.5 6.5 6.5 6.5 6.5 6.5 6.5 7 7 7 7 7 7.5 7.5 7.5 7 7 7 7 7 7 7 
6 6 6 6 6 6 6 6 6 6 6 6 6 6 6 5.66667 5.66667 4.5 4.5 4.5 5 5 5 5 5 5 5 
6 6 6 6 6 6 6 6 6.5 6.5 6 6 6 6 6 6 6 6 6 6 5 5 5 5 5 5 5 5 
6.5 6 6 6 6 6 6 6 5.75 5.75 5.75 5.75 5.75 5 5 5 5 5 5 4.5 4.5 5 5 5 5 5 
6 5.75 5.75 5.75 5 5 5 5 5 5 4.5 4.5 5 5 5 5 5 5 5 5 5 5 5 5 5 5 5 
6.5 5.75 5.75 5.75 5.75 5.75 5.75 5 5 5 5 5 5 5 5 5 4.5 4 4 4 4 4 
6.5 6 6 6 6 6 6 6 6.66667 6.5 6.5 6.5 6.5 5 5 5 5 5 5 5 5 5 5 5 5 5 5 5 
6 5.75 5.75 5.75 6.33333 6.33333 6.33333 6.33333 6.33333 6.33333 6.33333 6.33333 6.5 6.5 6.5 6.5 5 5 5 
6.5 6 6 6 6 5.5 5 5 5 5 5 5 5 5 6 6 6 6 6 6 6 6 6 
6 6 6 6 6 6 6.5 6.5 6.5 6.5 6.5 6.5 6.5 6.5 7 7 7 7 6.5 6 6 6 6 6 
6 6 6.25 6.25 6.25 6.25 6.25 6.25 6.25 6 6 6 6 6 6 6 7 7 7 7 7 8 8 8 8 
6 6 6 6 6.25 6.25 6.25 6.25 6.25 6.25 6.25 6.25 6.25 6.25 6.33333 6.33333 6.33333 6.33333 6.33333 5.5 5.5 5.5 5.5 5.5 7 7 
6 6 6 6 5.75 5.75 5.66667 5.66667 5.66667 5.66667 5.66667 5.66667 5.66667 5.66667 6 6 6 8 8 8 8 8 
6 6 5.75 5.75 5.75 5.75 5.75 5.75 5.75 6.33333 6.5 6.5 6.5 8 8 8 8 8 8 8 8 
6 5.75 5.75 6.33333 6.33333 6.33333 6.33333 6.33333 6.33333 6.33333 6.33333 6.33333 6.33333 6.33333 7 7 7 7 7 7 7 8 
6 6 6 6 6 6 6 6.25 6.25 6.25 6.25 6.25 6.33333 6.33333 6 6 8 8 8 8 8 8 
6.5 6 6 6 6 6 6 5.5 5.5 5.5 6 6 6 6 6 6 6 6 6 6 6 6 6 6 7 7 7 
6 6 5.75 5.75 5.75 5.75 5 5 5 5 5 5 5 5 5 5 5 5 6 6 6 
6 5.75 6 6 6 6 6 6 6 6 6 6 6 6 6 6 6 6 6 6 6 5 5 4 4 
6.5 6 6 6 6 6 6 6 6 6 6 6 6 5.66667 5.66667 5.66667 5.66667 5.66667 4.5 4.5 4.5 4.5 4.5 4.5 4 4 4 4 
6 6 6 5.75 5.75 5.75 5.75 5 5 5 5 5 5 5 5 5 4.5 4.5 4.5 4.5 4.5 4 4 4 
6.5 6 6.5 6.5 6.5 6.5 6.5 6.5 6.5 6.5 6.5 6.5 6.5 6.5 6 6 6 6 6 6 6 6 6 5.5 6 6 6 6 
6 6 6 5.5 5.5 5.5 5.5 5.5 5 5 5 5 5 5 5 5 4 4 4 
6 6 6 6 6 6 6 5.5 5.5 5.5 5.5 5.5 5.5 5.5 5.5 5.5 5.5 5 5 5 5 4.5 4.5 4.5 4.5 4.5 4 4 
6 6 6 6 6 6 6 6 6.5 6.5 6.5 6.5 6.5 7 7 7 7 7 7 7 7 7 7 7 6 6 
6 5.75 5.75 5.75 5.75 5.75 5.75 5.75 5.75 5.75 5.75 5 5 5 5 5 5 6 6 6 6 6 6 6 
6.5 6 6 6 6 6 6 5.75 6.33333 6.33333 7 7 7 7 7 8 8 8 8 
6 6 6 6 6 6 5.75 5.75 5.75 5.75 5.75 5.75 5.75 5.75 5.75 5.75 5.75 5.75 6.33333 6.33333 5.5 5.5 6 6 6 6 
6.5 6 5.75 5.75 5.75 5.75 5.75 5.75 5.75 5.75 5.75 5.75 5.75 5.75 5 5 5 5 5 5 5 6 
6 6 6 6 6 6.66667 6.66667 6.66667 7.5 7.5 7.5 7.5 7.5 7.5 7.5 7.5 7.5 7.5 7 7 
6 6 6 6 6 6 6 6 6 6 6 6 6 6 6.33333 6.33333 6.33333 6 6 6 6 6 8 8 8 8 8 8 
6 5.75 6 6 6 5 5 5 5 5 5 5 5 4 
6 6 6 6 6 6 6 6 6 6 6 5.66667 5.66667 5.66667 5.66667 5.66667 4.5 4.5 4.5 4.5 4.5 5 5 5 
6 6 6 6 6 6.25 7 7 7 7 7 7 7.5 7.5 7.5 7.5 7.5 7.5 7.5 7.5 7.5 7 
6.5 6 6 6 5.33333 5.33333 5.33333 5.33333 5.33333 5.33333 5.33333 4.5 4.5 4.5 4.5 4.5 4 4 4 4 4 4 4 4 
6 6 6 6 6 6 6.25 6.25 6.25 6.25 6.33333 6.33333 6.33333 6.33333 6.33333 6.33333 6.33333 6.33333 6.33333 6.33333 6.33333 6.33333 6.33333 6.33333 6 4 
6 6 6 6 6 6 6 6 6 6 5.5 5.5 5.5 5.5 5.5 5 5 4 4 4 4 4 4 4 4 4 4 4 
6 5.5 5.5 5.5 5.5 5.5 5.5 5.5 5.5 5.66667 5.66667 5.66667 5.66667 5.66667 5.66667 5.66667 5.66667 5 5 5 5 6 
6 6 6 5.75 5.75 5.75 5.75 5.75 5.75 5.75 5 5 4.5 4.5 4.5 4.5 4.5 4.5 4.5 4.5 4.5 4.5 4 4 
6 6.5 6.5 6.5 6.5 6.33333 6.33333 6.33333 6.33333 6.33333 6.33333 6.33333 6.33333 6.33333 6.33333 6.33333 5.5 5.5 5.5 6 6 6 6 6 6 6 6 
6.5 6 6.5 6.5 6.5 6.5 7 7 7 7 7 7 7 7.5 7.5 7.5 7.5 7.5 7.5 7.5 7 7 7 7 7 
6 6 6 6 6 6 6 6 6 6 6 6 6 6 6 6 6.5 6.5 6.5 6.5 6.66667 6.66667 6.5 5 5 5 
6 6 6 6 6 6 5.5 5.5 5 5 5 5 5 5 5 4 
6 6.5 6.5 6.5 6.5 6.5 6.5 6.66667 6.66667 6.66667 6.66667 6.66667 6.66667 6.66667 6.66667 7.5 7.5 8 8 8 8 8 8 8 
6 6 6 6 6 6 6 6.5 6.5 6.5 6.5 6.33333 6.33333 6.33333 7 7 7 8 8 
6.5 6 6 6.25 6.25 6.25 6.25 6.25 6.25 6.33333 6.33333 6.33333 6.33333 6.33333 6.33333 6.33333 6.33333 7.5 7.5 7 7 7 7 7 7 7 7 
6 6 6 6 5.5 5.5 5.5 5.66667 5.66667 5.66667 5.66667 6.5 6.5 6.5 6.5 6.5 7 7 
6.5 6 6 6 6 6 6 6 5.5 5.5 5.5 5 4.5 5 5 5 5 5 5 5 5 
6 6 6 6 5.75 6 6 5 5 5 5 5 5 5 5 5 5 5 5 5 5 5 5 4 4 4 4 4 
6 6 5.5 5.5 5.5 5.5 5.5 5.5 5.5 5 5 4.5 4.5 4 4 4 4 4 4 4 4 4 4 4 4 
6.5 6 6 5.5 5.5 5.66667 5.66667 5.66667 5.66667 5.66667 5 5 5 5 5 5 5 4 4 4 4 4 4 4 4 4 
6 6 6 6 6 6 6 6.25 6.25 6 6 6 6 6 6 6 6 5 5 5 5 5 5 5 4 4 4 4 
6 6 6 6 6 6 6 6 6 6 6 6 6 5.75 6 6 5 5 5 5 5 5 5 5 5 6 6 6 
6 6 6 6 6 6.5 6.5 6.5 6.5 6.5 6.5 6.5 7 7 7 7 7 7 6.5 6.5 6.5 6.5 6 6 6 
6 6 6 6 5.5 5.5 5.5 5.5 5.5 5.5 5 5 5 5 5 5 5 5 5 5 5 5 6 6 6 6 
6 6 6 6 6 6.5 6.33333 6.33333 6.33333 6.33333 6.33333 6.33333 6.33333 6.33333 7 7 7 7 7 7 7 7 7 7 7 7 8 
6 6 6 6 6 6 6 5.5 5.5 5.33333 5.33333 5.33333 6 6 6 6 6 6 6 6 6 6 6 5 5 5 5 5 
6 6 6 6 6 6 6 6.5 6.5 6.5 6.5 6.5 6 6 6 6 6.5 6.5 6.5 7 7 7 7 7 
6.5 6 6 5.5 5.5 5.5 5.5 5.5 5.5 5.5 5.5 6 6 6 6 7 7 7 7 7 7 7 7 
6 6 6 6 6 6 6 6 6 5.33333 5.33333 5.33333 5.33333 5.33333 5.33333 5.33333 5.33333 5.33333 5.33333 5.33333 5.33333 5.33333 5.33333 5.33333 5.33333 5.33333 4.5 5 
6.5 6 6 6 6 6 6 6 6 6 6 6 6 6 5.75 5.75 5 5 5.5 5.5 5.5 5 5 
6.5 6 6 6 6 6 6 6 6 6 6 6 5.75 5.75 5.75 6 7 7 7 7 7 6 
6.5 6 6 5.5 5.5 5.5 5.5 5.5 5.5 5.5 5.5 6 6 6 6 5.5 5.5 5 5 5 5 5 5 5 
