5.5 5.5 5.5 5.5 5.5 6 6 6 6 6 6 6 6 6 6 6 6 6 6 6 6.5 6.5 6.5 6.5 
6.5 6.5 6.5 6.5 6.5 6.5 6.5 6.5 6.5 6.5 6 6 6 6 6 6 5.5 5.5 6 5.5 5.5 
5.5 5.5 5.5 5.5 5.5 5.5 5.5 5.5 6 6 6.5 6.5 6.5 6.5 6.5 6.5 6.5 6.5 6.5 6.5 6.5 6.5 6.5 6.5 6 6 6 6 6.5 6.5 6.5 6.5 
6 6.5 6.5 6.5 6.5 6.5 6 6 6 6 6 6 5.5 6 5.5 5.5 
5.5 5.5 5.5 5.5 5.5 5.5 5.5 5.5 6 6 6 6 5.5 5.5 5.5 5.5 5.5 6 6 5.5 5.5 
5.5 5.5 5.5 5.5 5.5 5.5 5.5 5.5 6 6 6 6 5.5 5.5 5.5 5.5 6 6 6 5.5 5.5 
5.5 5.5 5.5 5.5 5.5 5.5 5.5 5.5 6 6 6 6 6 6 5.5 5.5 5.5 5.5 5.5 5.5 5.5 
5.5 5.5 5.5 5.5 5.5 5.5 5.5 5.5 6 6 6 6 6 6 6 6 6 6 6 6 6 
6 6.5 6.5 6.5 6.5 6.5 6 6 6 6 6 6 6 6 6 6 6 6 6 6 
5.5 5.5 5.5 5.5 5.5 5.5 5.5 6 6 6 6 6 6 6 6.5 6.5 6.5 
6 5.5 5.5 6 6 6 6 6 6 6 6 6 6 6 6 5.5 
5.5 5.5 5.5 5.5 5.5 5.5 5.5 6 6 6 6 5.5 5.5 5.5 5.5 5.5 5.5 5.5 6 6 5.5 
5.5 5.5 5.5 5.5 5.5 5.5 5.5 5.5 6 6 6 6 6 6 6 6 6.5 6.5 6 6.5 6.5 
6.5 6.5 6.5 6.5 6 6 6 6 6 5.5 5.5 5.5 5.5 5.5 5.5 5.5 5.5 5.5 5.5 5.5 6 5.5 
5.5 5.5 5.5 5.5 5.5 5.5 6 6 6 6 6 5.5 5.5 6 6 5.5 
5.5 5.5 5.5 5.5 5.5 5.5 5.5 5.5 5.5 5.5 5.5 5.5 5.5 6 6 6 
6 5.5 5.5 6 6 6 6 6 6 6 6 6 6 6 6 5.5 6 6 6 
6 6.5 6.5 6.5 6.5 6.5 6.5 6.5 6.5 6.5 6.5 6 6.5 6.5 6.5 6.5 7 7 7 
6.5 6.5 6.5 6 6 6 6 6 6 6 6 6 6 6 6 5.5 5.5 5.5 6 6 6 
6 5.5 6 6 6 6 6 6 6 6 6 6 6 6.5 7 
7 7 7 7 6.5 6.5 6.5 6.5 6 6 6 6 6.5 6 5.5 5.5 5.5 5.5 5.5 5.5 5.5 5.5 5.5 5.5 5.5 
6 5.5 5.5 6 6 6 6 6 6 6 6 6 6 6 6 6 6 6 6 6 
6 5.5 5.5 6 6 6 6 6 6 6 6 6 6 6 6 5.5 6 6 6 5.5 6 
5.5 5.5 5.5 5.5 5.5 5.5 5.5 6 6 6 6 6 6.5 6.5 6 6 6 6 6 6 6 
6 5.5 5.5 6 6 6 6 6 6 6 6 6 6 6 6 6 6.5 6.5 6 6.5 6.5 
6.5 6.5 6.5 6.5 6.5 6.5 6.5 6.5 6.5 6.5 6 6 6.5 6.5 6.5 6.5 6 6 6.5 
6 6.5 6.5 6.5 6.5 6.5 6.5 6.5 6 6 6 6 6 6 6.5 6.5 6 6 6 6 5.5 
5.5 5.5 5.5 5.5 5.5 5.5 5.5 5.5 6 6 6 6 6 6 6 6 6 6 6 6 6 
6 5.5 5.5 6 6 6 6 6 6 6 6 6 6 6.5 6.5 6.5 6.5 7 
6.5 6.5 6.5 6.5 6.5 6.5 6.5 6.5 6.5 6.5 6.5 6 6.5 6.5 6.5 6.5 7 7 7 
6.5 6.5 6.5 6.5 6.5 6.5 6.5 6.5 6.5 6.5 6 6 6.5 6.5 6.5 6.5 6 6 6.5 6.5 6.5 
6.5 6.5 6.5 6.5 6.5 6.5 6.5 6.5 6 6 6 6 6 6 6.5 6.5 6 6 6 6 
6 5.5 5.5 6 6 6 6 6 6 6 6 6 6 6 6.5 6.5 6.5 6.5 6.5 
6.5 6.5 6.5 6.5 6.5 6.5 6.5 6.5 6.5 6.5 6 6 6 6 6.5 6.5 6 6 
6 5.5 6 6 6 6 6 6 6 6 6 6 6 6 5.5 5.5 5.5 5.5 5.5 5.5 6 6 5.5 5.5 5.5 5.5 5.5 5.5 
5.5 5.5 5.5 5.5 5.5 5.5 5.5 5.5 6 6 6 6 6 6 5.5 5.5 5.5 6 6 6 
6 6 6 6 6 6 6 6 6 6.5 6.5 7 7 7 7 7.5 7 
6.5 6.5 6.5 6.5 6.5 6.5 6.5 6.5 6.5 6.5 6 6 6 6 6.5 6.5 6 6 6 6 6 
5.5 5.5 5.5 5.5 5.5 5.5 5.5 6 6 6 6 6 6 6 5.5 5.5 5.5 5.5 6 6 5.5 
5.5 5.5 5.5 5.5 5.5 5.5 5.5 5.5 5.5 6 6 6 5.5 5.5 5.5 5.5 5.5 5.5 5.5 5.5 5.5 5.5 5.5 5.5 5.5 5.5 
5.5 5.5 5.5 5.5 5.5 5 5 5.5 5.5 5.5 5.5 5.5 5.5 5.5 5.5 5.5 5.5 5.5 5 5 5.5 5.5 
5.5 5.5 5.5 5.5 5.5 5.5 5.5 5.5 5.5 5.5 5.5 5.5 5.5 5.5 5.5 5 5 5 5 5 5.5 5.5 
5.5 5.5 5.5 5.5 5 5 5 5 5 5 5.5 5.5 5.5 5.5 5.5 5.5 5.5 5 5.5 5.5 5.5 
5.5 5.5 5.5 5.5 5.5 5.5 5.5 5.5 5.5 5.5 6 6 5.5 5.5 5.5 5.5 5.5 5.5 5 5.5 5.5 
5.5 5.5 5.5 5.5 5.5 5.5 5 5.5 5.5 5.5 5.5 5.5 5 5.5 5.5 
5.5 5.5 5.5 5.5 5.5 5 5 5 5 5 5.5 5.5 5.5 5.5 5.5 6 6 5.5 
6 6.5 6.5 6.5 6 6 6 6 6 6 5.5 5.5 5.5 5.5 5.5 6 6 6 
6 5.5 5.5 5.5 6 6 6 6 6 6 6 6 6 6 6 6 5.5 6 6 6 
6.5 6.5 6.5 6.5 6.5 6.5 6.5 6.5 6 6 6 5.5 5.5 6 6 
5.5 5.5 5.5 5.5 5.5 5.5 5.5 5.5 6 6 6 6 6 6 6 6 6 5.5 5.5 5.5 5.5 5.5 5.5 5.5 
5.5 5.5 5.5 5.5 5.5 5.5 5.5 5.5 5 5 5.5 5.5 5.5 5.5 6 5.5 
5.5 5.5 5.5 5.5 5.5 5.5 5.5 5.5 6 6 6 6 5.5 5.5 5.5 6 5.5 
5.5 5.5 5.5 5.5 5.5 5.5 5.5 5.5 5.5 5.5 5.5 5.5 5.5 5.5 5.5 5.5 5.5 5.5 
5.5 5.5 5.5 5.5 5.5 5.5 5.5 5.5 5 5 5 5.5 5.5 5.5 5.5 5.5 5.5 5 5 5.5 5.5 
5.5 5.5 5.5 5.5 5.5 5.5 5.5 5.5 5 5 5 5.5 5.5 5.5 5.5 5.5 5.5 5 5.5 5.5 5.5 
5.5 5.5 5.5 5.5 5.5 5.5 5.5 5.5 5 5 5 5.5 5.5 5.5 5.5 5.5 5.5 5.5 5.5 5.5 5.5 
5.5 5.5 5.5 6 6 6 6 6 6 6 6 6.5 6.5 6.5 6.5 6 6 6 6 
6 5.5 5.5 5.5 6 6 6 6 6 6 6 6 6 6 5.5 5.5 5.5 5.5 5.5 5.5 5.5 
5.5 5.5 5.5 5.5 5.5 5.5 5.5 5.5 5.5 6 6 6 6 6 5.5 5.5 5.5 6 6 6 
6 5.5 5.5 6 6 6 6 6 6 6 6 6 6 6 6 5.5 5.5 5.5 6 6 6 
6 5.5 5.5 6 6 6 6 6 6 6 6 6 6 6 6 6 6 6 6 6.5 6 6 5.5 
5.5 5.5 5.5 5.5 5.5 5.5 5.5 6 6 6 6 6 6 6 6 6 6 6 6 5.5 5.5 5.5 5.5 5.5 
5.5 5.5 5.5 5.5 5.5 5.5 5.5 5.5 5.5 5.5 5.5 5.5 5.5 5.5 5.5 5.5 5.5 5.5 5.5 5.5 5.5 5.5 5.5 
5.5 5.5 5.5 5.5 5.5 5.5 5.5 5.5 5.5 5.5 5.5 5.5 5.5 5.5 5.5 5.5 6 6 
5.5 5.5 5.5 5.5 5.5 5.5 5.5 6 6 6 6 6 6 6 5.5 5.5 5.5 5.5 5.5 5.5 5.5 
5.5 5.5 5.5 5.5 5.5 5.5 6 6 6 6 6 6 6 5.5 5.5 5.5 5.5 5.5 5.5 5.5 5.5 
5.5 5.5 5.5 5.5 5.5 5.5 5 5.5 5.5 5.5 5.5 5.5 5.5 5.5 5.5 5.5 5.5 5.5 5.5 5.5 5.5 5 5 5 5 
5.5 5.5 5.5 5.5 5.5 5.5 5.5 5.5 5 5 5 5.5 5.5 5 5 5 5 5.5 
5.5 5.5 5.5 5.5 5.5 5.5 5.5 5.5 5 5 5 5 5.5 5.5 5.5 5.5 5 5 5 5 5 5.5 
5.5 5.5 5.5 5.5 5 5 5 5 5 5 5 5 5.5 5.5 5.5 5.5 5.5 5.5 5.5 5.5 5.5 
5.5 5.5 5.5 5.5 5.5 6 6 6 6 6 5.5 5.5 6 6 6 6 5.5 
5.5 5.5 5.5 5.5 5.5 5.5 5.5 6 6 6 6 5.5 5.5 5.5 5.5 5.5 5.5 5.5 6 5.5 5.5 
5.5 5.5 5.5 5.5 5.5 5.5 5.5 5.5 5.5 5.5 6 6 5.5 5.5 5.5 5.5 5.5 5.5 5 5.5 
5.5 5.5 5.5 5.5 5.5 5.5 5.5 5.5 5 5 5.5 5.5 5.5 5.5 5.5 5.5 5.5 5.5 5.5 5.5 5 5 5 5 5 5.5 5.5 
5.5 5.5 5.5 5.5 5.5 5 5 5 5 5 5 5.5 5.5 5.5 5.5 5.5 5 5 5.5 
5.5 5.5 5.5 5.5 5.5 5.5 6 6 6 6 6 6 5.5 5.5 5.5 5.5 5.5 5.5 5.5 5.5 5.5 
5.5 5.5 5.5 5.5 5.5 5.5 5.5 5.5 5.5 5.5 5.5 5.5 5.5 5.5 5.5 5.5 5.5 5.5 5.5 5.5 5.5 
5.5 5.5 5.5 5.5 5.5 5.5 5.5 5.5 6 6 6 6 5.5 5.5 5.5 
5.5 5.5 5.5 5.5 5.5 5.5 5.5 5.5 5.5 5.5 6 6 5.5 5.5 5.5 5.5 5.5 5.5 5 5.5 5.5 
5.5 5.5 5.5 5.5 5.5 5.5 5.5 5.5 5 5 5 5 5.5 5.5 5.5 5.5 5.5 5.5 5.5 5.5 6 5.5 
5.5 5.5 5.5 5.5 5.5 5.5 5.5 6 6 6 6 6 6 6 6.5 6.5 6.5 6.5 7 7 
6.5 6.5 6.5 6.5 6.5 6.5 6.5 6.5 6.5 6.5 6.5 6.5 6.5 7 7 7 7 7.5 8 8.5 
7 7 7 7 7 7 6.5 6.5 6 6 6 6 6 6 6 6 6 6 6 6 6 6 6 6.5 6.5 6 
6 5.5 5.5 6 6 6 6 6 6 6 6 6 6 6 6 6 6 6 6.5 
6 5.5 5.5 6 6 6 6 6 6 6 5.5 6 6 6 
5.5 5.5 5.5 5.5 5.5 5.5 5.5 5.5 6 6 6 6 6 6 6 6 6.5 
6.5 6.5 6.5 6.5 6.5 6.5 6.5 6.5 6.5 6.5 6.5 6.5 6 6 6.5 6.5 6.5 6.5 
5.5 5.5 5.5 5.5 5.5 5.5 6 6 6 6 6 6 6 6 5.5 5.5 5.5 5.5 5.5 5.5 5.5 
5.5 5.5 5.5 5.5 5.5 5.5 5.5 6 6 6 6 6 6 6 5.5 5.5 6 6 6 
5.5 5.5 5.5 5.5 5.5 5.5 5.5 5.5 6 6 6 6 5.5 5.5 5.5 5.5 6 6 6 5.5 5.5 
5.5 5.5 5.5 5.5 5.5 5.5 5.5 5.5 5.5 6 6 6 6 6 5.5 5.5 5.5 5.5 6 6 5.5 5.5 5.5 6 6 6 6 
5.5 5.5 5.5 5.5 5.5 5.5 5.5 6 6 6 6 6 6 6 6.5 6.5 6.5 6 6.5 
6 6 6 6 6 6 6 6 6 5.5 5.5 5.5 6 6 6 6 5.5 6 
5.5 5.5 5.5 5.5 5.5 5.5 5.5 6 6 6 5.5 5.5 5.5 5.5 6 6 6 
5.5 5.5 5.5 5.5 5.5 5.5 5.5 6 6 6 6 6 6 6 6 6 6 6 6 
6.5 6.5 6.5 6.5 6.5 6.5 6.5 6.5 6 6 6 6 6 6 6.5 6.5 6 6 6 6.5 6.5 
6.5 6.5 6.5 6.5 6.5 6.5 6.5 6.5 6.5 6.5 6.5 6 5.5 5.5 6 6 5.5 
5.5 5.5 5.5 5.5 5.5 5.5 5.5 6 6 6 6 6 5.5 5.5 5.5 5.5 5.5 6 6 5.5 
6 5.5 5.5 6 6 6 6 6 6 6 6 6 6 6.5 6.5 6.5 6.5 6.5 6 5.5 6 6 6 
6 5.5 5.5 6 6 6 6 6 6 6 6 6 6 6 6 6 6 6 6 6 
5.5 5.5 5.5 5.5 5.5 5.5 6 6 6 6 6 6 6 6 5.5 5.5 6 6 6 5.5 5.5 
5.5 5.5 5.5 5.5 5.5 5.5 5.5 5.5 6 6 6 6 5.5 5.5 5.5 6 
6 5.5 5.5 6 6 6 6 6 6 6 6 6 6 6 5.5 5.5 5.5 6 5.5 5.5 
5.5 5.5 5.5 5.5 5.5 5.5 5.5 5.5 6 6 6 6 5.5 5.5 5.5 5.5 5.5 5.5 5.5 5.5 5.5 
5.5 5.5 5.5 5.5 5.5 5.5 5.5 5.5 5.5 5.5 6 6 6 6 5.5 5.5 5.5 5.5 6 6 6 5.5 5.5 
6 5.5 5.5 6 6 6 6 6 6 6 6 6 6 6 6 5.5 6 6 6 6 6 
6 5.5 5.5 6 6 6 6 6 6 6 6 6 6 6 6 6 6 6 6 
6 5.5 5.5 5.5 6 6 6 6 6 6 6 6 6 6 6 5.5 6 6 6 6.5 6 
6 5.5 5.5 5.5 6 6 6 6 6 6 6 5.5 5.5 5.5 5.5 5.5 5.5 5.5 5.5 5.5 5.5 5.5 5.5 6 6 5.5 5.5 
5.5 5.5 5.5 5.5 5.5 5 5 5 5 5 5.5 5.5 5.5 5.5 5.5 5.5 5.5 
5.5 5.5 5.5 5.5 5.5 5.5 5.5 5.5 5.5 6 6 6 5.5 5.5 5.5 6 
5.5 5.5 5.5 5.5 6 6 6 6 6 6 6 6 6 6 5.5 5.5 5.5 5.5 5.5 5.5 5.5 
5.5 5.5 5.5 5.5 5.5 5.5 5 5 5.5 5.5 5.5 5.5 5.5 5.5 5.5 5.5 5.5 5.5 5.5 5.5 5.5 5 5 5 5 5 5.5 5.5 5.5 
5.5 5.5 5.5 5.5 5.5 5.5 6 6 6 6 6 6 5.5 5.5 5.5 5.5 5.5 5.5 5.5 5.5 5.5 
5.5 5.5 5.5 5.5 5.5 5.5 5.5 5.5 5.5 5.5 5.5 5.5 5.5 5.5 5.5 5.5 5.5 5 5.5 5.5 5.5 
5.5 5.5 5.5 5.5 5.5 5.5 5.5 5.5 5.5 5.5 6 6 5.5 5.5 5.5 5.5 5.5 5.5 6 6 6 
6 5.5 5.5 6 6 6 6 6 6 6 6 6 6 7 7.5 7.5 7.5 8 7.5 
7 7 7 7 7 7 7.5 7.5 7.5 7.5 7.5 7.5 8 8 8 8 8.5 8.5 8.5 
7 7 7 6.5 6.5 6.5 6.5 6.5 6 6 6 6 6 6 6.5 6.5 6.5 6.5 6.5 6.5 6.5 
6.5 6.5 6.5 6.5 6.5 6.5 6 6 6 6 6 5.5 5.5 5.5 6 6 5.5 5.5 5.5 5.5 5.5 5.5 5.5 5.5 5.5 
5.5 5.5 5.5 5.5 5.5 5.5 5.5 5.5 6 5.5 5.5 5.5 5.5 
5.5 5.5 5.5 5.5 5.5 5.5 5.5 6 6 6 6 6 6 6 6 6.5 6.5 6.5 6 
7 7 7 7 7.5 7.5 7.5 7.5 8 8 8.5 8.5 8.5 8.5 
7 7 7 7 7 7 6.5 6.5 6.5 6.5 6.5 6.5 6.5 6.5 6.5 6 6 6 6 7 7 7 7 7 7 7 7 7 
6.5 6.5 6.5 6.5 6.5 6.5 6.5 6.5 6.5 6.5 6 6 6 6 6 6 6 6 
5.5 5.5 5.5 5.5 5.5 6 6 6 6 6 6 5.5 5.5 5.5 5.5 5.5 5.5 5.5 5.5 5.5 5.5 6 6 6 6 6 6 
6 5.5 5.5 5.5 6 6 6 6 6 6 6 6 6 6 5.5 5.5 6 6 6 5.5 5.5 
5.5 5.5 5.5 5.5 5.5 5.5 6 6 5.5 5.5 5.5 5.5 5.5 5.5 5.5 5.5 
5.5 5.5 5.5 5.5 5.5 5.5 5.5 5.5 5 5 5 5 5.5 5.5 5.5 5.5 5.5 5.5 5.5 5 5 5 5 5 5 5 5.5 
5.5 5.5 5.5 5.5 5.5 5.5 5.5 5.5 6 6 5.5 5.5 5.5 5.5 5.5 5.5 5.5 5.5 5.5 5.5 5.5 5.5 5.5 5.5 5.5 5.5 5.5 5.5 5.5 5.5 5.5 5.5 
5.5 5.5 5.5 5.5 5.5 5.5 6 6 6 6 6 6 5.5 5.5 5.5 6 6 
7 7 7 7 7 7 6.5 6.5 6.5 7.5 7.5 7.5 7.5 7.5 7.5 7.5 7.5 7.5 7 7.5 
6.5 6.5 6.5 6.5 6.5 6.5 6.5 6.5 7 7 7 7 7 7 7 7 6.5 6.5 6.5 6.5 
6.5 6.5 6.5 6.5 6.5 6.5 6.5 6.5 6 6 6 6 6 6 6.5 6.5 6 6 6 
6 6.5 6.5 6.5 6.5 6.5 6.5 6.5 6.5 7 7 7 6.5 6.5 6.5 6 
5.5 5.5 5.5 5.5 5.5 5.5 5.5 5.5 6 6 6 6 5.5 5.5 5.5 5.5 5.5 5.5 6 5.5 5.5 
5.5 5.5 5.5 5.5 5.5 5.5 5.5 6 6 6 6 6 6 6 5.5 5.5 5.5 5.5 6 5.5 5.5 
5.5 5.5 5.5 5.5 5.5 5.5 5.5 5.5 5.5 6 6 6 6 6 5.5 5.5 5.5 6 
6 5.5 5.5 6 6 6 6 6 6 6 6 6 6 6 6 6 6.5 6 6 6 6.5 
6 6.5 6.5 6.5 6.5 6.5 6 6 6 6.5 6.5 6.5 6.5 6.5 6.5 6.5 6.5 6.5 6.5 6.5 
5.5 5.5 5.5 5.5 5.5 5.5 5.5 5.5 6 6 6 6 6.5 6.5 6.5 6.5 6.5 6 6 6.5 6.5 6.5 6.5 
6 6.5 6.5 6.5 6.5 6 6 6 6 6 6 6 6 6 6 6 6.5 6 6 6.5 6.5 
6 6.5 6.5 6.5 6.5 6.5 6.5 7 7 7 7 6.5 6.5 6.5 6.5 6.5 6.5 8 8 8 8.5 8.5 8.5 8.5 8.5 8.5 9 9 9 8.5 
7 7 7 7 7 7 6.5 6.5 6.5 7 7 7 7 7 6.5 7 7 7 
6.5 6.5 6.5 6.5 6.5 6.5 6.5 6.5 6.5 6 5.5 5.5 5.5 6 6 6 6 5.5 
5.5 5.5 5.5 5.5 5.5 5.5 5.5 6 6 6 6 6 6 6 6.5 6.5 6.5 6 6.5 
6 6.5 6.5 6.5 6.5 6.5 6.5 6.5 6.5 6.5 6.5 6 6 6 6.5 6.5 6.5 6.5 6 6.5 6.5 
6 6.5 6.5 6.5 6.5 6.5 6 6 6 6.5 8 8.5 8.5 8.5 8.5 8.5 8.5 8.5 8.5 8.5 9 9 9 9 9 9.5 
7 7 7 7 7 7 7.5 7.5 7 7 7 7 7 7 7 7.5 7 7 7 
6.5 6.5 6.5 6.5 6.5 6.5 6.5 6.5 6.5 6.5 7 7 7 7 7.5 7.5 
7 7 7 7 7 7 6.5 6.5 6.5 6.5 7 7 6.5 6.5 6.5 6.5 
6 6.5 6.5 6.5 6.5 6.5 6 6 6 6 6 6 6 6 6 6 5.5 5.5 
5.5 5.5 5.5 5.5 5.5 5.5 5.5 5.5 6 6 6 5.5 6 6 6 6 6 6 6 
5.5 5.5 5.5 5.5 5.5 5.5 5.5 5.5 5.5 5.5 6 6 5.5 5.5 5.5 5.5 5.5 5.5 5 5.5 5.5 
5.5 5.5 5.5 5.5 5.5 5.5 6 6 6 6 5.5 5.5 5.5 5.5 5.5 5.5 5.5 5.5 5.5 5.5 5.5 5.5 5.5 6 5.5 5.5 
5.5 5.5 5.5 5.5 5.5 6 6 6 6 6 6 6 5.5 5.5 5.5 5.5 5.5 5.5 6 5.5 5.5 
5.5 5.5 5.5 5.5 5.5 5.5 5.5 5.5 6 6 6 5.5 5.5 6 6 
6 5.5 5.5 6 6 6 6 6 6 6 6 6 6 6 6 6.5 6 6 6 6 6 6 6 6 6 6 
6 5.5 5.5 5.5 6 6 6 6 6 6 6 6 6 6 6 6 5.5 5.5 6 
5.5 5.5 5.5 5.5 5.5 5.5 5.5 5.5 6 6 6 6 5.5 5.5 5.5 5 5 5 5.5 5.5 5.5 5.5 5.5 
5.5 5.5 5.5 5.5 5.5 6 6 6 6 6 6 6 6 6 6 6 6 6 6.5 7.5 7.5 7.5 7.5 7.5 7.5 
7 7 7 7 7 7 7 7 7 6.5 6.5 6 6 6 6 6 6 6 6 6 5.5 
5.5 5.5 5.5 5.5 5.5 5.5 5.5 6 6 5.5 5.5 5.5 5.5 5.5 5 5.5 5.5 5.5 5.5 5.5 5.5 5.5 5.5 5.5 
5.5 5.5 5.5 5.5 5.5 5.5 6 6.5 6.5 6.5 6.5 6 6 6 6 6 6.5 6.5 6.5 6.5 6.5 
6.5 6.5 6.5 6.5 6.5 6.5 6 6 6 6 6 6 6 6 6 6 6.5 6.5 6 6.5 6.5 
6.5 6.5 6.5 6.5 6.5 6.5 6 6.5 6.5 6.5 6.5 6 6 5.5 
5.5 5.5 5.5 5.5 5.5 5.5 5.5 5.5 5.5 5.5 5 5.5 5.5 5.5 5.5 5.5 5.5 5.5 5.5 5.5 5 5 5 5 5.5 5.5 5.5 5.5 
5.5 5.5 5.5 5.5 5.5 5.5 5.5 5.5 5.5 6 6 6 6 6 5.5 5.5 5.5 6 6 6 
5.5 5.5 5.5 6 6 6 6 6 6 6 6 6 6 6 6.5 
6.5 6.5 6.5 6.5 6.5 6.5 6.5 7 7 7 7 7 7 7 6.5 6.5 6.5 6.5 6 6 6.5 
6 6.5 6.5 6.5 6.5 6.5 6 6 6 6 6 6 6 6 5.5 5.5 5.5 5.5 5.5 5.5 5.5 5.5 5.5 5.5 5.5 6 6 5.5 
5.5 5.5 5.5 5.5 5.5 5.5 5.5 5.5 5.5 5.5 6 6 5.5 5.5 5.5 5.5 5.5 5.5 5 5.5 5.5 
5.5 5.5 5.5 5.5 5.5 5.5 5.5 5.5 5 5 5.5 5.5 5.5 6 5.5 5.5 5.5 5.5 5.5 
5.5 5.5 5.5 5.5 5.5 5.5 5.5 6 6 6 6 6 5.5 5.5 5.5 5.5 5.5 6 6 5.5 5.5 
5.5 5.5 5.5 5.5 5.5 5.5 5.5 5.5 5.5 5.5 6 6 6 6 5.5 5.5 5.5 5.5 6 6.5 6 
6 5.5 5.5 5.5 6 6 6 6 6 6 6 6 6 6 5.5 5.5 5.5 5.5 6 5.5 
5.5 5.5 5.5 5.5 5.5 5.5 5.5 5.5 5 5.5 5.5 5.5 5.5 5.5 5.5 5.5 5.5 5.5 5.5 5.5 5.5 5.5 5.5 
5.5 5.5 5.5 5.5 5.5 5.5 5.5 5.5 6 6 6 6 5.5 5.5 5.5 5.5 5.5 5.5 6 5.5 6 6 
5.5 5.5 5.5 5.5 5.5 5.5 5.5 6 6 6 6 6 6 6.5 6.5 6.5 6 6 6 6 6 
6 6.5 6.5 6.5 6.5 6.5 6 6 6 6 6 6 6 6 6.5 6.5 6.5 6.5 6 6.5 
6.5 6.5 6.5 6.5 6.5 6.5 6.5 6.5 6.5 6.5 6.5 7 7.5 7.5 7.5 7.5 7.5 7 7 7 7.5 
7 7.5 7.5 7.5 7 7 7 7 6.5 6.5 6.5 6.5 6.5 6 6 6 6 6 6 
6.5 6.5 6.5 6.5 6.5 6.5 6.5 6.5 6 6 6 6 6 6 6 6.5 6.5 
6 6.5 6.5 6.5 6.5 6.5 6 6 6 6 6 6 6 6 5.5 5.5 5.5 5.5 6 
5.5 5.5 6 6 6 6 6 6 6 6 6 5.5 6 6 6.5 
6 5.5 5.5 6 6 6 6 6 6 6 6 6 6 6 6 6 
6 6 6 6 6 6 6 5.5 5.5 5.5 5.5 5.5 5.5 5.5 5.5 5.5 5.5 5.5 5 5.5 5.5 5.5 
5.5 5.5 5.5 5.5 5.5 5.5 5.5 5.5 5.5 5.5 6 6 6 6 6 5.5 5.5 5.5 6 6 6 6 6 
6 5.5 5.5 6 6 6 6 6 6 6 6 6 6 6 6 5.5 6 6 6 
6 5.5 5.5 6 6 6 6 6 6 6 6 6 6 6 6.5 
6 6.5 6.5 6.5 6.5 6.5 6 6 6 6 6 6 6 6 6 6.5 6 6 6 5.5 6 
5.5 5.5 5.5 5.5 5.5 5 5 5 5 5 5 5 5 5 5.5 5.5 5.5 5.5 5.5 5.5 5.5 5.5 5.5 5.5 5 5 5.5 
5.5 5.5 5.5 5.5 5.5 5.5 5.5 5.5 5.5 6 6 6 6 6 5.5 5.5 5.5 6 6.5 6 6 
6 5.5 5.5 6 6 6 6 6 6 6 6 6 6 6 6 6 5.5 6 6 6 6 6 6 6 6 6 
5.5 5.5 5.5 5.5 5.5 5.5 5.5 6 6 6 6 6 6 6 6 6 6 6.5 6.5 6 
6.5 6.5 6.5 6.5 6.5 6.5 6.5 6.5 6 6 6 6 6 6 5.5 5 5.5 5.5 5.5 5.5 5.5 5.5 5.5 5 5.5 
5.5 5.5 5.5 5.5 5.5 5.5 5.5 5.5 5.5 5.5 5.5 5.5 5.5 5.5 5.5 5.5 5.5 5.5 5.5 6 5.5 
5.5 5.5 5.5 5.5 5.5 6 6 6 6 6 6 6 6 6 6 6 6 6 6 6 6 6 6.5 6.5 6 6 
5.5 5.5 5.5 5.5 5.5 5.5 5.5 6 6 6 6 6 6 6 5.5 5.5 5.5 5.5 5.5 5.5 5.5 
5.5 5.5 5.5 5.5 5.5 5.5 5.5 6 6 6 6 6 6 6 5.5 5.5 5.5 5.5 5.5 5.5 5.5 
5.5 5.5 5.5 5.5 5.5 6 6 5.5 5.5 5.5 5.5 5.5 5.5 5.5 5.5 5.5 5.5 5.5 5 5.5 5.5 5.5 5.5 
5.5 5.5 5.5 5.5 5.5 5.5 5.5 5.5 6 6 6 6 6 6 6 6 6 6 6 
6.5 6.5 6.5 6.5 6.5 6.5 6.5 6.5 6.5 6.5 6 6 6.5 6.5 6.5 6.5 7 7 7 7 
6.5 6.5 6.5 6.5 6.5 6.5 7 7 7 7 7 7 7 6.5 7 7 7 7 7 
6.5 6.5 6.5 6.5 6.5 6.5 6.5 6.5 6.5 6.5 6.5 6.5 6.5 6.5 6.5 6 6 6 6 
5.5 5.5 5.5 5.5 6 6 6 6 6 6 6.5 6.5 6.5 6 6 6 6.5 6.5 6.5 6.5 6.5 
6 6.5 6.5 6.5 6.5 6.5 6 6 6 6 6 6 6 6 6 6 5.5 5.5 6 5.5 5.5 
5.5 5.5 5.5 5.5 5.5 5.5 5.5 6 6 6 6 6.5 6.5 6.5 6.5 6.5 6.5 6.5 6.5 6.5 6.5 6.5 6.5 6.5 6.5 
6.5 6.5 6.5 6.5 6.5 6.5 6.5 6.5 6.5 6 6 6 6 5.5 5.5 5.5 5.5 6 6 6 
5.5 5.5 5.5 5.5 5.5 5.5 5.5 6 6 6 6.5 6.5 6.5 6 6 6.5 6.5 6.5 6.5 6.5 6.5 
6 5.5 5.5 6 6 6 6 6 6 6 6 6 6 6 6.5 6.5 6.5 6.5 
6.5 6.5 6.5 6.5 6.5 6.5 6.5 6.5 6.5 6.5 6 6 6 6 6.5 6.5 6.5 6.5 6.5 
6.5 6.5 6.5 6.5 6.5 6.5 6 6 6 6 5.5 5.5 5.5 5.5 5.5 5.5 5.5 5.5 5.5 5.5 5.5 5.5 5.5 5.5 5.5 5.5 5.5 5 5.5 
5.5 5.5 5.5 5.5 5.5 5.5 6 6 6 6 6 6 6 6 6 6 
6 5.5 5.5 5.5 6 6 6 6 6 6 6 6 6 6 6 6 5.5 6 5.5 
5.5 5.5 5.5 5.5 5.5 5.5 6 6 6 6 6 6 6 6 5.5 5.5 6 6 6 5.5 5.5 
5.5 5.5 5.5 5.5 5.5 5.5 5.5 5.5 5.5 5.5 6 6 6 5.5 5.5 5.5 5.5 5 5.5 5.5 5.5 5.5 5.5 5.5 
5.5 5.5 5.5 5.5 5.5 5.5 5.5 5.5 5.5 6 6 6 6 6 5.5 5.5 5.5 5.5 5.5 5.5 5.5 5.5 5.5 5.5 5.5 5.5 5.5 5.5 
5.5 5.5 5.5 5.5 5.5 5.5 5.5 5.5 6 6 6 6 6 6 6 6 6 6.5 6.5 6.5 7 
6.5 6.5 6.5 6.5 6.5 6.5 6.5 6.5 6.5 6.5 7 7 7 7 7.5 7.5 7.5 8 8 8.5 
7 7 7 7 7.5 8 8 8 8 8.5 8.5 8.5 8.5 8.5 8.5 8.5 8.5 8.5 8 8 
7 7 7 7 7 7 7.5 7.5 7.5 7.5 7.5 7.5 8 8 8 8.5 8.5 8 8.5 
7 7 7 7 7.5 7.5 7.5 7.5 7.5 7.5 7.5 7.5 7 7 7 7 7 6.5 6.5 6.5 6.5 6.5 
6 5.5 5.5 5.5 6 6 6 6 6 6 6 6 6.5 6.5 6.5 6.5 6.5 7 7 7.5 
6.5 6.5 6.5 6.5 6.5 6.5 6.5 6.5 6.5 6.5 6.5 6.5 7 7 7 6.5 6.5 6.5 7 7.5 7.5 
7 7 7 7 7 7 7.5 7.5 7.5 7.5 7.5 7.5 8 8 8 8.5 8.5 9 9 9 9 9 9 9 9 9.5 9.5 9.5 9.5 9.5 9.5 
5.5 5.5 5.5 5.5 5.5 5.5 5.5 5.5 6 6 6 6 6 6 6 6.5 6.5 6 
6.5 6.5 6.5 6.5 6.5 6.5 6.5 6.5 6.5 6.5 7 7 7 8 8.5 
7 7 7 7 7 7 6.5 6.5 6.5 6.5 6.5 7 6.5 6.5 6.5 6.5 6.5 6 6 6 6 
5.5 5.5 5.5 5.5 5.5 5.5 5.5 6 6 6 6 6 5.5 5.5 5.5 5.5 5.5 5.5 5.5 5.5 5.5 5.5 
5.5 5.5 5.5 5.5 5.5 5.5 5.5 5.5 5 5 5.5 5.5 5.5 5.5 5.5 5.5 5.5 5.5 5.5 5.5 5.5 5.5 5.5 5.5 
5.5 5.5 5.5 5.5 5.5 6 6 6 6 6 5.5 5.5 5.5 5.5 6 6 6 6 6 6 6 6 6 6 5.5 
6.5 6.5 6.5 6.5 6.5 6 6 6 6 6 6 6 5.5 5.5 5.5 5.5 5.5 6 6 5.5 
6 5.5 5.5 5.5 6 6 6 6 6 6 6 6 6 6 6 6 6 6.5 6.5 6 
6.5 6.5 6.5 6.5 6.5 6.5 6.5 6.5 6.5 6.5 6.5 6 6 6 6 6 5.5 6 6 6 5.5 
5.5 5.5 5.5 6 6 6 6 6 6 6 5.5 5.5 5.5 5.5 
5.5 5.5 5.5 5.5 5.5 5.5 5.5 5.5 5.5 5.5 5.5 5.5 5.5 
5.5 5.5 5.5 5.5 5 5 5 5 5 5.5 5.5 5.5 5.5 5.5 6 5.5 5.5 
5.5 5.5 5.5 5.5 5.5 5.5 6 6 6 6 6 6 6 6 6 6 6 6 6 6.5 
6 5.5 5.5 6 6 6 6 6 6 6 6 5.5 5.5 5.5 5.5 5.5 5.5 5.5 5.5 5.5 5.5 5.5 5.5 5.5 6 
5.5 5.5 5.5 5.5 5.5 5.5 5.5 6 6 6 6 6 6 5.5 5.5 6 6 6.5 
6 6.5 6.5 6.5 6.5 6.5 6 6 6 6 6 6 6 6 6 6 6 6 6 6 
6 6.5 6.5 6 6 6.5 6.5 7 7 7 7 7 7 7 7 7 7 6.5 6.5 6.5 6.5 6.5 6 6 6 6 6.5 6.5 6.5 6.5 
6 6.5 6.5 6.5 6.5 6.5 6 6 6 6 6 6 6 6 6 6 6.5 6.5 6 6.5 6.5 6.5 6.5 6.5 
6.5 6.5 6.5 6.5 6.5 6.5 6.5 6.5 6.5 6.5 6 6 6 6 6 6.5 6.5 6.5 6.5 6.5 6 6 6 
6.5 6.5 6.5 6.5 6.5 6.5 6.5 6 6 6 6 6 6 6 6 6 6 6 6 6.5 6.5 
6.5 6.5 6.5 6.5 6.5 6.5 6.5 6.5 6 6 6 6.5 6.5 6.5 6 6.5 
6 6.5 6.5 6.5 6.5 6.5 6 6 6.5 6.5 6.5 6.5 6.5 6 6 6 6 6 6.5 6.5 6 6 6 6 6 
6 6.5 6.5 6 6 7 7 7 7 7 7 7 7 7 6.5 6.5 6.5 6 6 6 
6 5.5 5.5 6 6 6 6 6 6 6 6 6 5.5 5.5 5.5 5.5 5.5 5.5 6 6 
5.5 5.5 5.5 5.5 5.5 5.5 5.5 6 6 6 5.5 5.5 5.5 6 5.5 
5.5 5.5 5.5 5.5 5.5 5.5 5.5 5.5 5.5 5.5 5.5 5.5 5.5 5.5 5.5 5.5 5.5 5.5 5.5 5.5 5.5 5.5 5 5.5 
5.5 5.5 5.5 5 5 5 5 5 5.5 5.5 5.5 5.5 5.5 5.5 5.5 5.5 5.5 5.5 5 5.5 5.5 
5.5 5.5 5.5 5.5 5.5 5.5 5.5 5.5 5.5 5.5 5 5 5.5 5.5 5.5 5.5 5.5 5.5 5.5 5.5 
5.5 5.5 5.5 5.5 5.5 5.5 5 5 5 5 5.5 5 5 5 5 5 5 5.5 5.5 5.5 5.5 5.5 5.5 5.5 
5.5 5.5 5.5 5.5 5.5 5.5 5 5 5 5 5.5 5.5 5.5 5.5 5 5.5 
5.5 5.5 5.5 5.5 5.5 5.5 5.5 5.5 5 5 5.5 5.5 5.5 6 6 
5.5 5.5 5.5 5.5 5.5 5.5 5.5 5.5 6 6 6 6 6 6 6 6 5.5 6 6 6 6 6 
6 5.5 5.5 6 6 6 6 6 6 5.5 5.5 5.5 5.5 5.5 6 6 5.5 5.5 5.5 5.5 5.5 
5.5 5.5 5.5 5.5 5.5 5.5 5.5 5.5 6 6 6 6 6 5.5 5.5 6 6 6 6 
6 5.5 5.5 6 6 6 6 6 6 6.5 7 7 7 7 7 7 7 7 6.5 6.5 7 7 7 7 7 
6 5.5 5.5 6 6 6 6 6 6 6 6 6 6 6 6.5 6.5 6.5 6.5 6 6 5.5 
6 5.5 5.5 5.5 6 6 6 6 6 6 6 6 6.5 6.5 6.5 6.5 6.5 7 7 
6.5 6.5 6.5 6.5 6.5 6.5 6.5 6.5 6.5 6.5 6.5 6 6.5 6.5 6.5 6.5 6 6 6 6 6.5 6 
6 6.5 6.5 6.5 6.5 6.5 6 6 6 6 6 6 6 5.5 5.5 5.5 5.5 5.5 6 6 6 
5.5 5.5 5.5 5.5 5.5 5.5 6 6 6 6 6 6 6 6 5.5 5.5 5.5 5.5 5.5 5.5 5.5 
5.5 5.5 5.5 5.5 5.5 5.5 6 6 6 6 6 6 6 6 5.5 5.5 
5.5 5.5 5.5 5.5 5.5 5.5 5.5 6 6 6 6 6 6 6 5.5 5.5 5.5 6 6 5.5 5.5 
5.5 5.5 6 6 6 6 6 6 6 6 5.5 5.5 5.5 6.5 6.5 6.5 6.5 6.5 7 7 6.5 6.5 6.5 
6.5 6.5 6.5 6.5 6.5 6.5 6.5 6.5 6.5 6.5 7 7 7 6.5 6.5 6.5 6.5 6.5 7 
6.5 6.5 6.5 6.5 6.5 6.5 6.5 6.5 6.5 6.5 6 6 6 6 6 6 5.5 5.5 6 5.5 5.5 
5.5 5.5 5.5 5.5 5.5 5.5 5.5 5.5 6 6 6 6 6 6 5.5 5.5 5.5 6 6 6 6 
6 5.5 5.5 6 6 6 6 6 6 6 6 6 6 6 6 5.5 6 6 6 6 6.5 
6 5.5 5.5 5.5 6 6 6 6 6 6 6 6 6 5.5 5.5 6 
6 5.5 5.5 6 6 6 6 6 6 6 6 6 6 6 6 6 5.5 
5.5 5.5 5.5 5.5 6 6 6 6 6 6 6 5.5 5.5 5.5 5.5 5.5 5.5 5.5 5.5 5.5 5.5 
5.5 5.5 5.5 5.5 5.5 5.5 5.5 5.5 5.5 5 5 5 5.5 5.5 5.5 5.5 5.5 5.5 5 5.5 5.5 
5.5 5.5 5.5 5.5 5.5 5.5 5 5 5.5 5.5 5.5 5.5 6 6 
5.5 5.5 5.5 5.5 5.5 5.5 5.5 5.5 5.5 6 6 6 5.5 5.5 5.5 5.5 5.5 5.5 5.5 5.5 5.5 5.5 5.5 
5.5 5.5 5.5 5.5 5.5 5 5 5 5.5 5.5 5.5 5.5 5.5 5.5 5.5 5.5 5 5 5 5.5 5.5 
5.5 5.5 5.5 5.5 5.5 5.5 5.5 5.5 5.5 5.5 5.5 6 5.5 5.5 5.5 5.5 5.5 5.5 5.5 6 6 
5.5 5.5 5.5 5.5 5.5 5.5 5.5 6 6 6 6 6 6 6 6 6.5 6.5 6 6.5 
6 6.5 6.5 6.5 6.5 6.5 6 6 6 6 6 6 6 6 6.5 6.5 6.5 6.5 6.5 
6 5.5 5.5 5.5 6 6 6 6 6 6 6 6 6 6 5.5 5.5 5.5 5.5 5.5 6 5.5 5.5 
5.5 5.5 5.5 5.5 5.5 5.5 5.5 5.5 6 6 5.5 5.5 5.5 5.5 6 6 6 6 5.5 5.5 
5.5 5.5 5.5 5.5 5.5 5.5 5.5 5.5 6 6 6 6 6 6 5.5 5.5 5.5 6 5.5 6 6 
5.5 5.5 5.5 5.5 5.5 5.5 5.5 6 6 6 6 6.5 6.5 6 6.5 6.5 
6.5 6.5 6.5 6.5 6.5 6.5 6.5 6.5 7 7 7 7.5 7.5 8.5 9.5 9.5 9.5 9.5 9.5 9.5 9.5 9.5 9.5 9.5 9.5 
7 7 7 7 7 7 6.5 6.5 6.5 6.5 7 7 7 7 7 7.5 7.5 7 7 7.5 7.5 7.5 
6.5 6.5 6.5 6.5 6.5 6.5 7 7 7 7 7.5 7.5 7.5 7.5 7.5 7.5 7 7 7 
6.5 6.5 6.5 6.5 6.5 6.5 6.5 6.5 7 7 7 7 8.5 8.5 9 9 9 9 9 9 9 9 9 9 9 9 9.5 
7 7 7 7 7 7 6.5 6.5 6.5 7 7 7 7 7 6.5 7 7 7 7 
6.5 6.5 6.5 6 6 6 6 6 5.5 5.5 5.5 5.5 5.5 5.5 5.5 5.5 5.5 5.5 5.5 5.5 5.5 5.5 6 
5.5 5.5 5.5 5.5 5.5 5.5 5.5 5.5 6 6 6 6 5.5 5.5 5.5 5.5 6 6 6 5.5 5.5 
5.5 5.5 5.5 5.5 5.5 6 6 6 6 6 5.5 5.5 6.5 6.5 7 7 7 7 6.5 
6.5 6.5 6.5 6.5 6.5 6.5 6.5 6.5 6.5 6.5 6 6 6 6 6 6 6 6 6 6 5.5 5.5 5.5 
5.5 5.5 5.5 5.5 5.5 5.5 5.5 5.5 6 6 6 6.5 6.5 6.5 6 6 6 6 6 6 5.5 
6 5.5 5.5 6 6 6 6 6 6 6 6 6 6 6 6 5.5 6 6 6 6 
6 5.5 5.5 6 6 6 6 6 6 6 6 6 6 6 5.5 5.5 5.5 5.5 6 5.5 5.5 
5.5 5.5 5.5 5.5 5.5 5.5 5.5 5.5 5.5 6 5.5 5.5 5.5 6 6 
6 5.5 5.5 6 6 6 6 6 6 6 6 6 6 6 5.5 5.5 5.5 5.5 6 5.5 5.5 
5.5 5.5 5.5 5.5 5.5 5.5 5.5 5.5 6 6 6 6 6 6 5.5 5.5 5.5 5.5 6 6 5.5 
6 5.5 5.5 6 6 6 6 6 6 6 6 6 6 6 6 5.5 6 6 6 6 
6 5.5 5.5 6 6 6 6 6 6 6 6 6 6 6 6 6 6 6 6 6 
6 5.5 5.5 6 6 6 6 6 6 6 6 6 6 6 6 5.5 5.5 5.5 5.5 6 5.5 5.5 
5.5 5.5 5.5 5.5 5.5 5.5 5.5 5.5 6 6 6 6 5.5 5.5 5.5 5.5 5.5 5.5 5.5 5.5 5.5 
5.5 5.5 5.5 5.5 5.5 5.5 5.5 6 6 6 6 6 5.5 5.5 5.5 5.5 5.5 5.5 5 5.5 5.5 5.5 5.5 5.5 5.5 5.5 
5.5 5.5 5.5 5.5 5.5 5.5 6 6 6 6 6 6 6 6 5.5 5.5 5.5 5.5 6 5.5 5.5 
5.5 5.5 5.5 5.5 5.5 5.5 5.5 5.5 5.5 6 6 6 5.5 5.5 5.5 5.5 5.5 5.5 5.5 5.5 5.5 
5.5 5.5 5.5 5.5 5.5 5.5 5.5 5.5 5 5 5 5.5 5.5 5.5 5.5 5.5 5.5 
6 5.5 5.5 5.5 6 6 6 6 6 6 6 6 6 6 5.5 5.5 6 6 5.5 6 6 
5.5 5.5 5.5 5.5 5.5 5.5 5.5 6 5.5 5.5 5.5 5.5 5.5 5.5 5.5 5.5 5.5 5.5 6 6 6 
5.5 5.5 5.5 5.5 5.5 5.5 5.5 5.5 5.5 5.5 6 6 5.5 5.5 5.5 5.5 5.5 5.5 5 5.5 5.5 
5.5 5.5 5.5 5.5 5.5 5 5 5.5 5.5 5.5 5.5 5 5 5 5.5 5.5 5.5 5.5 5.5 5.5 
5.5 5.5 5.5 5.5 5.5 5.5 5.5 5.5 5.5 5.5 5.5 5.5 5.5 5.5 5.5 5.5 5.5 5.5 5 5.5 5.5 5.5 
5.5 5.5 5.5 5.5 5.5 5.5 5.5 5.5 5.5 5.5 5.5 6 6 6 6 6 6 6 6.5 6 6.5 
6.5 6.5 6.5 6.5 6.5 6.5 6.5 6.5 6.5 6.5 7 7 7 7 7 7.5 7.5 7 7.5 
6.5 6.5 6.5 6.5 6.5 6.5 6.5 6.5 6.5 6.5 6.5 6 6 6 6 6 6 6 6 5.5 5.5 
5.5 5.5 5.5 6 6 6 6 6 6 6 6 6 6 6 6 6 6 6 6 6 5.5 5.5 5.5 6 
5.5 5.5 5.5 5.5 5.5 5.5 5.5 5.5 6 6 6 5.5 5.5 5.5 5.5 5.5 5.5 5.5 5.5 5.5 5 5.5 5.5 
5.5 5.5 5.5 5.5 5.5 5.5 5.5 5.5 5 5 5.5 5.5 5.5 5.5 5.5 5.5 5.5 5.5 5.5 5.5 5.5 
5.5 5.5 5.5 5.5 5.5 5.5 5.5 5.5 6 6 6 6 6 6 6 6 6.5 6 6 6.5 6.5 
6.5 6.5 6.5 6.5 6.5 6.5 6.5 6.5 6 6 6 6 6 6 6.5 6.5 6 6 6 
6.5 6.5 6.5 6.5 6.5 6.5 6.5 6.5 6.5 6.5 6 6 6 6 6.5 6.5 6.5 6 6 6 
5.5 5.5 5.5 5.5 5.5 5.5 5.5 6 6 6 6 6 6 6 5.5 5.5 5.5 5.5 6 5.5 5.5 
5.5 5.5 5.5 5.5 5.5 5.5 5.5 5.5 5.5 5.5 5.5 5.5 5.5 5.5 5.5 5.5 5.5 5.5 5 5.5 5.5 5.5 
5.5 5.5 5.5 5.5 5.5 5.5 5.5 5.5 6 6 6 6 5.5 5.5 5.5 5.5 5.5 5.5 5 5.5 5.5 
5.5 5.5 5.5 5.5 5.5 6 6 6 6 6 6 5.5 5.5 5.5 5.5 5.5 5.5 5.5 
5.5 5.5 5.5 5.5 5.5 5.5 5.5 5.5 5 5 5.5 5.5 5.5 5.5 5.5 5.5 5.5 5.5 5.5 5.5 5.5 
5.5 5.5 5.5 5.5 5.5 5.5 5.5 5.5 6 6 6 6 5.5 5.5 5.5 5.5 5.5 6 6 5.5 5.5 
5.5 5.5 5.5 5.5 6 6 6 6 6 5.5 5.5 5.5 5.5 5 5.5 5 
5.5 5.5 5.5 5.5 5.5 5.5 5.5 5.5 5 5 5 5.5 5.5 5.5 5.5 5.5 5.5 5.5 
5.5 5.5 6 6 6 6 6 6 5.5 5.5 5.5 5.5 5.5 5.5 5.5 5.5 6 6 6 
6 6.5 6.5 6.5 6.5 6.5 6.5 6.5 6.5 6.5 7 7 7 7 7 7 7.5 7.5 7.5 
6.5 6.5 6.5 6.5 6.5 6.5 6.5 6.5 6.5 6.5 7 7 6.5 6.5 6.5 6.5 7 7 7 
6.5 6.5 6.5 6 6 6 6 6 6 6 6 6 6 6 6 5.5 5.5 5.5 6 6 6 
6 5.5 5.5 5.5 5.5 5.5 5.5 6 6 6 5.5 5.5 5.5 5.5 5.5 5.5 5.5 5.5 5.5 5 5 5 5 5.5 5.5 5.5 5.5 5.5 5.5 5.5 5.5 
5.5 5.5 5.5 5.5 5.5 5.5 5.5 5.5 5 5 5.5 5.5 5.5 5.5 5.5 5.5 5.5 5 5 5.5 5.5 
5.5 5.5 5.5 5.5 5.5 5.5 5.5 5 5.5 5.5 5.5 5.5 5.5 5 5.5 5.5 5.5 
5.5 5.5 5.5 5.5 5.5 5.5 5.5 5.5 5 5 5 5.5 5.5 5.5 5.5 5.5 5 5 5.5 5.5 5.5 
5.5 5.5 5.5 5.5 5.5 5.5 5.5 5.5 5.5 5.5 5 5.5 5.5 5.5 5.5 5.5 5.5 5.5 5.5 5.5 6 
6.5 6.5 6.5 6.5 6.5 6.5 6 6 6 6 6 6 6 6 6 6 6 5.5 5.5 5.5 5.5 5.5 5.5 
5.5 5.5 5.5 5.5 5.5 5.5 5.5 5.5 5.5 5.5 5.5 5.5 5.5 5.5 5.5 5.5 5.5 5.5 
5.5 5.5 6 6 6 6 6 6 6 6 6 6 5.5 5.5 6 6 6 6 5.5 
5.5 5.5 5.5 5.5 5.5 5.5 5.5 6 6 6 6 6 5.5 5.5 5.5 5.5 5.5 5.5 5 5.5 5.5 
5.5 5.5 5.5 5.5 5.5 5.5 5.5 5.5 5.5 5.5 5.5 5.5 5.5 5 5 5 5.5 5.5 5.5 5.5 5.5 
5.5 5.5 5.5 5.5 5.5 5.5 5.5 5.5 5 5 5.5 5.5 5.5 5.5 5.5 5.5 5.5 5.5 5 5.5 5.5 5.5 
5.5 5.5 5.5 5.5 5.5 5.5 5.5 5.5 5.5 5.5 5.5 5.5 5.5 5.5 5.5 5.5 5.5 5.5 5 5 5.5 
5.5 5.5 5.5 5.5 5 5 5 5 5 5 5.5 5.5 5.5 5.5 5.5 5.5 5 5 5.5 
5.5 5.5 5.5 5.5 5.5 5 5 5 5 5 5.5 5.5 5 5 5 5.5 5.5 5.5 5.5 5.5 5.5 
5.5 5.5 5.5 5.5 5.5 5.5 5.5 5.5 5.5 5.5 5.5 5.5 5.5 6 6 6 6 6 5.5 5.5 
5.5 5.5 5.5 5.5 5.5 5.5 6 6 6 6 6 6 6 6 6 5.5 5.5 5.5 6 6 6 6 5.5 
5.5 5.5 5.5 5.5 5.5 5.5 5.5 6 6 6 6 6 5.5 5.5 5 5.5 
5.5 5.5 5.5 5.5 5.5 5.5 5.5 5.5 5.5 5.5 5.5 5.5 5.5 5.5 5.5 5.5 5.5 5.5 5.5 5.5 5.5 5.5 5.5 5.5 6 5.5 
6 5.5 5.5 6 6 6 6 6 6 6 6 6 6 6 6.5 6.5 6.5 6.5 6.5 
6.5 6.5 6.5 6.5 6.5 6.5 6.5 6.5 6.5 6.5 6 6 6 6 6 6 5.5 5.5 5.5 5.5 5.5 6 6 
5.5 5.5 5.5 5.5 5.5 5.5 6 6 5.5 5.5 5.5 5.5 5.5 6 6 6 6 6 6 6 5.5 
5.5 5.5 5.5 5.5 5.5 5.5 5.5 6 6 6 6 6 6 6 5.5 5.5 6 6 6 6 6 
5.5 5.5 5.5 6 6 6 6 6 6 6 6 6 6 6 6 7 7 7 7 7 
7 7 7 7.5 7.5 7.5 7.5 7.5 7.5 7.5 7 7 7 7 6.5 6.5 6.5 6.5 6 6 6 6 
6 5.5 5.5 6 6 6 6 6 6 6 6 6 6 6 6 5.5 6 6 6 
6.5 6.5 6.5 6.5 6.5 6.5 6.5 6.5 6.5 6.5 6.5 6.5 6 6 6 6 6 6 6 6 6.5 
6 5.5 5.5 6 6 6 6 6 6 6.5 6.5 6.5 6.5 7 6.5 6.5 6.5 
6.5 6.5 6.5 6.5 6.5 6.5 6.5 6.5 6.5 6.5 6 6 6 6 6.5 6.5 6.5 6 
6.5 6.5 6.5 6.5 6.5 6.5 6.5 6.5 6 6 6 6 6 6 6.5 6.5 6 6 6 6 
5.5 5.5 5.5 5.5 5.5 5.5 5.5 6 6 6 6 6 6 6 6 6.5 
6 6.5 6.5 6.5 6.5 6.5 6.5 6.5 6.5 6.5 6 6 6.5 6.5 6.5 6.5 6.5 6.5 
6 6.5 6.5 6.5 6 6 6 6 6 6 5.5 5.5 5.5 5.5 5.5 5.5 5 5 5 5 5 5 5.5 5.5 5.5 5.5 5.5 5.5 5.5 
5.5 5.5 5.5 5.5 5.5 5.5 5.5 5.5 5.5 6 6 6 6 6 6 6 5.5 5.5 6 6 6.5 
6 5.5 5.5 6 6 6 6 6 6 6 6 6 6 6 5.5 5.5 5.5 5.5 6 5.5 5.5 
5.5 5.5 5.5 5.5 5.5 5.5 5.5 5.5 6 6 6 6 6 6 6 6 6 6 6 6.5 
6 5.5 5.5 5.5 6 6 6 6 6 6 6 6 6.5 6.5 6.5 
6.5 6.5 6.5 6.5 6 6 6 6 5.5 5.5 5.5 5.5 5.5 5.5 5.5 5.5 5.5 5.5 5.5 5.5 5 
5.5 5.5 5.5 5.5 5.5 5.5 5.5 5.5 6 6 6 6 5.5 5.5 5.5 5.5 6 6 6 5.5 5.5 
5.5 5.5 5.5 5.5 5.5 5.5 5.5 5.5 6 6 6 6 6 6 6 6 6.5 6.5 6 6.5 6.5 
6 6.5 6.5 6.5 6.5 6.5 6 6 6 6 6 6 6 6 6.5 6.5 6.5 6 6.5 
6 6.5 6.5 6.5 6.5 6.5 6 6 6 5.5 5.5 5.5 5.5 5.5 5.5 5.5 5.5 5.5 5.5 5.5 5.5 5.5 5.5 5.5 5.5 5.5 
5.5 5.5 5.5 5.5 5.5 5.5 5 5.5 5.5 5.5 5.5 5.5 5.5 5.5 5.5 5.5 5.5 5.5 5 5 5 5 
5.5 5.5 5.5 5.5 5 5 5 5.5 5.5 5.5 5.5 5.5 5.5 5.5 5.5 5.5 5.5 5.5 5.5 5.5 5.5 5 
5.5 5.5 5.5 5.5 5.5 5.5 5.5 5.5 6 6 6 6 5.5 5.5 5.5 5.5 5.5 5.5 5.5 5.5 5.5 
5.5 5.5 5.5 5.5 5.5 5.5 5.5 5.5 5 5 5 5 5.5 5.5 5.5 5.5 
5.5 5.5 5.5 5.5 5 5 5 5 5 5 5.5 5.5 5.5 5.5 5.5 5.5 5 5.5 5.5 5.5 
5.5 5.5 5.5 5.5 5.5 5.5 5.5 5.5 5.5 5.5 5 5 5.5 5.5 5.5 5.5 5.5 5.5 5 5.5 5.5 
5.5 5.5 5.5 5.5 5.5 5 5 5 5 5 5 5.5 5.5 5.5 5.5 5.5 5.5 5.5 5.5 5.5 5.5 
5.5 5.5 5.5 5.5 5.5 5.5 5.5 5.5 6 6 6 6 5.5 5.5 5.5 5.5 5.5 6 6 5.5 5.5 
5.5 5.5 5.5 5.5 5.5 5.5 5.5 5.5 5.5 5.5 5.5 5.5 5.5 5.5 5 5 5 5.5 5.5 5.5 
5.5 5.5 5.5 5.5 5.5 5.5 5.5 5.5 6 6 6 6 5.5 5.5 5.5 5.5 6 6 
5.5 5.5 5.5 5.5 5.5 5.5 5.5 6 5.5 5.5 5.5 5.5 5.5 5.5 5.5 5.5 5.5 5.5 5.5 5.5 5.5 
5.5 5.5 5.5 5.5 5.5 5.5 5.5 5.5 5.5 5.5 6 6 6 6 6 5.5 5.5 5.5 6 6 6 
6 5.5 5.5 5.5 6 6 6 6 6 6 6 6 6 5.5 5.5 5.5 5.5 
5.5 5.5 5.5 5.5 5.5 5.5 5.5 5.5 6 6 6 6 6 6 5.5 5.5 5.5 5.5 5.5 5.5 5.5 5.5 
5.5 5.5 5.5 5.5 5.5 5.5 5 5.5 5.5 5.5 5.5 5.5 5.5 5.5 5.5 5.5 5.5 
5.5 5.5 5.5 5.5 5 5 5 5.5 5.5 5.5 5.5 5.5 5.5 5.5 5.5 5.5 5.5 5.5 5 5.5 5.5 
5.5 5.5 5.5 5.5 5.5 5.5 5.5 5.5 5.5 5 5 5.5 5.5 5.5 5.5 5.5 5.5 5.5 5.5 5.5 5.5 5.5 6 6 
6 5.5 5.5 5.5 6 6 6 6 6 6 6 6 6 6 6 6 6 6 6 6 6 
6 5.5 5.5 6 6 6 6 6 6 6.5 6.5 7 7 7 7 7 7 7 7 7.5 7.5 7.5 
7 7 7 7 7 7 7.5 7 7 6.5 6.5 6.5 6.5 6.5 6.5 6.5 6.5 6.5 7 
6.5 6.5 6.5 6.5 6.5 6.5 6.5 6.5 6 6 6 6 5.5 5.5 5 5.5 5.5 5.5 5.5 5.5 5.5 5.5 5.5 5.5 5.5 5.5 5.5 
5.5 5.5 5.5 5.5 5.5 5.5 5.5 5.5 6 6 6 6 5.5 5.5 5.5 5.5 5.5 6 6 5.5 5.5 
5.5 5.5 5.5 5.5 5.5 5.5 5.5 5.5 5.5 6 6 6 5.5 5.5 5.5 5.5 5.5 5.5 5.5 5.5 5.5 
