5.5 5.5 5.5 5.5 5.57143 5.57143 5.57143 5.57143 5.57143 5.83333 5.4 5 4.66667 4.66667 4.66667 4.66667 4.66667 4.66667 4.66667 4.66667 4.66667 4.66667 6 6 6 3 
5.5 5.5 5.5 5.85714 7 7 7 7 6.75 7.33333 7.33333 7.33333 7.33333 7.33333 7.33333 7.33333 7.33333 7.33333 7.5 9 9 9 9 9 9 9 
5.5 5.42857 5.42857 5.66667 5.66667 5.2 5.2 5.2 5.2 5.2 5.2 5.2 6 6 6 6 6 6.33333 6.33333 6.33333 6.33333 6.33333 6.33333 6 6 6 6 9 
5.5 5.5 5.5 5.5 5.5 5.14286 5.14286 5.16667 5.16667 5.16667 5.8 5.8 6.5 6.5 6.5 6.5 6.5 6.66667 6.5 6.5 6.5 4 4 4 
5.5 5.5 5.5 5.5 5.5 5.5 5.5 5.5 5.5 5.5 5.5 5.85714 5.85714 5.83333 5.83333 5.83333 5.6 5.6 5.6 6.5 6 6 7 7 7 5 5 5 
5.5 5.14286 5.14286 5.14286 5.14286 5.14286 5.14286 5.33333 5.33333 5.33333 5.33333 5.2 5.2 4.25 4.25 4.25 4.25 4.25 4.25 4.25 5 5 5 5 5 4 3 
5.5 5.14286 5.16667 4.8 4.8 4.8 4.8 4.8 4.8 4.8 4.8 4.8 4.8 5.25 5.25 5.25 5.25 5.25 5.25 5.25 5.25 5 5 5 6.5 6.5 4 
5.5 5 5 5.16667 5.16667 5.8 5.8 5.8 5.8 5.8 6 6 6 5.5 5.5 8 8 8 8 8 8 8 8 8 8 8 
5.5 6 6 6 6 6 6 6 6 6 6 6 6 6 6 6 6 6 6 5.8 6.5 7.33333 7.33333 7.33333 6.5 5 5 5 
5.5 5.5 5.5 5.5 5.5 5.57143 5.57143 5.57143 5.57143 5.57143 6.16667 6.16667 6.16667 5.8 5.75 5.75 5.75 5.75 5.75 6.66667 6.66667 6.66667 6.5 6.5 6.5 9 
5.5 5.5 5.14286 5.14286 5.14286 5.14286 5.14286 5.14286 5.14286 5.14286 5.14286 5.14286 5.14286 5.14286 5.14286 5.5 5.5 5.5 6.75 6.75 6.75 6.75 6.75 6 6 6 5 5 
5.5 5.5 5.5 5.5 5.85714 5.5 5.5 5.5 5.2 5.25 6.33333 6.33333 6.33333 6.33333 6.33333 6.33333 6.33333 6.33333 6.33333 6.33333 5 5 4 4 
5.5 6 6 6 5.66667 6 6 6 6 5.25 5.25 5.25 5.25 5 5 5 5 5 5 5 4 3 3 3 3 3 3 
5.5 5.5 5.5 5.42857 6 5.8 5.8 5.8 5.8 6 6.66667 6.66667 6.66667 6.66667 6.66667 8.5 9 9 9 
5.5 5.28571 5.28571 5.28571 5.28571 5.28571 5.28571 5.33333 5.33333 5.33333 5.33333 5.33333 5.33333 4.6 4.6 5 5 5 5 5 5 4.66667 3 3 3 4 
5.5 5.5 5.5 5.5 5.57143 5.16667 5.16667 5.16667 5.16667 5.8 5.8 6.5 6.5 7.33333 6.5 6.5 6.5 6.5 6.5 6.5 6.5 6.5 6.5 6.5 6 6 6 
5.5 5.14286 5.14286 5.14286 5.14286 5.14286 5.14286 5.66667 5.8 5.8 6.5 6.66667 6.66667 8 8 8 8 8 8 8 8 9 9 9 9 9 9 
5.5 5.5 5.5 5.5 5.85714 5.85714 6.5 6 6 6 5.5 5.5 5.5 5.5 5.5 5.5 5.5 5.5 5.5 6 6 6 6 6 6 6 6 5 
5.5 5.5 5.5 5.14286 5.14286 5.14286 5.14286 5.14286 5.33333 5.33333 5.33333 5.33333 4.6 4.6 4.5 5.33333 5.33333 5.33333 5.33333 6.5 6.5 6.5 6.5 6.5 6 6 6 
5.5 5.5 5.5 5.5 5.14286 5 5 5.2 5.2 5.2 5.2 4.25 4.25 4.25 4.25 4.25 4.25 3.33333 3.33333 3.33333 3.33333 3.33333 3.33333 3.33333 3.33333 2.5 3 
5.5 5.5 5.5 5.5 5.5 5.5 5.5 5.5 5.5 5.5 5.42857 4.83333 4.83333 4.8 4.8 5.5 5.5 5 5 5 5 5 6 6 6 6 8 8 
5.5 5.5 5.5 5.5 5.5 5.5 5.28571 5.28571 5.28571 5.28571 5.28571 5.16667 5.16667 5.6 5.6 5.6 5 5 5 5.33333 5.33333 7 5 5 5 
5.5 5.5 5.5 5.5 5.5 6 6 6 6 6.33333 7 7 7 7 7 7 7.66667 7.66667 7.66667 7.66667 7.66667 7.66667 7.66667 7.66667 7 8 8 
5.5 5.5 5.5 5.5 5 4.5 4.5 4.6 4 4 4 4 4 4 4.33333 3.5 3.5 
5.5 5.42857 5.42857 5.42857 5.83333 5.83333 5.6 5.75 5.75 5.75 5 5 5 5 5 5 3 3 4 4 4 4 4 4 4 4 
5.5 5.5 5.5 5.5 5.71429 5.71429 5.71429 5.71429 5.71429 5.71429 5.71429 5.71429 5.71429 5.71429 5.71429 5.83333 6.6 6.6 6.6 6.5 6.5 6.66667 6.66667 6.66667 8.5 9 9 
5.5 5.57143 5.57143 6.16667 6.16667 6.16667 6.16667 6.16667 6.16667 6.6 6.6 6 6 6 6 6 6 6 5.5 5.5 5.5 5.5 5.5 5.5 5.5 3 3 3 
5.5 5.5 5.57143 5.57143 5.57143 5.57143 6.16667 6.16667 6.16667 6 6 7 7 7 7 7 7 7 6.5 6.5 6.5 4 4 4 4 4 4 
5.5 5.5 5.5 5 5 4.83333 4.83333 4.83333 4.2 4.2 4.2 4.2 3.5 3.5 3.5 3.5 3.5 3.5 3.5 3.5 3 3 3 3 3 2.5 2.5 3 
5.5 5.5 5.5 5.5 5.5 5.5 5.5 5.5 5.5 5.5 5.5 5.5 5.71429 7 6.75 6.75 7 7 7 8 8 8 8 8 8 8 7 7 
5.5 5.42857 5.42857 5.16667 5.16667 4.6 4.6 5 5 5 6 6 6 6 6 6 6 6 6 4.5 4.5 4.5 5 5 
5.5 5.5 6 6.33333 6.33333 6.33333 6.33333 6.33333 7 7 7 7.25 7.25 7.25 7.25 7.25 7.25 7.25 7.25 7.33333 7 7 7 7 9 9 9 9 
5.5 5.5 5.14286 5.14286 5.14286 5.14286 5.14286 5.14286 5 5 5 5.6 5.6 5.25 5.25 5.25 5.25 5.25 5.25 5.66667 4 4 4 5 5 
5.5 5.5 5.5 5.5 5.5 5.5 5.28571 5.28571 5.28571 5.28571 5.28571 5.28571 5.28571 5.28571 5.28571 5.28571 4.66667 4.6 4.25 3 3 3.5 4 4 
5.5 5.85714 5.85714 5.85714 5.85714 5.85714 5.5 5.5 4.8 4.8 4.8 4.8 5.5 5.5 5.5 5.5 5.5 5.5 6 6.5 6 6 6 6 6 6 
5.5 5.5 5.28571 5.66667 5.6 6.5 7 7 7 7 7 7 7 7 7 7 7 6 6 6 6 8 8 
5.5 5.85714 5.85714 5.85714 5.85714 5.85714 6.16667 6.16667 6.16667 6.4 6.4 6.25 6.25 6.25 6.25 5.66667 5.66667 5.66667 5.66667 5.66667 5.5 5.5 5.5 5.5 2 2 
5.5 5.5 5 5 5 5 5 5.33333 5.2 5.2 6 6 6 6 6 6 5.33333 5.33333 4.5 4.5 4.5 4 4 4 4 
5.5 5.5 5.5 6 6 6.5 6.8 7.5 7.5 8 8 8 8 8 8 8 8 8 8 8 8 8 8 8.5 8.5 8 8 
5.5 5.5 5.5 5.5 5.28571 5.28571 5.28571 4.66667 4.66667 5.2 5.75 5.75 5.75 6 6 6 6 5 5 5 5 5 6 6 6 6 
5.5 5.5 5.5 5.5 5.5 5.5 5.5 5.57143 5.57143 5.57143 5 4.8 4 4.66667 4.66667 4.66667 4.66667 4.66667 4.66667 4.66667 4.66667 4.66667 4.66667 4.66667 4.66667 5.5 4 
5.5 5.5 5.28571 5.16667 5.16667 5.16667 5.8 6.5 6.5 6.5 6.5 6.5 6.5 7.33333 7.33333 7.33333 6.5 6.5 6.5 6.5 6.5 5 5 5 
5.5 5.5 5.5 5.14286 5 5 5 5 5 5 5 4.6 4.6 4.6 4.6 4.6 4.6 3.5 3.5 3.5 3.5 3.5 3 2.5 2.5 2 2 
5.5 5.42857 5.66667 5.66667 5.66667 5.66667 5.2 5.2 5.2 5.2 4.75 4.75 4.75 4.75 4.75 4.75 4.75 4.75 4.75 4.75 4.66667 2.5 2.5 2 2 2 
5.5 5.28571 5.83333 5.83333 5.83333 5.83333 5.83333 6.4 6.4 5.75 5.75 5.75 5.75 5.66667 5.66667 5.66667 5.66667 5.66667 5.66667 6 6 8 8 8 8 
5.5 5.5 5.5 5.5 5.5 5.5 5.5 5.5 5.5 5.5 5.5 5.5 5.14286 5.14286 5.33333 5.33333 5.2 4.75 4.75 5.33333 5.33333 5.33333 5.33333 7 9 9 
5.5 5.5 5.5 5 5 5 5 5 5 5 4.66667 4.66667 4.66667 4.66667 4.66667 4.66667 4 4 4 4 4 4 4.66667 4.66667 4.66667 5.5 5 
5.5 5.5 5.42857 5.42857 5.42857 6 6 6 6 6 6 5.4 5.75 6 6 6 7.5 7.5 7.5 7.5 7.5 7.5 7.5 7.5 7.5 7 7 7 
5.5 5.5 5.5 5.5 5.5 5.85714 5.85714 5.85714 5.85714 5.66667 5.6 5.6 6.5 6.5 6.5 6.5 6 6 7 5 5 5 5 5 5 5 5 
5.5 5.5 5.5 5.5 5.5 5.57143 5.57143 5.57143 5.57143 5.33333 5.33333 5.33333 5.33333 5.33333 5.33333 5.33333 4.6 4.6 5 5 6 6 6 5 5 6 6 6 
5.5 5.5 5.5 5.42857 5.42857 5.42857 5.42857 5.42857 5.16667 5.16667 5.16667 5.16667 5.16667 5.16667 5.6 5.6 5.6 5.6 5.6 4.75 4.75 4.75 5 5 3.5 3.5 2 2 
5.5 5.71429 5.71429 5.71429 5.71429 5.71429 5.71429 5.71429 5.71429 5.71429 5.66667 5.66667 5.66667 6.75 6.66667 6.66667 6.66667 6.66667 6.66667 6.66667 8.5 8.5 8 8 8 8 8 
5.5 5.5 5.5 5.28571 5.28571 5.28571 5.28571 5.28571 5.28571 5.28571 5.16667 5.16667 5.16667 5.8 5.8 5.8 5.8 5.8 5.8 6.5 6.5 6.5 7 8.5 8.5 8.5 8.5 8 
5.5 5.5 5.5 5.5 5.5 5.5 5.42857 5.42857 5.42857 5.42857 5.42857 5.42857 5.42857 5.42857 5.42857 5.42857 5 5 5 5 4 4 4 3 3.5 3 3 
5.5 5.5 5.5 5 5 5 5.5 5.5 5.5 5.5 5.2 5.2 5.2 5.75 5.75 6 6 6 6 6 6 6 5 4 
5.5 5.85714 5.85714 5.85714 5.85714 5.85714 5.85714 5.85714 5.85714 5.85714 6 5.8 5.75 4.66667 4.66667 6 6 6 6 4 4 4 4 4 4 4 
5.5 5.5 5.14286 5.14286 5.66667 5.66667 5.66667 5.66667 5.66667 5.66667 5.4 5.25 5.25 4 4 4 4 4 4 4 4 4 4 4 4 3 
5.5 5.5 5.85714 5.85714 5.85714 5.85714 5.33333 5.33333 5.33333 5.33333 5.33333 5.33333 5.33333 5.33333 5.33333 6 5.75 5.66667 4.5 4 4 4 4 4 4 4 4 
5.5 5.5 5.5 5.85714 5.85714 5.85714 5.85714 5.85714 7 7.25 7.25 7.25 7.25 7.25 7.25 7.25 7.25 7 7 6 6 7 7 
5.5 5.42857 5.42857 5.42857 5.42857 5.42857 5.42857 5.42857 5.42857 5.42857 5.42857 5.83333 5.83333 5.83333 5.83333 5.83333 5.83333 5.2 6 6 6 6.33333 6.33333 6 6 6 6 4 
5.5 5.5 5.5 5.5 5.5 5.5 5.42857 5.5 5.5 5.5 5.5 5.5 5.5 4.8 4.8 4.8 4.8 4.8 4.8 4.8 4.25 4.33333 2.5 2.5 2.5 2.5 2.5 3 
5.5 5.5 5.5 5.57143 5.57143 5.57143 5.33333 5.33333 5.33333 5.33333 5.33333 5.33333 5.33333 5.33333 4.6 4.6 4.6 3.75 3.75 3.75 4 6 6 6 6 6 6 
5.5 5 5 5 5 5 5 5 5.5 5.8 5.8 5.8 5.8 5.8 5.8 5.8 5.8 5.8 6.5 6.5 6.5 6.5 6 6 6 6 6.5 7 
5.5 5.5 5.5 5.42857 5.42857 5.42857 5.16667 4.6 4.6 4.6 4.5 5 5 5 5 9 9 9 9 9 9 9 9 
5.5 5.5 5.5 5.5 5 5 5 5 5 5 5 5 5 5 6 6 6 6 6 7.5 7.5 7.5 8 
5.5 5.85714 5.85714 5.85714 5.85714 5.85714 5.85714 5.85714 5.85714 5.85714 5.83333 5.83333 5.83333 5.83333 5.83333 5.4 5.75 5.75 5.75 5.75 8 8 8 7 7 7 
5.5 5.42857 5.42857 5.42857 5.42857 5.66667 5.66667 5.66667 5.4 5.4 7.33333 7.33333 7.33333 7.33333 7.33333 7.33333 7.33333 7.33333 7 7 7 7 7 5 5 5 5 
5.5 5.14286 5.66667 5.66667 5.66667 5.66667 5 5 5 5 5 5 5 5 5 5 5 5 5 5.5 5.5 5.33333 5.33333 5.33333 4.5 4.5 4 
5.5 5.57143 5.57143 5.16667 5.16667 5.16667 5.16667 5.4 5.4 5.4 5.4 5.4 4.5 4 4 4 5 5 5 5 5 3 3 3 3 3 3 
5.5 5.28571 5.28571 5.28571 5.28571 5.28571 5.28571 5.28571 5.28571 5.28571 5.28571 5.28571 6.4 6.4 6.4 6 6 6 6.33333 6.33333 5 5 5 4 
5.5 5.5 5.42857 5.42857 5.42857 5 5 5 5 4.6 4.6 4.75 4.75 3.33333 3.33333 3.33333 3.33333 3.33333 3.33333 3.33333 3.5 5 5 5 5 5 5 5 
5.5 5.85714 5.85714 5.5 5.5 5.5 5.5 5.8 5.8 6 6 6 6 6 6 6 7.33333 7.33333 7.5 6 6 
5.5 5.5 5.5 5.85714 5.33333 5.4 5.25 6.33333 6.33333 6 6 8 
5.5 5.14286 5.14286 5.14286 5.33333 5.33333 5.33333 5.33333 5.33333 5.33333 5.33333 5.2 5.2 4.75 4.75 4.75 3.33333 3.5 3.5 3.5 3.5 3.5 5 5 5 5 
5.5 5.71429 5.71429 5.71429 5.71429 6.16667 6.16667 6 6 6 6 6 5 5 5 3.5 3.5 3.5 3.5 3.5 3.5 3.5 3.5 3.5 3.5 3.5 3.5 5 
5.5 5.5 5.85714 6 5.8 5.8 5.25 5.25 5.25 5.25 5.25 5.25 5.25 5.25 5.25 5.25 5.25 5.25 4 4 4 5 4 4 
5.5 5.5 5.5 5.28571 5.33333 5.2 5.2 5.2 5.2 5.2 5.2 5.2 5.2 5.2 4.25 3 3 3 3 3 3 3 3 3 3 3 4 4 
5.5 5.5 5.5 5.5 5.85714 5.85714 5.85714 5.33333 5.33333 5.33333 5.33333 5.33333 5.33333 5.33333 5 5 5.75 5.75 5.75 6.33333 6.33333 6.33333 6.33333 7 8 
5.5 5.71429 5.71429 5.16667 5.16667 5.16667 5.16667 5.16667 5.16667 5.16667 5.16667 5.16667 5.2 5.2 6 6 6 6 6 6 5.33333 6.5 6.5 6.5 7 7 
5.5 5.5 5.5 5.5 5.5 5.5 5.5 5.85714 5.85714 5.85714 6 6 6 6 6 6.8 7.5 7 7 7.5 7.5 7.5 7.5 7.5 7.5 7.5 7 
5.5 5.5 5.5 5.5 5.5 5.71429 6.16667 6.2 7.25 7.25 7.25 7.25 7.25 7.25 7.25 7.25 7 7 8 8 8 8 8 7 7 7 7 7 
5.5 5.5 5.5 5.5 5.5 6 6 6 6 6 6 6 6 6.5 6.5 6.4 6.5 6 7 7 7 7 9 9 9 
5.5 5.5 5.5 5.14286 4.5 4.5 4.2 4.2 4.2 4.2 4.2 4.2 4.2 4.2 4.75 4.75 4.75 5 5 5 5 5 5 5 5 6 6 5 
5.5 5.42857 5.42857 5.42857 5.5 5.5 5.5 5.5 5.5 5.5 6.2 6.2 5.75 5.33333 5.33333 5.33333 6.5 9 9 9 9 9 9 9 9 9 9 9 
5.5 5.5 5.5 5.42857 5.42857 5.66667 5.66667 5.66667 5.66667 6.2 6.2 6.2 6.2 7.25 7.25 7.25 7.25 7.25 6.66667 7.5 7 7 7 7 
5.5 5.28571 5.28571 5.16667 5.8 6 6 5 5 5 5 5 5 6 6 6 6 6 6 6 6 8 8 8 
5.5 6 6 6 6 6 6 6 6 5.8 5.8 5.8 5.8 5.8 5.8 5.8 5.8 5.8 5.8 5 5.66667 5.66667 5.66667 5.66667 5.66667 5.66667 4.5 5 
5.5 5.5 5.5 5.5 5.5 5.5 5.5 5.5 5.14286 5.16667 6.5 5.66667 5 5 5 6 6 6 6 6 6 6 6 6 6 6 6 6 
5.5 5.5 5.5 5.5 5.5 5.5 5.5 5.42857 5.42857 5.42857 5.42857 5.42857 5.42857 6 6.6 6.6 6.6 6.6 6.5 6.5 7.33333 7 7 5 5 
5.5 5.5 5.5 5.5 5.28571 5.28571 5.28571 5.28571 5.28571 5.28571 5.5 5.5 5.4 6.25 6.25 6.25 5.33333 5.33333 5.33333 5.33333 6.5 6.5 5 5 
5.5 5.5 5.5 6 6 6 6 6 6 5.66667 5.66667 5.8 5.8 5.8 5.8 5 5 5 5.33333 5 5 5 5 5 5 7 7 7 
5.5 5.5 5.5 5.14286 5.14286 5 5 5 5 5 5 5 5 5 5 5 4.5 4.5 6.5 6.5 6.5 6.5 6.5 4 
5.5 5.5 5.5 5.5 5.5 5 5.5 5.5 5.5 6 6.5 6.5 6.5 7 7 6.5 6.5 6.5 6.5 6.5 6 6 6 6 6 
5.5 5.5 5.5 5.28571 5.28571 5.28571 5.28571 5.28571 5.5 5.5 5.5 5.5 5.5 5.5 5.5 5.5 5.5 6.2 5.5 4.66667 4.66667 4.66667 4 5 5 5 5 5 
5.5 5.85714 5.85714 5.85714 5.85714 5.33333 5.33333 5.33333 5.33333 5.33333 6 6 6 6.25 6.25 6.25 6.25 6.25 6.33333 5.5 5.5 4 4 4 4 4 4 
5.5 5.5 5.14286 5.14286 5.33333 5.33333 5.33333 5.33333 5.33333 5.33333 5 5 5 5 5 5 5 5 5 5 5 4 4.66667 4.66667 4.66667 4.66667 5.5 6 
5.5 5.5 5.5 5.5 5.5 5.5 5.71429 5.71429 5.71429 5.71429 5.5 6 7 7 7 6.66667 6.66667 6.66667 6.66667 6.66667 6.66667 6.66667 6.66667 6.66667 5.5 5.5 5 5 
5.5 5.5 5.42857 5.42857 4.83333 4.83333 4.83333 4.8 5 6 7.5 7.5 7.5 7.5 7.5 7 7 7 7 7 7 7 
5.5 5.5 5.42857 5.42857 5 4.2 4.2 3.5 3.5 3.5 3.5 3.5 3.5 3 3 3 3 3 3 2.5 2.5 2.5 2.5 2.5 3 
5.5 5.5 5.5 5.57143 5.57143 5.57143 5.57143 5.83333 5.83333 5.83333 5.83333 5.83333 5.83333 5.83333 5.8 5.8 5.8 5.8 5.8 5.5 4.66667 2.5 2.5 2 2 2 2 
5.5 5.28571 5.16667 5.16667 5.16667 5.16667 5.16667 5.16667 4.4 4.4 4.4 4.4 4.25 3 3 3 3 3 3 3 2.5 2.5 2.5 2.5 2.5 2.5 2.5 
5.5 5.71429 5.71429 5.71429 5.71429 5.71429 5.71429 5.71429 5.71429 5.71429 5.71429 6.16667 6 6 6 6.25 6.33333 6.33333 6.33333 6.33333 8.5 9 9 9 9 9 9 
5.5 5.5 5.14286 5.66667 5.66667 5.66667 5.66667 5.66667 6 6 6 6 6 6 6.75 6.75 7 7 7 7 7 5 5 5 5 5 5 
5.5 5.5 5.5 5.28571 5.28571 5.28571 5.28571 5.28571 5.28571 5.28571 5.28571 5.28571 5.33333 5.33333 5.6 5.6 5 6 6 6 6 6 6 6 4.5 6 
5.5 5.5 5.5 5.71429 5.71429 5.71429 5.83333 5.83333 5.2 5.2 5.2 5.2 5.2 5.2 5.2 4.75 4.75 4.33333 2.5 2.5 2.5 2.5 3 3 3 3 3 3 
5.5 5.14286 5.14286 5.66667 5.66667 5.8 5.8 5.5 5.5 6 6 6 6 6 6 6 6 6 6 9 9 
5.5 5.5 5.5 5.57143 5.57143 5.57143 5.57143 5.57143 5.5 5.5 5.5 5.2 5.2 5.2 5.2 5.5 8.5 8.5 9 
5.5 5.5 5.85714 6 6 6 6 6.8 6.8 6.8 6.8 6.8 6.8 6.8 6.8 6.5 6.5 6.5 6.5 6.5 6.5 6.66667 6.66667 8 8 9 9 9 
5.5 5.5 5.5 5.5 5.5 5.5 5.5 5.5 5.5 5.71429 5.71429 5.33333 6 6 5 5 5 5 5 5 5 5 5 7 7 
5.5 5.5 5.5 5.5 5.5 5.5 5.5 5.14286 5.14286 5.5 6.75 6.75 6.75 6.66667 6.66667 6.66667 7 5 5 5 5 
5.5 5 5 5 5 5 5 5.33333 5 5 5 5 6 6 6 6 6 6 6 5 5 5 5 5 5 5 4 4 
5.5 5.5 5.42857 5 5 5 5.4 5.4 6.25 6.25 6.25 5.33333 5.33333 5.33333 5.5 7 7 7 7 7 7 7 7 7 7 7 7 7 
5.5 5.57143 5.57143 5.57143 6.16667 6.16667 6.16667 6.16667 6.16667 6.16667 6.16667 5.6 6.25 7 7 7 7.5 7.5 7.5 8 8 8 8 8 8 8 8 
5.5 5.5 5.28571 5.28571 5.28571 5.83333 5.2 5.75 5.75 5.75 5.75 5.75 5.75 5.75 6.33333 6.33333 5.5 5.5 5.5 5 5 5 5 5 5 5 5 
5.5 5.28571 5.28571 5.28571 5.28571 5.28571 4.83333 4.83333 4.8 5.25 5.25 5.25 5.25 4 4 5 5 5 5 5 6 6 6 6 6 6 6 
5.5 5.5 5.5 5.85714 5.85714 5.85714 5.85714 5.85714 5.83333 5.83333 5.83333 5.83333 5.83333 5.83333 6.6 6.5 6.5 6.5 6.5 7.33333 7.33333 7.33333 8.5 8.5 8.5 9 9 
5.5 5.5 5.85714 6.5 6.5 6.5 6.5 6.5 6 6 5.5 5.33333 6 7 7 
5.5 5.5 5.5 5.5 5.5 5.5 5.5 5.42857 5.42857 5.16667 5.16667 5.16667 5.16667 4.6 4.6 4.75 4.66667 4.66667 6 6 6 6 6 6 6 3 
5.5 5.5 5.5 5.5 5.5 5.5 5.5 5.5 5.5 5.5 5.5 5 5 5 5 4.5 4.6 5.25 5.25 5.25 5 5 6 6 6 7 7 7 
5.5 5.5 5.5 5.5 5.5 5.85714 5.85714 5.85714 6.8 6.75 6.75 6.75 6.75 7.66667 7.66667 7.66667 7.66667 7.5 7.5 7.5 7.5 9 9 
5.5 5.5 5 4.83333 4.83333 4.83333 4.83333 5.4 5.4 5.4 5.4 5.4 5 5 5 5 5 5 5 5 5 5 5.5 5.5 5.5 5.5 5.5 3 
5.5 5.57143 5.57143 5.57143 5 5 5 5 5 4.6 4.6 4.6 4.6 4.6 4.6 4.6 5 5 5 5.33333 4 4 2 2 2 
5.5 5.5 5.5 6 6 6 6 6.5 7 7 7 7 7 7 7 7 6.5 6.5 6.33333 6.33333 6.5 5 5 5 5 5 5 5 
5.5 5.5 5.5 5.5 5.5 5.5 5.5 5.5 5.5 5.5 6 6 5.5 5.5 5.2 5.2 5.25 5.25 6 5 5 6 
5.5 5.5 5.28571 4.66667 4.66667 4.66667 4.66667 4.66667 4.4 4.4 4.4 4.4 3.5 3.5 3.5 3.66667 4.5 4.5 4.5 4 4 4 4 4 4 
5.5 5.5 5.5 5.14286 5.14286 5.14286 5.14286 5.14286 5.14286 5.14286 5.14286 5.14286 4.5 4.5 4 4 4 4 4 4.5 4.5 4.33333 4.33333 3.5 3.5 4 4 
5.5 5.5 5.5 5.28571 5.28571 5.28571 5.28571 5.28571 5.28571 5.16667 4.6 4.6 3.5 3.5 3.5 3.5 3 3 4 4 4 4 4 4 4 4 
5.5 5.5 5.5 5.5 5.5 5.28571 5.28571 5.28571 4.83333 4.83333 4.6 4.6 4.6 5 5 5 5 3.66667 3.66667 3.66667 3.66667 3.5 3.5 3.5 3.5 2 2 
5.5 5.28571 5.33333 5.33333 5.33333 5.33333 6 6 6 6 6 6 6 6 6.66667 6.66667 6.66667 6.66667 6.66667 6.66667 6.66667 6.66667 6.66667 5.5 8 8 8 
5.5 5.5 5.5 5.57143 5.57143 6 6 6 5.8 5.8 6.75 6.75 6.75 6.75 6.33333 6.33333 7.5 7.5 7.5 7.5 9 9 9 9 9 9 9 
5.5 5.5 5.5 5.5 5.71429 5.71429 5.71429 5.71429 5.71429 5.71429 7 7 7 7 7 7 6.75 6.75 6.75 6.75 6 6 6 6.5 6 6 6 
5.5 5.5 5.5 5.42857 5.42857 5.5 5.5 5.5 5.5 5.5 5.5 6 5.5 5.5 5.5 5.5 5.5 5.5 4.33333 4.33333 4.33333 4.33333 4.33333 4.33333 3 3 4 4 
5.5 6 6 6 6 6 6 6 5.8 5.8 5.8 5.8 5.8 5.8 5.8 6.25 6.25 6.25 6.25 6.25 7.33333 8.5 8.5 8.5 8.5 9 
5.5 5.5 5.28571 5.28571 5.28571 5.28571 5.28571 5.28571 5.28571 5.66667 5.66667 5.66667 5.2 5.2 5.5 5.5 5.5 5.5 5.5 5.5 4.33333 4.33333 3.5 3.5 3.5 2 
5.5 5.5 5.5 5.5 5.28571 5.28571 5.28571 5.5 5.5 5.5 5.5 5.5 5.6 6.5 6.5 5.66667 5.66667 5.5 3 2.5 3 3 3 
5.5 5.14286 5.14286 4.5 4.5 4.5 4.5 4.6 4.6 4.6 4 4 4 4 4 4 3.33333 2.5 2.5 2.5 
5.5 5.57143 5.57143 5.57143 5.57143 5.57143 5.57143 5.57143 5.16667 5.16667 4.4 3.75 3.75 3.75 3.75 3.75 3.75 3.75 3.66667 3.66667 3.66667 4.5 4.5 3 3 3 
5.5 5.5 5.5 5.5 5.5 6 6 6 6 6 6.5 6.5 6.5 6.5 6.5 6.5 6.5 6.2 6.2 6.2 6.5 6.5 6.5 6.33333 6.5 9 9 9 
5.5 5.5 5.5 5.57143 5.57143 5.57143 5.57143 5.57143 5.57143 5.57143 5.57143 5.33333 4.8 3.75 3.75 3.75 3.75 3.66667 3.66667 3.66667 4.5 4.5 4.5 4.5 4.5 4.5 4.5 3 
5.5 5.42857 5.42857 5.42857 5.42857 5.42857 5 5 5.25 8 8 9 
5.5 5.57143 6 6.8 6.8 6.5 6.5 6.5 6.5 6.5 6.5 6.5 6.66667 5.5 5.5 5.5 5.5 5.5 4 4 4 4 4 4 4 
5.5 5.5 5.5 5.85714 5.85714 5.83333 5.83333 5.83333 5.83333 6.2 6.2 6.2 6.2 6.2 6.2 6.2 6.2 6.2 7.25 7.25 7.25 7.25 7 7 7 8 9 
5.5 5.5 5.5 5.71429 5.16667 5.16667 5.16667 5.16667 5.2 5.2 5.2 5.2 5.2 5.2 5.2 5.2 5.2 5.2 5.2 5.2 5 5 5 5.66667 7.5 7 
5.5 5.5 5.57143 6.16667 6.16667 6 6 6 5.5 6.33333 6.33333 6.33333 6.33333 6.33333 6.33333 6.33333 7.5 7.5 7.5 7.5 7.5 7.5 7.5 7.5 7.5 7.5 6 6 
5.5 5.5 5.5 5.5 5.5 5.28571 5.5 5.5 4.8 4.8 4.8 4.8 4.8 4.8 4 4 4.66667 4.66667 4.66667 4.66667 4.66667 5.5 5.5 5.5 5 5 5 
5.5 5.5 5.42857 5.42857 5.42857 5.42857 5.42857 5.42857 5.42857 5.42857 4.83333 4.2 4.25 4.25 4 4.5 7 7 7 7 7 7 7 7 7 7 7 
5.5 5.5 5.5 5 5 5 5.16667 5.16667 5.16667 4.6 4.6 4.25 4.66667 4.66667 4.66667 7 7 7 7 7 7 7 7 
5.5 5.5 5 5 5 5 5 5 5 5 5 5 5 5 5 5 4.8 4 4 4 4 4.33333 4.5 4.5 7 
5.5 5.5 5 5 5 5 5 5.4 5.75 5.75 5.75 5.75 7 7 7 7 7 7 7 7.5 7.5 7.5 7.5 8 8 8 8 8 
5.5 5.5 5.57143 5.57143 5.57143 5.57143 5.57143 5.5 5.5 5.5 5.5 5.5 5.8 5 5 5 5 5 5 5 5 5 5 5 5.66667 7.5 7.5 7 
5.5 5.14286 5.14286 5 5 4.2 4.2 4.2 3.5 3.5 3.5 3.5 3.5 3.66667 3.66667 3.66667 3.66667 3.66667 3.66667 3.66667 3.66667 3.66667 3.66667 4.5 4.5 5 5 
5.5 5.5 5.85714 5.85714 5.85714 5.85714 5.85714 5.85714 5.85714 6.5 6 6 6 5.5 5.5 5.5 5.66667 5.66667 5.66667 5.66667 5.66667 5.66667 5.66667 5.66667 5.66667 5.5 7 
5.5 5.5 5.5 6 5.83333 5.8 5.8 5.8 5.8 5.8 5.8 5.8 5.8 5.8 5.8 5.8 6.5 6.5 6.5 7.33333 6.5 6.5 6.5 6.5 6.5 5 5 
5.5 5.42857 5.42857 5.42857 5.16667 5.16667 5.16667 5.6 5.6 5.6 5.6 5.6 5.6 5.6 5.6 6.5 6.5 7 7 6 6 6 6 6 6 4 4 4 
5.5 5.14286 5.14286 5.14286 5.14286 5.14286 5.14286 4.83333 4.83333 5 4.75 4.75 4.75 3.33333 3.5 
5.5 5.5 5.5 5.5 5.5 5.5 5.5 5.5 5.5 5.85714 5.85714 5.83333 5.83333 6.6 7 7 8 8 8 8 7.5 7.5 7.5 7.5 8 8 
5.5 5.5 5.5 5.85714 5.85714 6 6 6 6 5.4 5.4 5.4 5.75 5.75 5.75 5.75 5.75 5.75 5.66667 5.66667 5.66667 4.5 4.5 4.5 7 7 7 7 
5.5 5.5 5.5 5.5 5.14286 5.14286 5.14286 5.14286 5 5.6 5.6 5.6 5.6 5.75 5.75 4.66667 4.66667 4.66667 4.66667 4.66667 4.66667 5.5 5.5 5.5 7 7 7 
5.5 5.5 5.5 5.5 5.5 5.5 5.57143 5.83333 6.6 6.75 6.75 6.75 6.75 6.75 6.75 6.75 6 6 6 6 6 5.5 8 8 8 8 8 8 
5.5 5.71429 5.16667 5 5 5 5 5 5 5 5 5.5 5.5 5 8 8 8 8 8 8 8 8 8 8 8 8 
5.5 5.5 5.42857 5.42857 6 6.6 6.6 6.6 6.5 6.5 6 6 6 6.5 4 4 4 4 4 4 4 4 4 4 
5.5 5.5 5.71429 5.71429 5.71429 5.71429 5.71429 6.33333 6.33333 6.4 6.4 6.4 6.25 6.66667 6.66667 5.5 5.5 5.5 5.5 5.5 5.5 3 3 3 3 3 3 3 
5.5 5.14286 5.5 5.5 5.5 5.5 5.5 5.5 5.5 5.5 5.5 5.5 5.6 6.66667 6.66667 6.66667 6.66667 6.66667 6.66667 6.66667 5.5 7 7 7 7 7 7 7 
5.5 5.5 5.5 5.85714 6.16667 6.16667 7 7 7 7 7 7 7 7 7 7 7 7 7 6.33333 6.33333 6.33333 6.33333 7 8 8 8 
5.5 5.28571 5.28571 5.28571 5.28571 5.28571 5.28571 4.83333 5.2 5.2 4.25 5.5 5.5 5.5 5.5 5.5 5.5 5.5 5.5 5.5 5.5 5.5 5.5 5.5 5 5 
5.5 5.5 5.5 5.42857 5.42857 5.42857 5.42857 5.42857 5.42857 5.42857 5.42857 5.42857 5.66667 5.66667 5.66667 5 5 5 5 4.25 4.25 4.25 4.25 4.25 4.25 5 4 5 
5.5 5.5 5.5 5.5 5.5 5.5 5.5 5.5 5.5 5.5 5.5 5.5 5.28571 5.5 5.5 5.6 5.6 5.5 5.5 5.5 5.5 5.5 5.5 5.5 5.5 6.66667 8.5 8 
5.5 5.5 5.5 5.5 5.5 5.5 5.5 5.5 5.5 5.5 5.5 5.5 5.5 5.5 5.14286 5.14286 5.5 5.5 5.5 5.6 4.75 5 5 5 4 2 
5.5 5.5 5.5 5.14286 5.14286 5.14286 5.14286 4.83333 4.83333 4.83333 4 4.25 3.66667 3.66667 3.66667 4.5 4.5 4 4 4 4 4 4 4 4 4 4 
5.5 6 6 6 6 6 6 6 6 6.16667 6.2 6.2 6.2 6.2 6.2 6 5.33333 5.33333 5.33333 5.33333 3.5 3.5 3.5 4 4 4 4 
5.5 5.5 5.5 5.5 5.71429 6.33333 7 7.25 7.25 6.66667 6.66667 6.66667 6.66667 6.66667 6.66667 6.5 6.5 6.5 6.5 6.5 6.5 6.5 6.5 6.5 5 
5.5 5.5 5.5 5.5 5.5 5.42857 5.42857 5.42857 5.5 5.5 5.5 5.5 5.5 4.8 4.8 5.5 6.33333 5.5 5.5 5.5 5.5 5.5 5.5 5.5 7 7 7 
5.5 5.57143 5.33333 5.33333 5.33333 5.33333 6 6 6 6 5.5 5.33333 5.33333 5.33333 6 6 6 6 9 9 9 9 9 9 9 9 9 9 
5.5 5.5 5.5 5.5 5.42857 5.83333 5.83333 5.2 5.2 5.2 5.2 6 6.33333 5.5 4 4 4 4 4 4 
5.5 5.5 5.5 5.14286 5.14286 5.14286 5.14286 4.83333 4.83333 4.6 4.6 4.6 4.6 4.6 4.6 4.6 4.6 4.6 4.6 5 5 5 5.33333 7 7 9 9 
5.5 5.5 5.5 5.5 5.5 5.5 5.5 5.5 5.5 5.85714 5.33333 5.6 5.6 5 5 6 6 6 6 6 6 6 6 5 5 5 5 5 
5.5 5.5 5.5 5.14286 5.14286 5.14286 5.14286 5.14286 5.14286 5.14286 5 5 5 5 5 5.6 5.6 6 6 6 5.66667 5.66667 5.66667 5.66667 6 9 9 
5.5 5.71429 5.71429 5.71429 5.71429 5.71429 5.71429 5.71429 5.66667 5.2 5.25 5.25 5.25 5.25 5.25 5.25 5.25 5.25 5.25 4 4.5 7 
5.5 5.57143 5.57143 5.57143 5.57143 5.57143 5.57143 6.16667 6.16667 6.16667 6.16667 6.16667 6 6 6 6 6.5 6.5 7.66667 7.66667 7.66667 7 7 7 7 7 8 8 
5.5 5.5 5.5 5.5 5.5 5.5 5.5 5.5 5.5 5.71429 5.71429 5.83333 5.83333 5.6 5.6 5.6 5.6 5.6 6.5 6 6 6 7.5 7.5 7.5 7.5 7.5 9 
5.5 5.5 5.5 5.5 5.5 5.57143 5.57143 5.57143 5.57143 6.16667 6 6 6 6 6 6.5 6.66667 6.66667 6 3 3 
5.5 5.5 5.71429 5.5 6 6 7 7 7 7.33333 7.33333 7.33333 7 7 7 7 7 5 5 5 5 5 
5.5 5.5 5.5 5 5 5 5 5 5 4.4 4 4 4 3 3.5 3.5 3.5 3.5 3.5 3 3 3 3 
5.5 5.5 5.5 5.5 5.5 5.5 5.5 5.5 5.28571 5.28571 5.5 5.5 5.5 6.2 6.2 6.2 7 7 6.66667 6.66667 5.5 5.5 5 5 5 
5.5 5.5 5.5 5.57143 5 5 5 5 5 5 5 5 4.4 4.4 4.4 5.66667 5.66667 5.66667 5.66667 5.66667 6.5 6 6 
5.5 5.28571 5.28571 5.28571 4.66667 4.66667 4.6 4.6 4.25 4.25 4.25 4.25 4.25 4.25 4.25 4.25 4.25 4.25 5 5 5 5 3.5 3.5 3 3 3 3 
5.5 5.5 5.5 5.5 5.42857 5.42857 5 5 5 5 5 5 5 5 5 5 5 5 4 4.66667 4.66667 4.66667 5 5 5 7 7 
5.5 5.5 5.5 5.57143 5.57143 5.57143 5.33333 5.33333 5.33333 4.8 4.8 4.8 4.8 4.8 5.5 5.5 6 6 6 6 6 4.5 4.5 4.5 4.5 4.5 6 6 
5.5 5.5 5.5 5.5 5.71429 5.71429 5.71429 5.71429 5.16667 5.16667 5.6 5.25 5.25 5.25 5.25 5.25 6.33333 5.5 5 5 5 5 5 
5.5 5.5 5.5 5 5 5 5 4.66667 4.4 3.5 3.5 3.5 3.5 3.5 3.5 4 4 4 4 4 4 4.5 4.5 5 5 5 5 5 
5.5 5.5 5.5 5.5 5.5 5.5 5 5 5 4.66667 4.66667 4.66667 4.66667 4.4 4.4 5 5 5 5 5 5 5 6 6 8 8 
5.5 5.71429 5.71429 5.71429 6.33333 6.33333 6.33333 6.33333 6.2 6.2 6.2 6.25 6.25 6.25 6.25 6.25 6.25 6.66667 5.5 5.5 5.5 5.5 5.5 8 8 8 
5.5 5.14286 5.14286 5.14286 5.14286 5.14286 5.14286 5.14286 4.83333 4.6 4.6 4.6 4.75 4.75 4.75 4.66667 4.66667 4.66667 4.66667 4.66667 4.66667 2.5 2.5 2.5 3 3 
5.5 5 4.5 4.5 4.5 4.5 4.5 4.5 4.5 4.5 4.5 4.5 5 5 5.25 4.66667 4.66667 4.5 3 3 3 
5.5 6 6 5.83333 5.83333 5.83333 5.83333 5.83333 5.83333 5.83333 5.83333 5.83333 5.83333 5.83333 5.83333 5.83333 6.4 6.4 6.4 6.5 7.33333 7.33333 6.5 6.5 5 
5.5 5 5 5 5 5 5 5 5 5 5.16667 5.2 5.2 5 5 5 5 4.33333 4.33333 4.33333 4.33333 8 8 8 8 8 8 
5.5 5.5 5.5 5.42857 5.83333 5.83333 5.83333 5.83333 5.83333 5.2 5.2 4.5 3.66667 3.66667 3.66667 3.66667 3.66667 3.66667 3.66667 3.66667 4.5 4.5 4.5 4.5 4 
5.5 5.5 5.5 5.5 5.5 5.57143 5.57143 5.57143 5.57143 5.57143 5.57143 5 5 5 5 5 4.4 4.4 4.4 4 4 4.33333 3 3 2 
5.5 6 6 6 5.6 5.6 5.6 5.6 6.25 6.25 5.33333 5.33333 5.33333 5.33333 5.33333 5.33333 5.33333 6 6 6 6 7 
5.5 5.28571 5.28571 5.28571 5.28571 5.28571 5.28571 5.28571 5.28571 5.28571 5.83333 5.83333 5.83333 6.2 6.2 6.2 6.2 7 7 7.33333 8.5 8.5 8.5 8.5 9 9 
