64 65 
65 65 
66 65 
66 65 
65 
65 65 
65 65 65 
65 
65 65 65 
65.5 65 
65 65 
66 65 65 
66 65 
64 65 
64.5 65.5 
65 64.5 
65 65 65 
65 64 
66 65 
65 65 
66 
66 65 65 
66 65 65 64.5 
64.5 65.5 65.5 65.5 
65 
65 65 65 
64 65 
65 
64 65 
65 65 65.5 
64 65 65 
64 65 
65 65 66 
65 
64.5 65 64.5 
65.5 65 65 65 
64 
65 65 
65 65 
65 
66 65 65 
64 
64 65 
65.5 65 65 
64.5 65 
65 65 64 
65 65 
65 
66 
65 65 65 
65 
65 65 
65 63.5 
64 
66 65 65 
64 
65 65 
66 65 
65.5 65 
65.5 65 
64 
65 
65 65 
66 65 
65 65 65 
66 65 
65 65 
65 65 65 
64.5 65 65 
65 64 
64 65 
65 
65 
64 64 
65.5 64.5 
65 
65 65 
65 64.5 
65 65 65 
65 65 
64 65 
66 65 
65 65 65 
65 
66 65 65 
64 65 65 
65 65 65 
65.5 65 
65 65 65 
65 
66 65 
65 65 65 
64.5 65 65 
65 65 
65 
65 65 65 
66 64.5 
64 
65 
65.5 65 
