10 10 10 10 10 10 11.5 11.5 11.5 11.5 11.5 11.5 11 11 11 11 11 11 11 11 
10 10 10 10 10 10 10 10 10 10 10 10 10 10 10 10 10 10 10 10 10 10 10 9.66667 9.66667 9.66667 8.5 8 
10 10 10 10 10 10 10 10 10 10 10 10 10 9.5 9.5 9.5 9.33333 8.5 8.5 8.5 8.5 8.5 8.5 8.5 8 8 8 
10 10.5 10.5 10.5 10.5 10.5 10.5 10.5 10 10 10 10 10 10 10 10 11 11 11 11 11 11 11 
10 10 10 10 10 10 10 10 10 10 10 10 9.5 9 8.5 8.5 8.5 8.5 8 8 8 8 
10 10 10 10 9.75 9.66667 9.66667 9.66667 9.66667 9.66667 9.66667 9.66667 9.66667 9.66667 9.66667 10 10 10 10 10 12 12 12 12 12 12 12 
10 10 10.5 10.5 10.5 10 9.5 9.5 9.5 9.5 9.5 9.5 9.5 9.5 9.5 9.5 9.5 9.5 9.5 10 10 10 10 10 
10 10 10 10 9.5 9.5 9.5 9.66667 9.66667 9.66667 9.66667 9.66667 9.5 9.5 9.5 9.5 9.5 11 11 11 11 11 11 11 
10 10 10 10.6667 10.6667 10.6667 10.6667 10.6667 10.6667 10.5 10.5 10.5 10.5 10.5 10.5 10.5 10.5 10.5 12 12 12 12 12 
10 10 10 10.5 10.6667 10.6667 10.6667 10.6667 10.6667 10.6667 10.5 10.5 9 9 9 
10 10 10 10 10 10.5 10.5 10.5 10.5 10.3333 10.5 12 12 12 12 12 
10 10 10 10 10 10 9.66667 9.66667 9.66667 9.66667 9.66667 9.66667 9.66667 9.66667 9.66667 9.66667 9.66667 10.5 10.5 10.5 10.5 10.5 9 9 9 9 9 
10 10 10.25 10 10 9 9 10 10 10 10 10 10 10 10 10 10 10 10 10 10 10 10 
10 10 10 10 10 10 10 10 10 10 10 10 10 9.75 10 10 10 10 11 11 11 11 11 11 11 10 10 
10 10 10.5 10.5 10 10 10 9.5 9 9 9 9 9 9 9 9 9 9 9 9 
10 10 10 10 10 10 10 10 10.6667 10.6667 10 10 10 10 10 9 9 9 9 9 9 9 9 9 
10 10 10 10 10 10 10 10 10 10 10 10 10 9.66667 9.66667 9.66667 12 12 12 
10 10 10 10 10 10 10 10 10 10 10 10 10 9.5 9.5 9.66667 9.66667 9.66667 9.66667 10.5 11 
10 10 9.75 9.75 9.75 9.75 9.75 9.75 9.66667 10.5 10.5 10.5 9 9 9 9 9 9 9 9 9 9 9 9 9 9 
10 10 10 10 10 10 10 10 10 9.5 9.5 9.5 9.5 9.5 9.5 9.5 9.5 9.5 9.5 9.33333 11 11 11 11 11 11 11 11 
10 10 10 10.25 10.25 10 10 10 10 10 10 10 10 10 9 9 9 10 10 10 
10 9.75 9.75 9.75 9.75 9.75 9.75 10.3333 10.3333 11 11 11 11 12 12 12 12 12 12 
10 10 10 10.5 10.6667 10.6667 10.6667 10.5 10.5 10.5 10.5 10.5 10.5 12 12 12 12 12 
10 10 10 10 9.5 9.5 9.5 9.5 9.5 9.5 9.5 9.5 9.5 9.66667 9.66667 9.66667 9.66667 9.66667 9.66667 9.66667 9.66667 9.5 11 11 11 
10 10 10 10.5 10.5 10.5 10 10 10 10 10 10 9.5 9.5 9.5 9.5 9.5 9.5 9.5 9.5 9.5 9.5 9.5 9.5 9.5 10 10 
10 10 10 10 10 10.5 10.5 10.5 10.5 10 10 10 10 10 10 10 9.5 9.5 9.5 9.5 9.5 9.5 9.5 9.5 9.5 10 10 
10 10 9.75 9.75 9.75 9.75 9.75 9.75 10 11 10 10 10 10 10 10 10 10 10 10 10 10 10 10 10 
10 10 10 10 10 10 10 10 10 10 10 10 10 10 10 10 10.6667 10.6667 10 10 10 10 10 10 10 9 9 9 
10 10 10 10 10 10 10 10 10 10 10 10.3333 10.3333 10 10 10 10 10 10 10 10 10 8 8 8 
10 10 10 10 10 10 10 10 10 10 10 10 10 10 9.5 9 9 9 9 9.5 9.5 9.5 10 10 10 10 
10 10 10 9.5 9.5 10 10 10 10 10 10 10 11 11 11 11 11 11 11 11 11 11 11 11 11 11 11 11 
10 10 10 9.5 9.5 9.33333 9.33333 8.5 8.5 8.5 8.5 8.5 8.5 8.5 8 8 
10 9.75 9.75 9.75 9.75 9.75 9.75 9.75 9.75 9.75 10.3333 10.3333 10.3333 10.3333 10.3333 10.3333 10.3333 10.3333 10.3333 10.3333 9.5 9.5 9.5 9.5 10 10 10 
10 10 9.5 9.5 9.5 9.5 9.5 9.5 10 10 10 10 10 10 10 10 10 10 10 10 9 9 
10 10 10 10 10 10 10 10 10 10 10 10 10 10.25 10.25 10.25 9.66667 9.66667 9 10 10 10 
10 10 10 10 10 10.5 10.5 10.5 10 10 10 10 10 10 10 10.5 10.5 10 10 10 10 
10 10 10 10 10 10 10 10 10 10 10 10 10 10 10.6667 10.6667 10 10 10 10 10 10 10 10 11 11 11 11 
10 10.25 10.25 9.66667 9 9 9 9 9 9 9 9 8 8 
10 10.5 10.5 10.5 10.5 10.5 10.5 10 10 10 10 10 10 10 10 10 10 10 10 10 10 10 10 10 10 10 11 
10 10 9.75 9.75 9.75 9.75 9.75 9.75 9.75 9.75 9.75 9.75 9.75 9.75 9.75 10.3333 10.3333 10.3333 10.3333 11 10 10 10 10 10 
10 10 10 10 10 10 10 10 10 10 10 10 10 10 10 10 9.33333 10 10 10 10 10 10 10 11 11 11 
10 10.25 11 11 11 11 11 11 11 11 10 10 10 10 10 10 10 10 10 10 10 10 
10 10 10 10 10 10 10 10 10 10 10 9.66667 9.66667 10 10 10 10 10 10 12 12 
10 10 10 10 10 10.25 10.25 10.25 10.25 10.25 10.25 10.25 10.25 10 10 10 10 10 10 10 10 10 11 12 
10 10.25 10.25 10.25 10.25 10.25 10.25 9.66667 9.66667 9.66667 9.66667 9 9 9 9 9 9 9 9 8 8 8 8 8 8 
10 10 10 10 10 10 10 10 10 10 10 10 10 10 10 10.3333 10 10 8 8 
10 10 10 10 10 10 10 10 10 10 10 9.5 9.5 9.5 9.5 9.5 9.5 9.33333 9.33333 10 10 10 11 11 11 11 11 
10 10 10 10 10 10 10 10 10.25 10.25 11 11 11 11 10 10 10 10 10 10 
10 10 10 10 10 10 10 10 10 10 10 10 10 9.66667 9.66667 9.66667 9.66667 10 10 10 8 8 8 8 8 8 
10 10 10 9.5 9.5 9.5 9.5 9.5 9.5 9.5 9.5 9.5 9.5 9.5 10 10 10 10 10 10 10 10 10 10 10.5 10.5 10 
10 10 10 10 10 10 9.5 9.5 9.5 9 9 9 9 9 9 9 9 9 9 8 8 
10 10 10 10 10 10 9.75 9 9 9 9 9 9 9 8.5 8.5 9 9 9 9 9 9 9 9 9 9 9 9 
10 10 10 10 10 10 10 10 10 9.66667 9.66667 9.66667 9.66667 10.5 10.5 9 9 9 9 9 9 9 9 
10 10 10 10 10 10 10 10 10 10 10 10 10 9.5 9.5 9.5 9.33333 9.33333 9.33333 10 10 10 10 9 9 
10 10 10 10 10 10 10 10 10 10 10 9.33333 9.33333 9.33333 9.33333 9.33333 9.33333 9.33333 9.33333 9.33333 8.5 8.5 8.5 8 8 
10 10 10 10 10 10 10 10 10 10 10 10 10 10 10 10 9.5 9.66667 9.66667 9.66667 9.66667 9.66667 9.66667 9 10 10 10 
10 10 10.25 10.25 10.25 10.25 10.25 10.25 10.25 10.25 10.25 10.25 10.3333 10.3333 10.3333 10 10 10 10 10 12 12 
10 10.5 10.5 10.6667 10.6667 10.5 10.5 10.5 10.5 10.5 10.5 10.5 10.5 10.5 10.5 10.5 10.5 10.5 10.5 10.5 10.5 10.5 10.5 10.5 9 9 9 
10 10 10 10 9.5 9.66667 9.66667 9 8 8 
10 10 10.5 10.5 10.5 10.5 10.5 10.5 10 10 10 10 10 10 10 10 10 10 10 10 11 11 11 
10 10.5 10.5 10.5 10.5 10.5 10.6667 10.6667 10.6667 10.6667 10.6667 10.6667 10.5 10.5 10.5 9 9 
10 10 10 10.5 10.5 10 10.5 10.5 10.5 10.5 10.5 11 11 11 11 11 11 11 11 11 
10 10.25 10.3333 10.3333 10.3333 10.3333 10.3333 10.3333 10.3333 10.3333 10.3333 10.3333 10.3333 10 10 10 10 10 10 10 10 10 10 10 10 8 8 8 
10 10 10 10 10 10 9.75 9 9 9 9 9 9 8 8 8 8 8 
10 10 10.25 11 11 11 11 11 11 11 11 11 11 10.5 10 10 10 10 10 10 10 
10 9.75 9.75 9.66667 9.66667 9.66667 9.66667 8.5 8.5 8.5 8.5 8.5 8.5 8.5 8.5 9 9 9 9 9 
10 10 10 10 10 10 10 10 9.75 9.75 9 9 9 9 9 9 9 8.5 8.5 9 9 9 
10 10 10 10 9.33333 9.33333 9.33333 9.33333 9.33333 9.33333 9.33333 9.33333 9.33333 9.33333 9.33333 9.33333 8.5 8.5 8.5 8 8 8 8 8 8 8 8 8 
10 10 10 10.6667 10.6667 10.6667 10.6667 10.6667 10.6667 10.5 10.5 10.5 10.5 10.5 10.5 10.5 10.5 10.5 10.5 9 9 9 9 9 9 9 
10 9.5 9.5 9.5 9.5 9.5 9.5 9.5 9.5 9.33333 9.33333 9.33333 9.33333 9.33333 10 10 10 10 10 10 10 10 11 11 
10 10 10 10 10 9.75 9.75 10.3333 10.3333 10.3333 9.5 9.5 9.5 9.5 9.5 9.5 9.5 9.5 9.5 9.5 9.5 9.5 9.5 10 10 10 10 10 
10 10 10 9.75 9.75 9.75 9.75 9.75 9.75 9.75 9.66667 9.66667 9.66667 9.66667 8.5 8.5 8.5 8.5 8.5 8.5 8.5 8.5 9 9 
10 10 10 10 10.25 10.25 10.25 10.25 10.25 10.25 10.25 10.25 10.25 10 9 9 9 9 8 8 8 8 8 8 8 
10 10 10 10.25 10.25 10.25 10.25 10.25 10.25 10 10 10 10 10 10 10 10 10 10 10 8 8 8 8 8 
10 10 10 10 10 10 10 10.5 10.5 10.5 10.5 10.5 10.5 10.6667 10.6667 10.6667 10.6667 10.6667 10.6667 10.6667 10.6667 10 10 10 9 9 9 
10 10 10 9.75 9.75 9.75 9.75 9.75 9.75 9.75 9.75 9.75 9.75 9.75 9.75 10 10 9 9 9 9 9 9 9 9 9 10 
10 10 10.5 10.6667 10.6667 10.6667 10.6667 10.6667 10.6667 10.6667 10.6667 10.6667 11.5 11.5 11.5 11.5 11.5 11.5 11 11 11 11 11 
10 10 10 9.75 9.66667 9.66667 9.66667 9.66667 9.66667 9.66667 9.66667 9.66667 8.5 8.5 8.5 8.5 8.5 8.5 8.5 8.5 8.5 8.5 9 9 9 9 
10 10 10 10 10 10 10 9.75 9.75 9.75 9.75 9.75 9 9 9 9.5 9.5 9.5 9.5 10 10 10 10 10 10 10 10 10 
10 10 10 10 10 10 10 10 10.6667 10.6667 10.6667 10.6667 10.6667 10.5 10.5 10.5 10.5 12 12 
10 10 10 10 10 9.5 9.5 9.5 9.5 9.5 9.5 9.5 9.5 9.5 9.33333 9.33333 9.5 9.5 9.5 9.5 11 11 11 
10 10 10 10.25 10.25 10.25 10.25 10.25 10.25 10.25 10.25 10.25 9.66667 9.66667 9.66667 9.66667 9.66667 9.66667 9.66667 9.66667 9.66667 9.5 9.5 9.5 8 
10 10 10 10 10 10.25 10.25 10.25 10.25 10 10 10 10 10 10 10 8 8 8 8 8 8 8 8 8 8 8 8 
10 10 10 10 10 10 9.5 9.5 9.33333 9.33333 9.33333 9.33333 9.33333 9.33333 9.33333 9.33333 9.33333 9.33333 9.33333 9.33333 9.33333 8.5 8 8 
10 10 10 10 10 10 9.75 9.75 9.75 9.75 9.75 9.75 9.75 9.75 10.3333 10.3333 10.3333 11 11 11 11 12 12 12 12 12 12 
10 10 10 10 10.3333 10.3333 10.3333 10.3333 10.3333 10.3333 10.3333 10 10 10 10 10 10 10 10 8 8 8 
10 10 10 10 10 10.5 10.5 10.5 10.5 10.5 10.5 10.5 10.6667 11.5 11.5 11 11 11 11 11 11 11 11 
10 10.5 10.5 10.5 10.6667 10.6667 10.6667 10.6667 10.6667 10.6667 10.6667 10.6667 10.6667 10.5 9 9 9 9 9 9 9 9 9 
10 10 10 10 10 10 10 10 10 9.75 9.75 9.75 9.75 10 10 9 9 8 8 8 
10 10 9.66667 9.66667 9.66667 9.66667 9.66667 9.66667 9.66667 9.66667 9.66667 9.66667 9.66667 9.66667 9.66667 9.66667 10 8 8 8 8 8 8 8 8 8 
10 9.75 9.75 9.75 9.75 9.75 9.75 9.75 10.3333 10.3333 10.3333 10.3333 10.3333 9.5 9.5 10 10 10 10 10 10 10 10 10 10 10 10 10 
10 10 10 9.75 9.75 9.75 9.75 9.75 9.75 9 9 9 9 9 9 9 10 10 10 10 10 10 
10 10 10 10 10 10 10 10 10 10 10 10 9.5 9 9.5 10 10 10 10 10 10 10 10 10 
10 10.25 10.25 10.25 10.25 10.25 10.25 10.25 10.25 10.25 10.25 10.25 9.66667 9 8 8 8 8 8 8 8 
10 10 10 10 10 10 10 10 10 10 9.75 9.75 10 10 10 10 11 11 11 11 11 11 11 12 12 
10 10 10.5 10.5 10.5 10.5 10.5 10.5 10.5 10.5 11 11 11 11 11 11 11 11.5 11.5 12 12 12 12 12 12 
10 10 10 10 10 10 10 10.25 10.25 10.25 9.66667 9.66667 9.66667 9.66667 10.5 10.5 10.5 10.5 10.5 10 10 10 10 10 10 10 
10 10 10 10 10 10 10 10 10 10 9.33333 9.33333 9.33333 9.33333 9.33333 9.33333 9.33333 8.5 8.5 8.5 8.5 8.5 8.5 8.5 8.5 9 9 
10 9.75 9.75 9.75 9.66667 9.66667 9.66667 9.66667 9.66667 9.66667 10.5 10.5 10.5 10.5 10.5 10.5 10.5 12 12 12 12 12 12 12 12 12 
10 10 10 10 10.5 10.5 10.3333 10.3333 10.3333 10.3333 10.3333 10.3333 10.3333 10.3333 10.3333 10.3333 10.3333 10.3333 10.3333 10.3333 10.3333 10.5 12 12 12 12 12 
