14 14 14 14 14 14 14.25 14.3333 14.3333 14 16 16 16 16 16 16 16 16 16 16 16 
14 14 14 14.5 14.5 14.5 14.5 14.5 14.5 14.5 14 14 13.5 14 14 
14 13 13 13 13 13 13.5 13.6667 13.6667 13.6667 13.6667 13.6667 13.5 13.5 13.5 13.5 13.5 13.5 13.5 13.5 13.5 15 
14 13.5 14.5 14.5 14.5 14.5 14.5 14.5 14.5 14.5 14.5 14.5 14.3333 14.3333 14.3333 14.3333 14.3333 14.3333 14.3333 14.3333 14.5 14.5 16 16 16 16 16 16 
14 14.5 13.75 13.75 13.75 13.75 13.75 13.75 13.75 13.75 13.75 13.75 13.75 13.75 13.75 13.75 13.75 13.75 13.75 13.75 13.75 13.75 13 13 13 14 
14 14.5 14.5 14 14 14.25 14.25 14.25 14.25 14 14 14 14 14 14 14 14 14 14 14 13 13 13 13 14 14 14 
14 13.5 13.5 13.5 13.6 13.6 13.6 14.25 14.25 14.25 14.25 14.25 14.25 14.25 14.25 14.25 14 14 14 14 14 14 16 16 16 16 16 16 
14 14.5 14.5 14 14 14 14 14 14 14 14 14 14 14 14 14 14.5 14.5 14.5 14.5 14.3333 14.3333 14.3333 14.3333 14.5 16 16 16 
14 13.2 13.2 13.75 13.75 13.75 13.75 13.75 14.3333 14.3333 14.3333 14.3333 14.3333 14.3333 14.3333 14.3333 14.3333 14.3333 14.3333 14.3333 14.3333 14.3333 15 15 14 14 14 
14 14.5 14.8 14.8 14.8 13.6667 13.6667 13.6667 14.5 14.5 14.5 14.5 14.5 15 15 15 15 15 15 15 15 15 15 15 15 15 15 15 
14 13.5 13.5 14 14 14 14 14 14 13.5 13.5 13.5 13.5 13.5 14 14.5 14.5 14.5 14.5 14.5 14.5 14.5 15 15 15 15 15 15 
14 14.5 14.5 14.5 14.5 14.5 14.5 14.5 14.5 13.5 13.5 13.6667 13.6667 13.6667 13.6667 13.6667 13.6667 13.6667 13.5 12 12 12 12 12 
14 14.5 14.5 14.8 15 15 15 13.5 15 15 15 
14 14.5 14.5 14 14 14 14 14 14 14 14 13.6667 13.6667 13.6667 14.5 14.5 14.5 14.5 14.5 14.5 14.5 14.5 14.5 14.5 13 13 13 
14 15 15 15 15 15 14.5 14.5 14.5 14.5 14.5 14.5 14.5 14.5 15 15 15 15 14.5 14.5 14.5 14.5 14.5 15 
14 13.5 13.5 13.5 13.5 13.5 13.6 14.25 14.25 14 14 14 14 14 14 15 16 16 16 16 16 
14 14.5 14.5 14 14 14 14 14 14.5 14.5 14.5 14.5 14.5 14.5 14.5 14.5 15 15 15 15 15 15 15 15.5 15.5 15 15 
14 13.5 13.5 13.5 14.5 14.5 14.5 14.5 14.5 14.5 14.5 14.5 14 14 14 14 14 14 14 14 14 14 14 14 14 15 
14 14.5 14.5 14.5 15 15 14.5 14.5 14.3333 14.3333 14.3333 14.3333 14.3333 14.3333 14.3333 14.3333 14.3333 14.3333 13.5 13.5 13.5 13 
14 13 13 13 13.5 13.5 13.6667 13.6667 13.6667 13.6667 13.6667 13 13 13 13 13 13 13 13 12 12 
14 14.5 14.5 14 14 14 14 14.5 15 15 15 15 15 15 16 
14 14.5 14.5 14 14 14 14.5 14.5 14.5 14.5 14 14 14.5 14.5 14.5 14.5 14.5 14.5 14.5 14.5 14 14 14 14 14 14 14 14 
14 13 13 13 13 13 13 13 13 14.5 14.5 14.5 14.5 14.5 14.5 14.5 14.5 14.5 14.5 14 14 14 14 14 14 
14 13.5 13.5 13.5 14 14 14 14 14 14 14.5 15 15 15 15 15 15 15 15 15 15 15 15 15 15 15 15 16 
14 14.5 14.5 14 14 14 14 13.5 13.5 13.5 13.5 13.5 13.5 13.5 13.5 14 14 14 14 14 14.5 15 
14 14.5 14.5 14 14 14 14 14 14 14 14 14.6667 14.6667 14.6667 14.6667 14.6667 14.6667 14.6667 14.6667 14.6667 14 13 13 13 13 13 13 
14 14.5 14.5 14.5 14.5 14.5 14.5 14.5 14.5 14.5 14.5 14.5 14.4 13.75 13.75 13.75 13.75 14.3333 14.3333 14.5 14.5 13 13 13 13 
14 14.5 14.4 14.4 14.5 14.5 15.3333 15.3333 15.3333 14.5 14.5 14.5 14.5 13 13 13 13 
14 14.5 14.5 14.5 13.75 13.75 13.75 13.75 13 13 13 13 13 12.5 12.5 12.5 12 
14 14 13.5 13.5 14 14 14 14 14 14.5 14.5 14.5 15 15 15 15 15 15 15 15 15 15 15 15 14 14 14 14 
14 13.5 13.5 13.5 13.5 13.5 13.5 13.4 13.4 14.3333 14.3333 14.3333 13.5 13.5 12 12 12 12 12 12 12 12 12 12 12 12 12 
14 14.5 14.5 14.5 14.5 14.5 14.5 14.5 14.5 14.5 13.5 13.5 13.5 13.5 13.5 13.5 13.5 13.5 13.5 14 14 13.5 13.5 14 14 14 14 
14 13.5 14 14 14 14 14 14 14 13.75 13.6667 13.6667 13.6667 13.6667 13.6667 13.6667 13.6667 13.6667 13.6667 13.6667 14.5 14.5 14.5 14.5 14.5 13 13 13 
14 14.6 14.6 15 15 15 15 15 16 16 16 15.5 15.5 15.5 15 15 
14 14.5 14.5 14 14 14 14 14 14 14 14.3333 14.3333 14 12 12 12 12 12 12 
14 14.5 14.5 14.5 14.6 14.6 14.6 13.3333 13.3333 13.3333 14 14 14 14 13 13 13 13 13 13 13 
14 14.8 14.8 14.25 14.25 14.3333 14 14 14 14 14 14 14 14 14 14 14 14 14 12 12 12 12 12 12 12 
14 14.5 14.5 14.6 14.6 14.6 13.3333 13.3333 13.3333 13.3333 13.3333 13.3333 14 14 14 14 14 14 14 14 14 14 13 13 13 13 
14 14.5 14.5 14 14 14 14 14 14 14 13.3333 13.3333 13.3333 13.3333 13.3333 13.3333 13.3333 13.3333 13.3333 13.3333 13.3333 13.3333 13.3333 13.3333 13.3333 13.5 13.5 15 
14 14.5 14.5 14.5 14.5 14.6 15.25 15.25 15.25 15.25 15.25 15.25 15.25 14 14 14 14 14 15 15 15 15 15 
14 14.5 14.4 14.4 14.4 13.75 13.75 13 13 13 13 12.5 13 13 13 13 13 13 13 13 13 13 13 13 13 13 13 
14 15 15 15 15 15 15 14 14 14 14 14 14 14 15 15 15 15 15 15 15 
14 14.5 14.5 14.5 14 14 14 14 14 14 14 14 13.6667 13.6667 13.6667 13.6667 13.6667 13.6667 13.6667 13.6667 14 14 16 16 16 16 16 16 
14 13.2 13.2 14.3333 14.3333 15 15 16 16 16 16 16 16 16 16 
14 14.8 14.8 14.8 14.8 15 15 15 15 15 15 15 15 14 14 14 14 14 14 14 14 16 
14 13.5 14 14 14 14 14 13.6667 13.6667 13.6667 13.6667 13.6667 14.5 14.5 14.5 14.5 14.5 13 13 13 13 13 
14 14.5 14.5 14 14 14 14 14 14 14 14 14 13.6667 12.5 12.5 12 12 12 
14 13.5 13.5 13.5 13.5 13.5 13.5 13.5 14.25 14.25 14 15 15 15 15 15 15 15 15 15 15 15 15 14 14 
14 14.5 14.8 14.8 14.25 14.25 14.25 14 14 14 14 14 14 14 14 16 16 16 16 16 16 
14 14.5 14.5 14.5 13.5 13.5 13.5 13 13 13 13 13 13 13 13 13 13 13 13 14 14 14 14 14 14 14 14 14 
14 14.5 14.5 14.5 14.5 14.5 14 14.5 14.5 14.5 14.5 14.5 14.5 14.5 14.5 14.5 14.5 14.5 14 14 13.5 13.5 13.5 13.5 14 14 
14 14.5 14.5 14.5 13.75 13.75 13.75 13.75 13.75 13.75 13.75 13 13.5 13.5 13.5 13.5 13.5 14 14 14 14 
14 14.5 14.5 14 14 14 14 14 13.5 13.5 13.5 13.5 13.6667 13.6667 13.6667 13.6667 13.6667 13.6667 13.6667 13.6667 13.6667 13.6667 13.6667 13.6667 13.6667 13 13 12 
14 15 15 15 15 15.5 16 15 15 15 15 15 15 15 15 15 15 15 15 
14 14.5 14.6 14 14 14 13.6667 13.6667 13.6667 12.5 12.5 12.5 12.5 12.5 12.5 12.5 12.5 12.5 13 13 13 
14 14.5 14.5 14 14 14 14 14 14 14 14 14 14 14 14.25 14 15 15 15 15 15 15 15 15 15 16 16 16 
14 13.2 13.2 13.75 13 13 13 13.5 13.5 13.5 13.5 13.5 13.5 14 14 14 14 14 14 14 
14 13.2 13.2 13.2 13.2 13.2 12.5 12.5 12.5 12.5 12.5 12.5 12.6667 12.6667 12.6667 12.6667 12.6667 12.6667 13.5 13.5 13.5 13.5 13.5 13 13 
14 14.5 14.5 14 14 14 14.5 14.5 14.6667 14.6667 14.6667 14.6667 14.6667 14.6667 14.6667 15.5 15.5 15 15 15 15 15 15 15 15 
14 14.5 14.5 14 14 14 14 13.5 13.5 13.5 13.5 13.5 14 14 14.5 14 
14 13.5 13.5 13.5 14 14 14 14 14 14 14.3333 14.3333 14.3333 14.3333 14 14 14 16 16 16 16 16 16 16 16 16 16 16 
14 14.5 14 14 13.75 13.75 13.6667 14.5 14.5 14.5 14.5 14.5 14.5 14.5 14.5 14.5 14.5 14.5 14.5 14.5 14.5 13 13 13 13 
14 14.5 14.5 14 14 14 14 14 14 14.25 14.25 14.25 14.25 14.25 14.25 14.25 14.25 14.25 14.3333 14.3333 14.3333 14.3333 14 14 12 12 12 
14 14.5 14.5 14.5 14.5 14.5 14.5 14 14.5 14.5 14.5 14.5 14.5 14.5 14.5 15 15 15 15 14 14 14 14 14 14 14 
14 14.5 14.5 14.5 14.5 14 14 14.5 14.5 14 14 14 14 14 14 14 14 14 14 14 14 14 13.5 13.5 13.5 13.5 13 
14 14.5 14.8 14.8 14 14 15 15 14 14 14 14 14 14 14 14 14 14 14 
14 13.5 13.5 13.5 13.5 13.2 13.2 13.2 13.2 13.2 14 14 13 13 13 13 13 13 14 14 14 14 14 
14 14.5 14.5 14 14 13.3333 13.3333 13.3333 13.3333 13.3333 13.3333 13.3333 13.3333 13.3333 14 14 14 14 14 14 14 14 14 14 14 14 14 15 
14 14.5 14.5 14 14 13.75 13.75 13.75 13 13 13 13 13 13 13 13 13 13 13 13 13 13 13.5 13.5 13.5 13 13 13 
14 14.5 14.5 14.5 14.5 14.5 14.5 14.5 13.5 13 13 13 12 12 12 12 12 12 12 12 12 12 12 12 12 
14 14.5 14.8 15.5 15.5 15.5 15.5 15.5 15.5 15.6667 15 16 16 
14 14.5 14.5 14 13.5 13.5 13.5 13.5 13 13 13 13 13 13 13 13 13 13 13 13 13 13 13 13 13 12 
14 14.5 14.5 14.8 14.8 14.25 14.25 14.25 14.3333 14.3333 14.3333 15.5 15.5 15.5 15.5 15.5 15.5 15.5 15.5 15.5 15 
14 14.5 14.5 15 15 14.5 14.5 14.5 14.5 14.5 14.5 14.5 14.5 15 15 15 15 15 14 14 
14 14.5 15 15 15 14.3333 14.3333 14.3333 14.3333 14.3333 14.3333 14.3333 14.3333 14.3333 14.3333 14.5 14.5 16 16 16 16 16 16 16 16 16 
14 13.5 13.5 14 14 14 14 14 14 13.5 13.5 13.5 13.5 13.5 13.5 13.5 13.5 13.5 13.5 13.5 13.5 13 13 14 14 14 14 
14 14.5 14.5 13.75 13.75 13.75 13.75 13.75 13.75 13.75 14.3333 14.3333 14.3333 14.3333 14.5 14.5 14.5 14.5 14.5 14.5 13 13 13 13 13 13 13 
14 14.5 14.5 14 14 14 14 14 14 14 14.25 14.25 14.25 14.25 14.25 14.25 14.25 14.25 14.3333 14.3333 14.3333 14.3333 15.5 15.5 15.5 15.5 16 
14 14.5 14.5 14 14 14 14 14.25 14.3333 14.3333 14.3333 14.3333 15.5 15.5 15.5 15.5 15.5 15.5 15 15 15 15 15 15 
14 14.5 13.5 13.5 13.5 13.3333 13.3333 12.5 12.5 12.5 12.5 12.5 12.5 12.5 12.5 12.5 12.5 12.5 12.5 12.5 13 13 
14 14.5 14.5 15 15 14.5 14.5 14.5 14.5 14.5 14.5 14.5 14.3333 14.3333 14.3333 14.3333 13.5 13.5 13.5 13 13 
14 14.5 14.5 14 14 14 14 14 14.6667 14.5 14.5 14.5 14.5 14.5 14.5 14.5 14.5 13 
14 14.5 14.5 14.5 13.75 13.75 13.75 13.75 13.75 14.3333 14.3333 14.3333 14.3333 14.3333 14.3333 14.3333 14.3333 14.3333 13.5 13.5 13.5 13.5 13.5 13.5 13.5 13.5 14 14 
14 14.5 14.5 14.5 13.75 13.75 13.75 13.75 13.75 13.75 13.6667 13.6667 12.5 12.5 12.5 13 13 13 13 13 13 13 13 13 13 13 13 13 
14 14.5 14 14 14 14.6667 14.6667 14.6667 14.6667 14.6667 14.6667 14 14 14 14 14 14 14 14 14 13 13 13 13 13 
14 13 12.75 13.3333 13.3333 13.3333 13.3333 13.3333 13.3333 13.3333 12.5 13 13 13 13 13 13 13 13 
14 14.5 14.5 14 14 13.5 13.5 13.5 13.4 13.75 13.75 13.75 13.75 14.6667 14.6667 14 14 14 14 14 14 14 13 
14 14.5 14.5 14 14 14.25 14.25 14.25 13.6667 13.6667 13.6667 13.6667 13.6667 13.6667 13.6667 13.6667 13.6667 14.5 14.5 14.5 14.5 14.5 14.5 14.5 14.5 14 14 14 
14 14.5 14.5 14 14 14 14 13.5 13.5 13.5 13.5 13.5 13.5 13.5 13.5 13.5 14 14 14 14 14 14 15 15 
14 14.5 15 15 15 14.5 15 15 15 15 15 15 15 15 15.5 15.5 15 15 15 15 15 15 15 15 15 15 15 15 
14 14.5 14.5 14.5 14.6 14 14 14 14 14.6667 14.6667 14.6667 14.6667 14.6667 14.6667 14.6667 14.5 14.5 14.5 14.5 14.5 14.5 14.5 14.5 14.5 16 16 
14 14.5 14.5 15 15 14 13.5 13.5 13.5 13.5 13.5 13.5 13.5 13.5 13 13 13 13 13 13 13 13 13 13 
14 13.5 13.5 13.2 13.2 13.2 13.75 13.75 14.3333 14.3333 13.5 13.5 13.5 13.5 13.5 13 13 13 13 13 13 13 13 13 13 13 
14 13 13 13 13.5 13.5 13.3333 14 14 14 14 14 14 14 14 14 13 13 13 13 
14 15 14 14 14 14 14 14 14 14.5 14.5 14.5 14.5 14.5 14 14 14 14 
14 14.5 14.5 14 14 13.75 13.6667 13.6667 13.6667 13.6667 13.6667 13.6667 13.6667 13.6667 13.6667 13.6667 13.6667 12.5 12.5 13 
14 14.5 13.5 13.5 13.5 13.5 13.5 13.5 13.5 13.5 13.5 13.5 13.5 13.5 13.5 13.5 13.5 13.5 13.5 13.5 13 13 12.5 12.5 12.5 12.5 12 
14 14.5 14.5 14 14 14 14 13.75 13.75 13.75 13.6667 13.6667 13.6667 14.5 13 13 13 13 
14 14.5 14.5 14.8 14.25 14.25 13.6667 13.6667 13.6667 13.6667 13.6667 13.5 13.5 13.5 13.5 13.5 13.5 13.5 13.5 13.5 13.5 13.5 13.5 13.5 13.5 12 
14 14.5 13.75 13.75 13.75 13.75 13.75 14 14 14 14 13 13 13 13 13 13 13 13 13 14 14 14 
