0 0 0 0 0 0 0 0 0 0 0 0 0 1 1 2 3 4 4 10 9 18 200 
0 0 0 0 0 0 0 0 0 0 0 0 0 0 0 0 0 0 1 2 17 24 91 200 
0 0 0 0 0 0 0 0 0 0 0 0 0 0 1 2 1 1 1 3 6 11 13 78 200 
0 0 0 0 0 0 0 0 0 0 0 0 0 0 0 0 1 1 6 7 12 200 
0 0 0 0 0 0 0 0 0 0 0 0 0 0 0 0 4 7 14 28 200 
0 0 0 0 0 0 0 0 0 0 0 0 0 0 0 1 2 3 3 8 47 200 
0 0 0 0 0 0 0 0 0 0 0 0 0 0 0 0 0 0 0 1 5 17 36 200 
0 0 0 0 0 0 0 0 0 0 0 0 0 0 0 0 0 2 13 200 
0 0 0 0 0 0 0 0 0 0 0 0 0 0 0 0 2 5 8 14 200 
0 0 0 0 0 0 0 0 0 0 0 0 0 0 0 0 1 3 4 17 200 
0 0 0 0 0 0 0 0 0 0 0 0 0 0 1 5 12 8 58 200 
0 0 0 0 0 0 0 0 0 0 0 0 0 0 0 0 0 1 2 8 200 
0 0 0 0 0 0 0 0 0 0 0 0 0 0 0 0 3 9 22 46 145 200 
0 0 0 0 0 0 0 0 0 0 0 0 0 0 0 1 1 1 5 7 200 
0 0 0 0 0 0 0 0 0 0 0 0 0 0 0 0 1 2 2 4 8 10 17 200 
0 0 0 0 0 0 0 0 0 0 0 0 0 0 0 0 0 1 7 11 200 
0 0 0 0 0 0 0 0 0 0 0 0 1 1 3 3 3 5 7 9 28 39 200 
0 0 0 0 0 0 0 0 0 0 0 0 0 0 0 0 2 3 2 4 11 24 200 
0 0 0 0 0 0 0 0 0 0 0 0 0 0 0 0 1 13 9 11 18 200 
0 0 0 0 0 0 0 0 0 0 0 0 0 0 0 1 4 6 3 9 200 
0 0 0 0 0 0 0 0 0 0 0 0 0 0 0 0 1 4 200 
0 0 0 0 0 0 0 0 0 0 0 0 0 1 2 9 6 29 147 200 
0 0 0 0 0 0 0 0 0 0 0 0 0 0 0 0 0 0 1 1 7 13 77 200 
0 0 0 0 0 0 0 0 0 0 0 0 0 0 0 2 4 7 10 200 
0 0 0 0 0 0 0 0 0 0 0 0 0 0 0 0 1 3 4 9 17 29 200 
0 0 0 0 0 0 0 0 0 0 0 0 0 0 0 0 0 0 0 1 3 9 200 
0 0 0 0 0 0 0 0 0 0 0 0 0 2 2 2 6 6 6 13 26 200 
0 0 0 0 0 0 0 0 0 0 0 0 0 0 0 0 0 1 3 8 200 
0 0 0 0 0 0 0 0 0 0 0 0 0 0 0 1 6 9 17 20 200 
0 0 0 0 0 0 0 0 0 0 0 0 0 0 0 0 0 3 2 3 200 
0 0 0 0 0 0 0 0 0 0 0 0 0 0 0 0 0 0 1 10 200 
0 0 0 0 0 0 0 0 0 0 0 0 0 0 0 0 2 2 4 8 14 24 47 200 
0 0 0 0 0 0 0 0 0 0 0 0 0 0 2 1 9 14 16 47 200 
