0 0 0 0 0 0 0 6 4 36 
0 0 0 0 0 0 0 2 30 22 
0 0 0 0 0 0 0 1 23 1 
0 0 0 0 0 0 6 12 24 34 
0 0 0 0 0 0 100 
0 0 0 0 0 0 0 1 17 100 
0 0 0 0 0 0 0 2 1 37 
0 0 0 0 0 0 0 9 32 12 
0 0 0 0 0 0 1 11 11 15 
0 0 0 0 0 0 0 1 29 3 
0 0 0 0 0 0 0 1 15 22 
0 0 0 0 0 0 0 1 14 18 
0 0 0 0 0 0 1 8 27 26 
0 0 0 0 0 0 0 13 9 2 
0 0 0 0 0 0 0 1 2 4 
0 0 0 0 0 0 0 3 12 1 
0 0 0 0 0 0 6 2 11 46 
0 0 0 0 0 0 100 
0 0 0 0 0 0 1 11 10 12 
0 0 0 0 0 0 0 10 5 13 
0 0 0 0 0 0 0 5 3 36 
0 0 0 0 0 0 4 12 9 100 
0 0 0 0 0 0 7 8 18 1 
0 0 0 0 0 0 3 11 8 46 
0 0 0 0 0 100 
0 0 0 0 0 0 0 4 11 8 
0 0 0 0 0 0 0 1 17 100 
0 0 0 0 0 0 1 7 15 14 
0 0 0 0 0 0 0 4 23 100 
0 0 0 0 0 0 1 7 1 24 
0 0 0 0 0 0 1 12 7 33 
0 0 0 0 0 0 0 3 10 40 
0 0 0 0 0 0 0 8 4 35 
0 0 0 0 0 0 0 4 16 38 
0 0 0 0 0 0 0 2 25 3 
0 0 0 0 0 0 0 1 20 17 
0 0 0 0 0 0 3 22 5 15 
0 0 0 0 0 0 0 12 9 100 
0 0 0 0 0 0 1 11 20 25 
0 0 0 0 0 0 1 4 20 27 
0 0 0 0 0 0 0 1 22 29 
0 0 0 0 0 0 0 5 0 6 
0 0 0 0 0 0 5 11 8 41 
0 0 0 0 0 0 0 2 20 100 
0 0 0 0 0 0 0 7 5 39 
0 0 0 0 0 0 3 23 15 30 
0 0 0 0 0 0 1 14 24 34 
0 0 0 0 0 0 1 3 1 33 
0 0 0 0 0 0 2 8 8 100 
0 0 0 0 0 0 100 
0 0 0 0 0 0 1 3 6 23 
0 0 0 0 0 0 0 6 16 26 
0 0 0 0 0 0 0 1 17 29 
0 0 0 0 0 0 3 12 13 44 
0 0 0 0 0 0 1 100 
0 0 0 0 0 0 1 10 17 51 
0 0 0 0 0 0 1 6 12 19 
0 0 0 0 0 0 1 1 7 24 
0 0 0 0 0 0 1 22 13 13 
0 0 0 0 0 0 0 1 1 3 
0 0 0 0 0 0 0 8 26 12 
0 0 0 0 0 0 1 7 17 12 
0 0 0 0 0 0 0 6 10 16 
0 0 0 0 0 0 0 1 14 50 
0 0 0 0 0 0 0 8 6 100 
0 0 0 0 0 0 2 9 13 41 
0 0 0 0 0 0 0 0 12 24 
0 0 0 0 0 0 100 
0 0 0 0 0 0 14 18 1 100 
0 0 0 0 0 0 1 7 11 4 
0 0 0 0 0 0 4 9 25 9 
0 0 0 0 0 0 100 
0 0 0 0 0 0 0 100 
