0 0 0 0 0 0 0 0 3 0 1 1 1 1 2 0 
0 0 0 0 0 50 
0 0 0 0 0 0 0 0 1 3 2 1 50 
0 0 0 0 0 0 0 0 0 50 
0 0 0 0 0 0 0 0 1 50 
0 0 0 0 0 0 0 0 50 
0 0 0 0 0 0 0 1 50 
0 0 0 0 0 0 0 0 0 50 
0 0 0 0 0 0 0 0 0 2 3 3 50 
0 0 0 0 0 0 0 0 2 50 
0 0 0 0 0 0 0 0 0 3 3 50 
0 0 0 0 0 0 0 0 1 50 
0 0 0 0 0 0 0 0 2 3 3 50 
0 0 0 0 0 0 0 0 0 1 3 5 50 
0 0 0 0 0 0 0 50 
0 0 0 0 0 0 0 1 0 50 
0 0 0 0 0 0 0 0 0 50 
0 0 0 0 0 0 0 0 0 0 2 6 2 50 
0 0 0 0 0 0 0 0 50 
0 0 0 0 0 0 50 
0 0 0 0 0 0 50 
0 0 0 0 0 0 0 1 0 4 1 50 
0 0 0 0 0 0 0 0 0 3 3 4 5 3 50 
0 0 0 0 0 0 0 1 50 
0 0 0 0 0 0 0 0 50 
0 0 0 0 0 0 0 0 3 0 3 50 
0 0 0 0 0 0 0 0 1 50 
0 0 0 0 0 0 0 0 2 0 2 5 5 50 
0 0 0 0 0 0 1 50 
0 0 0 0 0 0 0 0 2 1 0 50 
0 0 0 0 0 0 0 50 
0 0 0 0 0 0 0 1 50 
0 0 0 0 0 0 0 0 0 50 
0 0 0 0 0 0 50 
0 0 0 0 0 0 0 0 1 2 3 3 50 
0 0 0 0 0 0 0 0 0 3 4 50 
0 0 0 0 0 0 0 0 1 4 1 50 
0 0 0 0 0 0 50 
0 0 0 0 0 0 0 0 0 1 1 8 6 50 
0 0 0 0 0 0 1 0 1 50 
0 0 0 0 0 0 0 0 50 
0 0 0 0 0 0 0 50 
0 0 0 0 0 0 0 0 50 
0 0 0 0 0 0 0 0 3 1 1 3 3 50 
0 0 0 0 0 0 0 50 
0 0 0 0 0 0 0 50 
0 0 0 0 0 1 0 0 50 
0 0 0 0 0 0 0 0 0 4 3 3 4 50 
0 0 0 0 0 0 0 0 50 
0 0 0 0 0 0 0 0 1 1 50 
0 0 0 0 0 0 0 50 
0 0 0 0 0 0 0 50 
0 0 0 0 0 0 0 0 0 1 5 3 3 50 
0 0 0 0 0 0 1 50 
0 0 0 0 0 50 
0 0 0 0 1 0 0 0 1 50 
0 0 0 0 0 0 0 0 0 50 
0 0 0 0 0 0 0 0 0 50 
0 0 0 0 0 0 0 50 
0 0 0 0 0 0 0 0 1 3 50 
0 0 0 0 0 0 0 0 1 0 0 50 
0 0 0 0 0 0 1 1 50 
0 0 0 0 0 0 0 0 1 0 3 50 
0 0 0 0 0 0 0 0 0 1 50 
0 0 0 0 0 0 0 0 0 1 0 50 
0 0 0 0 0 0 0 0 0 0 50 
0 0 0 0 0 0 1 0 50 
0 0 0 0 0 0 0 0 3 1 4 5 50 
0 0 0 0 0 0 0 0 0 2 50 
0 0 0 0 0 0 0 0 1 3 6 50 
0 0 0 0 0 0 0 0 2 50 
0 0 0 0 0 0 0 0 0 2 2 50 
0 0 0 0 0 0 0 0 0 50 
0 0 0 0 0 0 1 0 2 1 3 3 50 
0 0 0 0 0 0 0 0 1 1 50 
0 0 0 0 0 0 0 0 1 3 50 
0 0 0 0 0 0 0 0 1 1 50 
0 0 0 0 0 0 0 0 1 2 3 50 
0 0 0 0 0 50 
0 0 0 0 0 0 50 
0 0 0 0 0 0 0 0 3 1 2 4 1 50 
0 0 0 0 0 0 0 50 
