0 0 0 0 0 0 0 0 1 2 200 
0 0 0 0 0 0 0 0 200 
0 0 0 0 0 0 0 200 
0 0 0 0 0 0 0 0 1 1 3 200 
0 0 0 0 0 0 0 0 2 1 1 2 200 
0 0 0 0 0 0 0 200 
0 0 0 0 0 0 0 0 0 1 1 200 
0 0 0 0 0 0 0 0 0 1 200 
0 0 0 0 0 0 0 1 0 2 2 200 
0 0 0 0 0 0 0 0 0 1 5 200 
0 0 0 0 0 0 0 0 1 0 5 200 
0 0 0 0 0 0 0 2 1 2 200 
0 0 0 0 0 0 200 
0 0 0 0 0 0 0 0 0 0 5 200 
0 0 0 0 0 0 0 0 0 0 3 200 
0 0 0 0 0 0 0 2 0 2 200 
0 0 0 0 0 0 0 0 0 200 
0 0 0 0 0 0 0 0 200 
0 0 0 0 0 0 0 0 1 1 200 
0 0 0 0 0 0 0 0 200 
0 0 0 0 0 0 0 1 200 
0 0 0 0 0 0 0 1 2 1 200 
0 0 0 0 0 0 0 0 1 200 
0 0 0 0 0 0 0 0 0 1 200 
0 0 0 0 0 0 0 0 200 
0 0 0 0 0 0 0 1 200 
0 0 0 0 0 0 0 200 
0 0 0 0 0 0 0 200 
0 0 0 0 0 0 0 1 0 2 200 
