0 0 0 1 1 1 1 2 3 13 
0 0 0 1 1 1 2 1 4 50 
0 0 1 1 1 1 1 3 2 10 
0 0 0 1 1 1 1 1 4 50 
0 0 1 1 0 1 1 2 2 50 
0 0 0 1 1 1 2 3 3 50 
0 0 0 2 1 1 1 1 4 10 
0 1 1 2 1 1 1 2 2 37 
0 0 0 1 2 1 1 2 4 50 
0 0 0 1 1 1 1 3 3 50 
0 0 0 1 1 1 1 3 3 50 
0 0 1 1 1 2 1 1 5 14 
0 0 1 1 1 1 1 2 3 50 
0 0 0 1 2 1 1 1 2 8 
0 0 0 2 1 1 0 2 2 11 
0 0 0 0 1 0 1 1 3 14 
0 0 0 1 1 2 1 3 7 50 
0 0 0 0 1 1 1 3 7 50 
0 0 0 0 1 1 1 2 3 50 
0 0 1 2 1 1 1 2 4 6 
0 0 0 1 1 1 1 2 2 50 
0 0 1 1 1 0 1 3 4 50 
0 0 1 1 0 1 1 3 3 44 
0 0 0 1 1 1 1 1 5 50 
0 0 1 0 2 1 1 2 3 11 
0 0 0 1 1 2 1 1 3 12 
0 0 1 0 1 1 2 2 6 11 
0 0 1 1 1 1 0 2 4 24 
0 0 0 0 1 1 1 2 4 8 
0 0 0 2 1 1 1 2 3 26 
0 0 1 1 1 1 1 4 4 18 
0 0 1 1 1 1 1 1 3 8 
0 0 0 2 1 1 1 2 5 50 
0 0 1 1 0 1 2 4 4 50 
0 0 0 2 1 1 1 3 7 50 
0 0 0 1 0 1 2 1 7 9 
0 0 1 1 0 1 2 3 4 50 
0 0 0 2 1 1 1 1 2 11 
0 0 0 1 0 2 1 2 5 50 
0 0 1 1 1 1 1 1 5 46 
0 0 1 2 1 1 1 2 3 8 
0 0 0 0 1 1 3 2 4 50 
0 0 1 0 1 2 1 2 4 15 
0 1 0 0 1 1 1 2 4 50 
0 0 0 1 1 1 1 2 3 50 
0 0 0 1 1 1 1 2 2 13 
0 0 0 1 1 2 0 2 4 50 
0 0 0 1 1 1 1 2 6 50 
0 0 0 1 1 1 1 1 5 50 
0 0 0 1 1 0 1 3 4 34 
0 0 0 1 1 1 1 1 3 8 
0 0 0 1 3 1 1 1 3 50 
0 0 1 0 0 1 3 2 5 49 
0 0 0 1 1 1 2 2 7 50 
0 0 0 1 1 1 1 1 3 11 
0 0 1 0 1 1 4 1 5 14 
0 0 0 1 1 3 1 2 3 8 
0 0 0 1 1 1 1 1 5 8 
0 0 0 1 2 1 1 1 3 7 
0 0 0 1 1 1 1 3 4 50 
0 0 1 2 1 1 1 2 5 19 
0 0 0 1 1 1 1 1 2 8 
0 0 1 1 1 1 0 2 37 43 
0 0 0 1 1 1 3 2 5 50 
0 0 1 1 1 1 2 3 3 35 
0 0 0 1 1 1 2 2 4 45 
0 0 1 0 1 1 3 1 4 50 
0 0 1 0 1 1 1 3 2 10 
0 0 1 1 0 1 2 3 6 17 
0 0 0 0 1 1 2 1 3 50 
0 0 1 1 1 1 1 1 2 7 
0 0 0 1 1 2 2 2 4 50 
0 0 1 1 1 1 1 4 8 18 
0 0 0 0 1 1 1 3 6 50 
0 0 0 1 1 1 1 3 4 14 
0 1 0 1 1 1 1 1 3 14 
0 0 0 0 1 2 1 2 3 10 
0 0 0 1 1 1 1 5 1 14 
0 0 0 0 1 1 1 2 5 21 
