0 0 0 0 0 0 0 0 0 2 50 
0 0 1 1 0 0 0 0 0 50 
0 0 0 0 0 0 0 0 0 0 1 4 50 
0 0 0 0 0 0 0 0 1 0 2 50 
0 1 0 0 0 0 0 0 0 0 1 50 
0 0 0 0 0 0 0 0 2 2 3 50 
0 0 0 0 0 0 0 0 0 1 1 50 
0 0 0 0 0 0 0 0 0 0 2 50 
0 0 0 0 0 0 0 0 0 2 12 5 50 
0 0 0 0 0 0 0 0 0 4 50 
0 0 0 0 0 0 0 0 0 1 50 
0 0 0 0 0 0 0 0 0 1 50 
0 0 0 0 0 0 0 0 1 1 45 50 
0 0 0 0 0 0 0 0 0 1 7 50 
0 0 0 0 0 0 0 0 1 0 0 4 50 
0 0 0 0 0 0 0 0 0 2 3 50 
0 0 0 0 0 0 0 0 0 1 3 50 
0 0 0 0 0 0 0 0 0 0 4 50 
0 0 0 0 0 0 0 0 1 1 1 50 
0 0 0 0 0 0 0 50 
0 0 0 0 0 0 0 0 0 3 50 
0 0 0 0 0 0 0 0 0 1 50 
0 0 0 0 0 0 0 0 1 1 50 
0 0 0 0 0 0 0 0 1 1 50 
0 0 0 0 0 0 0 0 0 0 2 50 
0 0 0 0 0 0 0 1 0 1 1 7 50 
0 0 0 0 0 0 0 0 0 1 1 3 50 
0 0 0 0 0 0 0 1 0 1 50 
0 0 0 0 0 0 0 0 0 2 2 50 
0 0 0 0 0 0 0 0 1 0 1 43 50 
0 0 0 0 0 0 0 0 0 3 50 
0 0 50 
0 0 0 0 0 0 0 0 0 2 4 50 
0 0 0 0 0 0 0 0 1 0 1 2 50 
0 0 0 0 0 0 0 0 0 1 1 1 50 
