0 0 0 0 0 0 0 0 0 1 20 
0 0 0 0 0 0 0 0 0 1 20 
0 0 0 0 0 0 0 0 0 1 20 
0 0 0 0 0 0 0 0 0 0 3 20 
0 0 0 0 0 0 0 0 0 3 20 
0 0 0 0 0 0 0 0 1 20 
0 0 0 0 0 0 0 0 0 0 1 1 20 
0 0 0 0 0 0 0 0 1 1 2 20 
0 0 0 0 0 0 0 0 0 1 4 20 
0 0 0 0 0 0 0 0 0 1 1 11 20 
0 0 0 0 0 0 0 0 0 0 1 20 
0 0 0 0 0 0 0 0 0 1 20 
0 0 0 0 0 0 0 0 0 1 1 20 
0 1 0 0 0 0 0 0 1 0 20 
0 0 0 0 0 0 0 0 0 0 2 20 
0 0 0 0 0 0 0 0 0 1 20 
0 0 0 0 0 0 0 0 0 0 0 1 20 
0 0 0 0 0 0 0 1 0 1 1 20 
0 0 0 0 0 0 0 0 1 0 1 20 
0 0 0 0 0 0 0 0 0 0 0 6 20 
0 0 0 0 0 0 0 0 1 0 20 
0 0 0 0 0 0 0 0 0 0 1 5 20 
