0 0 0 0 0 0 0 1 0 1 10 
0 0 0 0 0 0 0 0 0 1 1 10 
0 0 0 0 0 0 0 0 0 0 1 1 10 
0 0 0 0 0 0 0 0 0 0 0 3 10 
0 0 0 0 0 0 0 0 1 1 10 
0 0 0 0 0 0 0 0 0 1 10 
0 0 0 0 0 0 0 0 0 1 1 10 
0 0 0 0 0 0 0 0 1 1 10 
0 0 0 0 0 0 0 0 1 1 10 
0 0 0 0 0 0 0 0 1 1 10 
0 0 0 0 0 0 0 0 1 0 1 10 
0 0 0 0 0 0 0 0 1 1 1 10 
0 0 0 0 0 0 0 0 1 0 1 10 
0 0 0 0 0 0 0 0 0 1 1 10 
0 0 0 0 0 0 0 0 0 1 10 
0 0 0 0 0 0 0 0 0 0 1 8 10 
0 0 0 0 0 0 0 0 1 0 1 10 
0 0 0 0 0 0 0 0 0 1 8 10 
0 0 0 0 0 0 0 0 0 1 4 10 
0 0 0 0 0 0 0 0 0 1 0 10 
0 0 0 0 0 0 0 0 0 0 0 10 
0 0 0 0 0 0 0 0 0 1 0 2 10 
0 0 0 0 0 0 0 0 0 1 2 10 
0 0 0 0 0 0 0 0 1 0 1 10 
0 0 0 0 0 0 0 0 0 0 3 10 
0 0 0 10 
0 0 0 0 0 0 0 0 0 1 1 1 10 
0 0 0 0 0 0 0 2 3 10 
0 0 0 0 0 0 0 0 1 1 1 10 
0 0 0 0 0 0 0 1 0 1 10 
0 0 0 0 0 0 0 0 0 1 1 1 10 
0 0 0 0 0 0 0 0 1 0 1 3 10 
0 0 0 0 0 0 0 0 1 1 1 10 
0 0 0 0 0 0 0 0 0 1 0 4 10 
0 0 0 0 0 0 0 0 0 1 1 3 10 
0 0 0 0 0 0 0 0 1 1 10 
