0 0 0 1 1 1 1 1 2 2 2 3 6 9 73 
0 0 0 0 1 1 1 1 2 2 3 4 7 11 53 
0 0 0 0 0 1 1 1 1 2 2 3 4 13 54 
0 0 1 1 1 1 1 1 2 2 3 4 7 14 45 
0 0 0 0 1 1 1 2 2 3 3 6 8 15 55 
0 0 0 0 0 1 1 1 1 2 2 4 5 13 37 
0 0 0 0 0 1 1 1 2 2 3 5 6 21 42 
0 0 0 1 1 1 1 2 2 3 3 4 8 17 60 
0 0 0 1 1 1 1 1 2 2 3 3 6 17 56 
0 0 0 0 0 0 1 1 1 1 1 3 5 15 64 
0 0 0 1 1 1 1 2 2 2 2 4 8 21 69 
0 0 0 0 0 1 1 1 1 2 2 3 4 8 64 
0 0 0 0 0 0 1 1 1 2 3 4 5 9 56  
0 0 0 0 0 1 1 1 1 2 2 4 8 16 57 
0 0 0 1 1 1 1 1 1 2 3 5 9 26 56  
0 0 1 1 1 1 1 2 2 2 3 5 10 14 34 
0 0 0 1 1 1 1 1 1 2 3 4 6 23 67 
0 0 1 1 1 1 1 1 2 2 3 5 8 21 67 
0 0 0 0 0 1 1 1 1 2 2 4 4 17 56 
0 0 0 0 1 1 1 1 2 2 4 4 6 15 32 
0 0 0 0 0 0 1 1 1 1 2 2 5 15 41 
