0 0 1 1 1 1 1 2 2 6 
0 0 0 1 1 1 2 2 4 10 
0 0 0 1 1 1 1 2 4 5 
0 0 0 1 1 1 1 2 2 4 
0 0 1 1 1 1 1 2 3 8 
0 0 0 0 1 1 1 2 5 12 
0 0 1 1 1 1 1 2 2 8 
0 0 0 0 1 1 1 1 2 8 
0 0 0 1 1 1 1 2 3 7 
0 0 0 1 1 1 1 2 2 5 
0 0 0 1 1 1 1 2 2 6 
0 0 0 0 1 1 1 1 2 7 
0 0 0 1 1 1 1 2 3 7 
0 0 0 1 1 1 1 2 3 6 
0 0 1 1 1 1 1 2 4 7 
0 0 0 0 1 1 1 2 3 8 
0 0 0 1 1 1 1 2 2 7 
0 0 1 1 1 1 2 2 5 9 
0 0 0 0 1 1 1 1 3 9 
0 0 0 1 1 1 1 2 2 4 
0 0 1 1 1 1 1 2 3 11 
0 0 0 1 1 1 1 2 3 6 
0 0 0 1 1 1 1 2 3 7 
0 0 1 1 1 1 1 2 4 10 
0 0 1 1 1 1 1 3 5 9 
0 0 1 1 1 1 1 2 2 4 
0 0 0 0 1 1 1 1 4 7 
0 0 0 1 1 1 1 2 3 7 
0 0 0 0 1 1 1 2 3 9 
0 0 0 0 1 1 1 1 2 5 
0 0 0 0 1 1 1 2 3 6 
0 0 0 1 1 1 2 2 3 12 
0 0 1 1 1 1 1 2 3 7 
0 0 1 1 1 1 1 2 4 10 
0 0 1 1 1 1 1 2 3 8 
0 0 1 1 1 1 2 2 5 6 
0 0 0 1 1 1 1 1 2 9 
0 0 0 1 1 1 1 2 4 14 
0 1 1 1 1 1 1 2 3 5 
0 0 0 1 1 1 2 2 3 8 
0 0 0 1 1 1 1 2 3 5 
0 0 0 1 1 1 1 2 3 6 
0 0 1 1 1 1 1 2 2 5 
0 0 1 1 1 1 1 2 2 4 
0 0 1 1 1 1 1 2 3 5 
0 0 1 1 1 1 1 2 4 8 
0 0 0 1 1 1 2 2 5 10 
0 0 0 1 1 1 2 2 3 6 
0 0 0 1 1 1 2 2 3 7 
0 0 0 0 1 1 1 2 4 8 
0 0 0 0 1 1 1 1 3 6 
0 0 1 1 1 1 1 2 2 6 
0 0 0 1 1 1 1 2 2 8 
0 0 0 1 1 1 1 2 3 8 
0 0 0 1 1 1 1 2 3 11 
0 0 1 1 1 1 1 2 3 8 
0 0 0 1 1 1 1 2 3 6 
0 0 0 0 1 1 1 2 2 5 
0 0 0 1 1 1 1 2 4 13 
0 0 0 1 1 1 1 2 3 7 
0 0 1 1 1 1 1 1 3 9 
0 0 0 0 1 1 1 2 4 9 
0 0 0 0 1 1 1 2 3 4 
0 0 1 1 1 1 1 1 3 13 
0 0 0 0 1 1 1 2 3 8 
0 0 0 1 1 1 2 3 4 7 
0 0 1 1 1 1 1 2 3 6 
0 0 1 1 1 1 2 2 5 10 
0 0 0 0 1 1 1 2 3 4 
0 0 0 1 1 1 1 2 2 9 
0 0 1 1 1 1 1 2 4 9 
0 0 0 0 1 1 1 2 3 9 
0 1 1 1 1 1 1 2 4 8 
0 0 0 1 1 1 1 2 4 7 
0 0 0 1 1 1 1 2 3 7 
0 0 0 1 1 1 1 2 3 5 
0 0 0 1 1 1 2 2 3 10 
0 0 1 1 1 1 1 2 2 6 
0 0 0 1 1 1 1 2 3 10 
0 0 0 1 1 1 1 2 3 7 
0 0 0 1 1 1 1 1 2 4 
0 0 0 1 1 1 1 2 3 7 
0 0 0 1 1 1 1 2 3 9 
0 0 0 0 1 1 1 2 3 8 
0 0 1 1 1 1 1 2 3 5 
0 0 0 1 1 1 1 2 2 4 
0 0 0 0 1 1 1 2 3 6 
0 0 0 0 1 1 1 2 3 7 
0 0 0 0 1 1 1 2 3 8 
0 0 0 1 1 1 1 2 2 7 
0 0 0 1 1 1 1 2 3 7 
0 0 0 1 1 1 1 3 3 11 
0 0 0 0 1 1 1 1 3 10 
0 0 0 0 1 1 1 2 4 7 
