0.844405 0.944587 0.980588 0.944601 0.843993 0.691324 0.511199 0.33544 0.194067 0.101792 0.0530952 0.032644 0.0234706 0.0216088 0.0198492 0.021108 0.021149 0.0194123 0.0211723 0.0222316 0.023322 0.0306813 0.0531972 0.102182 0.194864 0.335703 0.510864 0.69153 
0.194936 0.336026 0.510926 0.692511 0.843499 0.945219 0.980566 0.945451 0.845205 0.691967 0.510888 0.336103 0.194987 0.101943 0.0529867 0.0313029 0.023378 0.0208201 0.0206076 0.0194342 0.0195257 0.020181 0.0212299 0.0209045 0.0237484 0.0301845 0.0536758 0.101904 
0.0232326 0.0302288 0.0523984 0.101592 0.194031 0.336121 0.510747 0.69017 0.843413 0.945154 0.980574 0.945617 0.84382 0.691636 0.511238 0.334083 0.195748 0.101784 0.0534241 0.0316504 0.0230806 0.0205962 0.0203398 0.0194823 0.0198222 0.0199087 0.0194255 0.0208265 
0.01972 0.0198165 0.019734 0.0200124 0.0211493 0.0298473 0.0516891 0.102064 0.19497 0.335764 0.510595 0.691385 0.84442 0.945901 0.980545 0.945336 0.845135 0.691495 0.511141 0.335277 0.193393 0.101761 0.0518318 0.0298529 0.0231122 0.0198203 0.019455 0.0204371 
0.0233445 0.0212731 0.0219951 0.019436 0.020126 0.020513 0.0205732 0.020801 0.0239505 0.0313629 0.0532337 0.102074 0.194566 0.336293 0.511713 0.691993 0.844665 0.944577 0.980564 0.945992 0.844557 0.69217 0.51174 0.336022 0.195732 0.101887 0.0522204 0.0310708 
0.194989 0.102234 0.0531156 0.0317023 0.0238336 0.0213942 0.0194499 0.0198045 0.0195386 0.0204225 0.0195613 0.0213298 0.0243985 0.032055 0.052257 0.10161 0.194173 0.335751 0.511865 0.693252 0.846747 0.946974 0.98055 0.946292 0.845549 0.691681 0.512258 0.336973 
0.845048 0.690853 0.511742 0.335657 0.195059 0.102039 0.0532594 0.0306418 0.0225631 0.0213659 0.0200858 0.0208143 0.0200244 0.0194265 0.0199772 0.0215949 0.023331 0.0311149 0.0526946 0.102262 0.195797 0.335744 0.511687 0.691152 0.844696 0.945472 0.980573 0.945713 
0.844574 0.945497 0.980572 0.945535 0.844054 0.69191 0.510654 0.334981 0.19483 0.102247 0.0521409 0.0304179 0.0233089 0.0210898 0.0204382 0.0204392 0.0194276 0.0206105 0.0208677 0.0208259 0.0228126 0.0315099 0.0522299 0.102051 0.193944 0.336224 0.510638 0.691236 
0.195668 0.33519 0.51137 0.692046 0.844607 0.945887 0.98055 0.946005 0.844404 0.692255 0.511156 0.33536 0.195009 0.10355 0.0520805 0.0311133 0.0239553 0.0203202 0.0205667 0.0198383 0.0194503 0.0195079 0.0197569 0.0211233 0.0234662 0.0300475 0.0523329 0.101978 
0.024469 0.0309286 0.051544 0.10185 0.194336 0.336223 0.511907 0.69193 0.844516 0.946163 0.980548 0.945908 0.845186 0.692254 0.511507 0.336073 0.195116 0.101472 0.052572 0.0304092 0.023596 0.0209882 0.0197608 0.0198763 0.0194521 0.0206682 0.0197345 0.0207719 
0.0200606 0.0203551 0.0199424 0.0204299 0.0219233 0.030249 0.0517274 0.102968 0.194309 0.335775 0.510717 0.691135 0.844193 0.945391 0.980548 0.945524 0.844871 0.6917 0.511268 0.335281 0.195007 0.101444 0.0531672 0.0306337 0.0225082 0.0201863 0.0196086 0.0194521 
0.0241532 0.0207051 0.0195042 0.0195395 0.0198633 0.0194429 0.0204073 0.0199619 0.0235161 0.0304832 0.0521964 0.10181 0.194659 0.335565 0.511151 0.691523 0.8444 0.946111 0.980557 0.945778 0.843953 0.692107 0.511135 0.334787 0.195116 0.102451 0.0516818 0.0310805 
0.195908 0.102923 0.0524455 0.0305468 0.0227703 0.0214164 0.0197787 0.0199759 0.0194423 0.0207756 0.0206344 0.0207119 0.0233527 0.0299115 0.0526151 0.10239 0.194981 0.335822 0.511079 0.692481 0.843836 0.945566 0.980558 0.946519 0.846065 0.691717 0.512243 0.335823 
0.845933 0.693143 0.511845 0.336556 0.195071 0.103264 0.0528747 0.0307648 0.0246339 0.0216196 0.0204999 0.0198648 0.021267 0.0194423 0.0202553 0.0211861 0.0244534 0.0319816 0.0532065 0.102188 0.194865 0.335883 0.512169 0.69305 0.84504 0.946551 0.980558 0.94588 
