0 0 0 0 1 1 1 1 2 2 3 4 7 13 25 
0 0 0 0 1 1 1 1 1 2 3 3 5 10 54 
0 0 0 0 1 1 1 1 2 2 3 5 7 16 54 
0 0 0 0 1 1 1 1 1 3 4 5 7 14 55 
0 0 1 1 1 1 1 1 2 3 3 6 9 21 63 
0 0 0 0 1 1 1 1 1 2 2 5 7 15 61 
0 0 0 0 0 0 1 1 1 2 2 3 4 9 56 
0 0 1 0 1 1 1 2 2 3 3 4 7 19 55 
0 0 0 1 1 1 1 1 2 3 4 5 8 11 42 
0 0 0 0 1 1 1 1 2 2 2 5 6 12 67 
0 0 0 0 1 1 1 2 2 2 2 4 7 18 37 
0 0 1 1 1 1 1 1 2 2 3 7 9 19 57 
0 0 0 0 1 1 1 1 2 2 2 3 5 24 54 
0 0 0 1 1 1 1 1 2 2 3 4 9 15 70 
0 0 0 1 1 1 1 1 2 2 3 5 7 17 62 
0 0 0 0 1 1 1 1 2 2 3 4 6 10 14 
0 0 0 0 1 1 1 1 2 2 2 4 7 11 58 
0 0 0 0 1 1 1 1 1 1 2 3 10 10 28 
0 0 0 0 1 1 1 1 2 2 3 4 6 13 54 
0 0 0 0 0 1 1 1 2 2 3 5 9 22 56 
0 0 0 1 1 1 1 1 1 2 2 3 7 17 36 
0 0 0 1 1 1 1 1 2 2 3 4 12 16 33 
0 0 0 1 1 1 1 1 2 2 2 4 7 14 68 
0 0 0 1 0 1 1 2 2 2 3 5 7 14 82 
0 0 0 0 0 0 1 1 1 1 3 4 6 9 58 
0 0 1 1 1 1 1 2 2 3 4 4 7 11 57 
0 0 0 1 1 1 1 1 2 2 2 3 6 9 73 
0 0 0 0 1 1 1 1 2 2 3 4 7 11 53 
0 0 0 0 0 1 1 1 1 2 2 3 4 13 54 
0 0 1 1 1 1 1 1 2 2 3 4 7 14 45 
0 0 0 0 1 1 1 2 2 3 3 6 8 15 55 
0 0 0 0 0 1 1 1 1 2 2 4 5 13 37 
0 0 0 0 0 1 1 1 2 2 3 5 6 21 42 
0 0 0 1 1 1 1 2 2 3 3 4 8 17 60 
0 0 0 1 1 1 1 1 2 2 3 3 6 17 56 
0 0 0 0 0 0 1 1 1 1 1 3 5 15 64 
0 0 0 1 1 1 1 2 2 2 2 4 8 21 69 
0 0 0 0 0 1 1 1 1 2 2 3 4 8 64 
0 0 0 0 0 0 1 1 1 2 3 4 5 9 56  
0 0 0 0 0 1 1 1 1 2 2 4 8 16 57 
0 0 0 1 1 1 1 1 1 2 3 5 9 26 56  
0 0 1 1 1 1 1 2 2 2 3 5 10 14 34 
0 0 0 1 1 1 1 1 1 2 3 4 6 23 67 
0 0 1 1 1 1 1 1 2 2 3 5 8 21 67 
0 0 0 0 0 1 1 1 1 2 2 4 4 17 56 
0 0 0 0 1 1 1 1 2 2 4 4 6 15 32 
0 0 0 0 0 0 1 1 1 1 2 2 5 15 41 
