0 25 
1 0 0 0 0 0 0 0 0 0 0 0 2 1 0 0 9 25 
1 25 
1 0 0 0 0 0 0 0 0 0 0 0 0 0 0 0 0 0 0 0 0 0 0 0 0 0 0 0 0 0 0 0 0 0 0 0 0 0 0 0 0 0 0 0 0 0 0 0 0 0 0 0 0 0 0 0 0 0 0 25 
1 0 0 0 0 25 
1 0 0 0 0 0 0 0 0 0 0 0 0 0 0 0 0 0 0 0 0 0 0 0 0 0 0 0 1 0 0 0 0 0 0 0 25 
25 
1 0 0 0 0 0 0 0 25 
25 
25 
1 0 0 0 0 0 0 0 0 0 0 0 0 0 0 0 0 0 0 0 25 
25 
1 0 0 25 
1 0 0 0 0 0 0 0 0 0 0 0 0 0 0 0 25 
1 0 0 0 0 0 0 0 0 0 0 0 0 0 0 0 0 0 0 0 0 0 0 0 0 0 0 0 0 0 0 0 0 0 0 0 0 0 0 0 0 0 0 0 0 0 0 0 0 0 0 0 0 0 0 0 0 0 0 25 
25 
25 
1 0 0 0 0 0 0 0 0 0 0 0 0 0 0 0 0 0 0 0 0 0 0 0 0 0 0 0 0 0 0 0 0 0 0 0 0 0 0 0 0 0 0 0 0 0 0 0 0 0 0 0 0 0 0 0 0 0 0 0 0 0 0 0 25 
1 0 0 0 0 0 0 0 0 25 
25 
25 
25 
25 
25 
25 
25 
1 0 0 0 0 0 0 0 0 0 0 0 0 0 0 0 0 0 0 0 0 0 0 0 0 0 0 0 0 0 0 0 0 0 0 0 0 0 0 0 0 0 0 0 0 0 0 0 0 0 0 0 0 0 0 0 0 0 0 0 0 0 25 
25 
25 
1 0 0 0 0 0 0 0 0 0 0 0 0 0 0 0 0 0 0 0 0 0 0 0 0 0 25 
25 
25 
25 
25 
1 0 0 0 0 0 0 0 0 0 0 0 25 
25 
25 
1 0 0 0 20 25 
25 
