1 0 0 0 0 0 0 0 0 0 0 0 0 0 0 0 0 0 0 0 0 0 0 0 0 0 0 0 10 
10 
10 
0 0 0 2 8 10 
1 0 0 0 0 0 0 0 0 0 0 0 0 0 0 0 0 0 0 0 0 0 0 0 0 0 0 0 0 0 0 0 0 0 0 0 0 0 0 0 0 0 0 0 0 0 0 0 0 0 0 0 0 0 0 0 0 0 0 0 0 10 
10 
1 0 0 5 0 10 
10 
10 
1 0 0 0 0 0 0 0 0 0 0 0 0 0 0 0 0 0 0 0 0 0 0 0 0 0 0 0 0 0 10 
1 0 0 0 0 0 0 10 
1 0 0 0 0 0 0 0 0 0 0 0 0 0 0 0 0 0 0 0 0 0 0 0 0 0 0 0 0 0 0 0 0 0 0 0 0 0 0 0 0 0 0 0 0 0 0 0 0 0 0 0 0 0 10 
10 
10 
1 0 0 0 0 0 0 0 0 0 0 0 0 0 0 0 0 0 0 0 0 0 0 0 0 0 0 0 0 0 0 0 0 0 0 0 0 0 0 0 0 0 0 0 0 0 0 0 0 0 0 0 0 0 0 0 10 
10 
1 0 0 0 0 0 10 
1 0 0 0 0 0 0 0 0 0 0 0 0 0 0 10 
10 
1 0 0 0 0 0 0 0 0 0 0 0 0 0 0 0 0 0 0 0 0 0 0 0 0 0 0 0 0 0 0 0 0 0 0 0 0 0 0 0 0 0 0 0 0 0 0 0 0 0 0 0 0 0 0 0 0 0 0 0 0 0 0 10 
1 0 0 0 0 0 0 0 10 
10 
1 10 
10 
10 
1 0 0 0 0 0 0 0 0 0 0 0 0 0 10 
1 0 0 0 0 0 0 0 10 
1 0 10 
10 
1 0 0 0 0 0 0 0 0 0 0 0 0 10 
10 
10 
1 0 0 0 0 0 0 0 0 0 0 0 0 0 0 0 0 0 0 0 0 0 10 
1 0 0 0 0 0 0 0 0 0 0 0 0 0 0 0 10 
10 
10 
10 
10 
10 
10 
10 
1 0 0 10 
10 
1 0 0 0 0 0 0 0 0 0 0 0 0 0 0 0 0 0 0 0 0 0 0 0 10 
10 
10 
0 0 0 0 0 0 0 0 0 0 0 0 0 0 0 0 0 0 0 0 0 10 
1 0 0 0 0 0 0 0 0 0 0 0 0 0 0 0 0 0 0 0 0 0 2 10 
1 0 10 
10 
1 0 0 0 0 0 0 0 0 0 0 0 0 0 0 0 0 0 0 0 0 10 
1 0 0 0 0 0 0 0 0 0 0 0 0 0 0 0 0 0 0 0 0 0 0 0 0 0 0 0 0 0 0 0 0 0 0 0 0 0 0 0 10 
1 0 0 0 0 0 0 0 0 0 0 0 0 0 0 0 0 0 0 0 0 0 0 0 0 0 0 0 0 0 0 0 0 10 
1 0 0 0 0 0 0 0 0 0 0 0 0 0 0 0 0 0 10 
1 0 0 0 0 0 0 0 0 0 0 0 0 0 0 0 10 
10 
10 
10 
10 
1 0 0 0 0 0 0 0 0 0 0 0 0 0 0 0 10 
1 0 0 0 0 0 0 0 0 10 
1 0 0 0 0 0 10 
1 10 
1 0 0 0 0 0 0 0 0 0 0 0 0 0 0 0 0 0 0 0 0 0 0 0 0 0 0 0 0 0 0 0 0 0 0 0 0 0 0 0 0 0 0 0 0 0 0 0 0 0 0 0 0 0 0 0 0 0 0 0 0 0 0 2 2 8 8 10 
