59.4935 59.5088 59.4758 59.4453 59.4763 59.494 59.4912 59.4978 59.5022 0 
59.5079 59.4971 59.4859 59.5021 59.4897 59.491 59.5229 59.5142 59.519 59.4931 59.4934 59.4848 59.4984 59.4791 0 
59.499 59.4713 59.5181 59.4967 59.514 59.4893 59.5199 59.5201 59.4772 59.5017 59.4807 59.4955 59.495 59.5351 59.4874 59.4873 59.4853 59.4711 59.4898 59.4811 59.4707 59.4871 59.4813 59.4965 59.5 59.5051 59.4813 59.4891 59.4918 59.4783 59.4849 59.4714 59.501 59.4977 59.4934 59.5092 59.4896 59.4881 59.4872 59.4909 59.4902 59.4961 59.5135 59.4936 59.4975 59.5045 59.497 59.4846 59.5009 59.5177 59.5083 59.4962 59.4832 59.5233 59.4883 59.5015 0 
59.5064 59.4841 59.5033 0 
59.4899 0 
59.4891 59.4726 59.5015 59.4618 0 
59.5066 59.4938 59.4566 59.4932 59.5086 59.5088 59.4757 59.4473 59.4792 59.5165 59.5013 0 
59.4884 59.4944 59.5525 59.5018 59.5244 59.5081 59.4943 0 
59.4855 59.5247 59.4354 0 
59.4909 59.5118 59.5167 59.4956 59.5101 59.4924 59.4687 59.4716 59.4867 59.4968 59.4957 59.4907 59.488 59.5034 0 
59.4907 59.497 59.4509 59.5033 59.518 59.4952 59.4905 59.4902 59.47 59.4907 59.5183 0 
59.5079 59.4829 59.4984 59.4808 59.5205 59.5058 59.4978 59.5375 59.504 59.5001 0 
59.5092 59.4994 59.4921 59.5083 59.4856 59.4954 59.5022 59.5116 59.4934 59.4984 59.4886 59.4763 59.4712 59.5003 59.5047 0 
59.4915 59.4873 0 
59.5009 59.4795 59.4799 59.4826 59.4856 59.5251 59.4986 59.4752 59.5033 59.4685 59.4863 59.4849 59.4882 59.4789 59.447 59.5012 59.4854 59.4664 59.4932 59.482 59.4675 59.4733 59.4839 59.4944 59.4906 59.4903 59.5078 59.4884 59.5203 59.4899 59.5186 59.4763 0 
59.489 59.4907 59.4936 59.4834 59.4807 59.441 59.4924 0 
59.4723 59.4876 59.4959 59.5004 59.4916 0 
59.5024 59.5013 59.4839 59.4919 59.4857 59.4366 59.4821 59.4953 59.45 59.51 59.4775 59.4657 59.4629 59.448 59.4997 0 
59.5016 59.4878 59.4177 59.4701 59.4639 59.486 0 
59.4786 59.4975 59.4984 59.5001 59.4896 59.4956 59.4891 59.4708 0 
59.4927 59.4939 59.4908 59.4927 59.4974 59.4403 59.4774 59.4951 59.5104 59.4851 59.4518 59.5217 0 
59.5061 59.4981 59.5256 59.4909 59.4779 59.476 59.4951 59.4544 0 
59.488 59.5139 59.4854 59.4652 0 
59.4928 59.4998 59.5064 59.4972 59.5003 59.5053 59.4992 59.5317 59.5329 59.5674 59.5158 59.4992 59.4883 59.5267 59.4943 59.5304 0 
59.4937 59.4588 59.4703 59.4978 59.5088 59.4943 59.4735 59.5063 59.4948 59.4587 59.4618 59.5259 59.4982 59.5049 59.5029 59.4851 59.5231 0 
59.4967 59.4898 59.5036 59.4977 0 
59.5106 59.492 59.4566 59.4764 59.5395 0 
59.5187 59.4962 59.4817 59.4665 59.5271 59.4976 59.5125 59.5062 59.5178 59.4614 0 
59.4939 59.5071 59.5068 59.5049 59.4929 59.459 59.5132 59.4828 59.5015 59.5137 59.5233 59.502 59.4882 59.5056 59.4755 59.4972 59.5096 59.4601 59.4925 59.5301 59.5018 0 
59.486 59.4906 0 
59.5139 59.4687 59.4945 59.4782 59.4799 59.5009 59.4894 59.4798 0 
59.471 59.4806 59.4894 59.5006 59.5033 59.471 59.5045 0 
59.5011 59.5007 59.5029 59.5154 59.5253 59.5221 59.4553 59.4771 59.5024 59.4749 59.4926 59.5068 59.5008 59.4737 59.4669 59.4998 59.5004 59.5103 59.4828 59.4837 59.4536 59.4855 59.4781 59.5054 59.4595 59.4267 59.484 59.4989 59.512 59.4973 59.5016 59.506 59.5062 0 
59.4921 59.5083 59.5331 59.4717 0 
59.4915 59.4741 0 
59.5027 59.5068 59.4919 59.4902 59.5003 59.5128 59.4793 59.5091 0 
59.4862 59.474 59.4983 59.4939 59.5143 59.4902 59.4904 0 
59.5001 59.4767 59.4919 59.4989 59.4965 59.4823 59.5148 59.503 59.4671 0 
59.4974 59.4796 0 
59.5101 59.5074 59.4436 59.4662 59.5168 59.4618 59.4874 59.4896 0 
59.463 59.4904 0 
59.4841 59.5032 59.4936 59.4503 59.4744 59.4552 59.4809 59.4917 59.4888 59.5184 59.4731 0 
59.5044 59.4908 59.5003 59.4822 59.4682 59.4739 59.5376 59.4544 0 
59.5109 59.4969 59.5272 0 
59.4827 59.4785 59.4893 59.4797 59.463 59.4541 59.537 59.5078 0 
59.4874 59.4994 59.4718 59.5105 59.5053 59.5116 59.5031 59.5032 59.4976 59.4729 59.497 0 
59.4783 59.4815 59.5161 59.5051 0 
59.4951 59.4986 59.5353 59.4743 59.558 59.4686 59.5217 0 
59.4859 59.5115 0 
59.4942 59.502 59.51 59.4989 59.5127 0 
59.5068 59.4828 59.4946 59.4976 59.4739 59.4764 59.5073 59.4911 59.5128 59.4999 0 
59.4972 59.4877 59.4866 59.5021 59.5066 59.505 59.5014 59.504 59.5075 59.5025 59.4842 0 
59.5029 59.526 59.4885 59.4942 59.4803 59.4792 59.4323 59.4791 0 
59.5092 59.492 59.4694 59.4842 59.5035 59.4987 0 
59.523 59.4926 59.474 59.5054 59.4805 59.5046 59.4833 59.4602 59.5001 59.46 59.5121 59.4906 59.4704 59.4785 59.4874 59.4797 59.4889 59.5013 59.4709 59.4849 59.4968 59.4814 59.5084 59.4982 59.5018 59.5034 59.492 59.4947 59.459 59.4851 59.4806 59.4721 59.4789 59.4945 59.4867 59.4887 59.4904 59.4947 59.5005 59.5009 59.4622 59.4823 59.5059 59.5026 59.489 59.4974 59.5177 59.5097 59.4969 59.4665 59.4245 59.4505 59.4281 59.5193 59.5133 59.4986 59.496 59.4909 0 
59.4814 59.4972 59.524 59.4987 59.5092 59.4972 59.4895 59.5089 59.4991 59.487 59.509 59.4972 59.4886 59.5052 0 
59.4857 59.5138 59.4821 59.49 59.5005 59.5034 59.494 59.4831 59.5025 59.4895 0 
59.5191 59.5122 59.4865 59.4723 59.5119 0 
59.4779 59.483 0 
59.4762 59.5034 59.4999 59.4941 59.5018 59.476 59.4978 59.4873 59.5114 59.5016 59.4864 59.4986 59.5123 0 
59.4833 0 
59.4883 59.5473 59.495 59.4591 59.4915 59.4695 59.4805 0 
59.4978 59.4741 59.4856 0 
59.4987 59.4692 59.4821 59.4846 59.4919 59.4925 59.5118 59.5022 59.5235 59.4965 59.4978 59.4992 59.5109 59.5008 59.499 0 
59.5067 59.4503 59.519 59.4732 59.5045 59.4459 59.5333 59.4519 59.5082 59.5168 59.4678 59.4735 59.4592 59.4919 59.486 59.4656 59.5043 59.4957 59.4903 59.4837 59.4967 59.4967 59.4862 59.4914 59.4813 59.5005 59.4846 59.49 0 
59.4862 59.495 59.5037 59.5152 59.5024 59.4928 59.5039 59.5312 59.4894 59.5096 59.4988 59.499 0 
59.4901 59.5281 59.4726 59.4977 59.4858 59.5102 59.4807 59.4942 0 
59.4914 59.4785 59.4933 59.506 59.4881 59.503 59.4829 59.5004 59.5007 59.4973 59.4949 59.4757 59.4966 59.5012 59.5014 59.5063 59.4996 59.4598 59.4814 59.4881 59.4835 59.5021 59.4908 0 
59.5034 0 
59.4975 59.4769 59.4995 59.4855 59.5029 59.4662 59.5078 59.495 59.493 59.5299 0 
59.5028 0 
59.4967 59.537 59.4946 0 
59.5137 59.4995 59.5081 0 
59.491 59.5021 59.4974 59.4729 59.5158 59.5005 0 
59.5174 59.4952 59.4909 59.5001 59.4885 59.5129 59.4598 59.4912 59.5267 59.4715 59.4875 59.5245 0 
59.5042 59.4959 59.4932 59.4767 59.4817 59.4465 59.477 59.4761 59.4825 59.4958 59.5127 59.4828 59.5047 59.4965 59.5019 59.4944 59.5152 59.5087 59.506 59.5216 59.4705 59.5036 59.4696 59.507 59.4981 59.4848 59.4991 59.492 59.4915 59.4906 59.5283 59.4765 59.475 59.4917 59.508 59.5151 59.4524 59.4952 59.5013 59.5158 59.5048 0 
59.5126 59.4788 59.4947 59.5095 59.4942 0 
59.4732 59.5158 59.4791 59.5027 59.4887 59.4893 59.4881 59.5084 59.4848 59.5109 59.5167 59.4926 59.5067 59.4818 59.4995 59.4763 59.4931 59.5245 59.5094 59.5023 59.4653 59.5064 59.531 59.4632 59.4822 59.4934 0 
59.5091 59.4957 59.5159 59.4941 59.504 0 
59.4983 59.5105 59.4619 59.4705 59.4591 59.4984 59.5016 0 
59.517 59.5529 59.4914 59.4699 59.5085 59.4999 59.5354 59.5016 59.5001 59.4567 59.4949 59.4897 0 
59.5087 59.4971 59.51 59.5077 59.5246 59.5252 59.5611 59.4896 59.5088 59.4892 59.5024 0 
59.4906 59.4863 59.4993 59.4751 0 
59.4914 59.496 59.4727 59.4888 59.5136 59.4664 59.5305 59.4777 59.51 59.5109 59.5013 59.4918 59.4945 59.4896 59.5026 59.495 59.5081 59.4964 59.4922 59.4943 0 
59.5019 59.5129 59.5016 59.4904 59.4985 59.5105 59.5045 59.4748 59.4926 59.4874 59.4907 59.5337 59.5194 59.4514 59.536 59.493 59.498 59.4926 59.4986 59.5138 59.5112 0 
59.4891 59.4891 59.4948 59.491 59.4891 59.4807 0 
59.4963 59.5059 59.4953 59.4704 59.4967 0 
59.4942 59.4885 59.4614 59.492 59.5184 59.4353 59.4746 59.4245 59.4875 59.4396 59.4779 59.5049 0 
59.4841 59.4882 0 
59.5152 0 
59.4964 59.5168 59.462 59.5109 59.4879 59.4788 59.5009 59.4683 59.5031 59.5175 59.503 59.5122 59.4849 59.4989 59.5101 59.4944 59.4927 59.5087 59.5029 59.4872 0 
59.4998 59.487 59.5127 59.5092 59.4928 59.504 59.5019 59.5071 59.4854 59.5165 59.4903 59.4891 0 
59.5106 59.5092 59.4962 59.4903 0 
59.5038 59.549 59.5343 59.5092 59.4908 59.5124 59.4861 59.4697 59.5382 59.493 59.4919 59.4931 59.5127 59.4906 59.4818 59.5194 0 
59.5057 59.4851 59.4501 59.4852 59.4899 0 
59.4947 59.4692 59.4616 59.4758 59.5183 59.5033 0 
59.4943 59.5004 59.4852 59.4964 59.5168 59.5107 59.5144 59.5039 59.4929 59.5096 59.498 59.5126 59.4902 0 
59.5048 59.497 59.4668 59.4671 59.4652 59.4966 59.4894 59.5117 59.4873 59.5457 59.5052 0 
59.4765 0 
59.4972 59.4918 59.4991 59.4997 59.4926 59.5189 59.4694 59.5012 59.5139 59.4864 59.5209 59.483 59.4951 59.4763 0 
59.5154 59.4691 59.4924 59.5084 59.4997 59.5127 0 
59.4965 59.4709 59.5261 59.5154 59.5424 59.5209 59.52 0 
59.4832 59.5076 59.4672 59.4985 59.5065 59.5043 59.4762 59.4969 59.4899 0 
59.4834 59.4793 59.5251 59.5295 59.4321 59.5045 0 
59.4804 59.5005 59.507 59.4736 59.5062 59.5242 59.5308 59.5157 0 
59.4865 59.5236 59.4983 59.4807 59.5078 59.5197 0 
59.5161 59.5185 59.5101 59.5181 59.5013 59.4927 59.4917 59.4688 59.4519 59.4576 59.4764 59.4967 59.4958 59.504 59.5035 59.4952 59.5063 59.4993 59.4907 59.4598 59.4643 59.4409 59.4988 59.4924 59.4643 59.5162 59.5015 59.4671 59.4939 59.5427 59.5008 59.5117 59.5166 59.5305 59.5046 59.5087 59.4668 59.5229 0 
59.4869 59.4662 59.4939 59.4917 59.514 59.5025 59.5195 59.4551 59.4965 0 
59.504 59.4683 59.4745 59.4902 59.4953 59.4855 59.5093 59.4846 59.4942 59.4975 59.4855 59.5121 59.507 59.4922 59.5093 59.4955 59.4902 59.5029 59.4985 59.4924 59.4927 59.5002 59.482 59.4945 59.5129 59.5073 59.4835 59.4919 59.4916 59.4867 59.5127 59.5002 59.4861 59.5033 59.4939 0 
59.5012 59.5006 59.4813 59.4935 59.5026 59.5117 0 
59.4832 59.4935 59.5048 59.4894 59.5516 59.4937 59.4959 59.4754 59.4826 59.51 59.4811 59.4879 59.4978 59.4976 59.5004 59.47 59.4923 59.4974 59.5048 59.4856 59.5039 0 
59.5131 59.4904 59.4524 59.5131 59.4664 59.498 59.4865 59.4762 59.4684 59.431 0 
59.4696 59.4906 59.5027 59.4969 59.4976 59.5083 59.5242 59.5 59.4711 59.4971 59.4819 59.5321 59.5333 59.4897 59.5162 59.4899 59.4838 0 
59.4994 59.4958 59.4821 59.516 59.5185 59.498 59.4936 0 
59.5084 59.5155 59.4848 59.5167 59.487 59.5122 59.496 59.49 0 
59.5122 59.524 59.4766 59.5037 59.5427 59.4564 59.5002 59.5393 59.4866 59.5262 59.4985 59.4689 59.505 0 
59.4956 59.4949 59.5151 59.5174 59.4863 59.4747 0 
59.4738 59.5144 59.5119 59.5058 0 
59.4949 59.5071 59.5201 0 
59.5445 59.4867 59.495 59.5038 0 
59.5028 59.4838 59.4996 59.4869 59.507 59.475 59.4301 59.5253 59.4587 59.4764 59.4804 59.4848 59.474 59.505 59.4775 59.4989 0 
59.4907 59.4924 59.4359 59.497 59.4926 59.4976 59.492 59.4994 59.4949 59.5053 59.4779 0 
59.5037 59.5098 59.417 59.4948 59.4961 59.4983 59.4918 59.494 59.487 59.4974 59.4913 59.5316 59.4827 59.502 59.4961 59.5426 0 
59.4852 59.4697 59.5015 59.5015 59.4778 59.4788 59.4989 59.5023 59.5035 59.5074 59.4809 59.4908 59.4966 59.5356 59.4983 0 
59.4963 59.4542 59.5247 59.4927 59.5062 59.5154 59.5167 59.5112 59.5316 0 
59.5099 59.4993 0 
59.4824 59.4987 59.4746 59.4999 59.4863 59.5112 59.5152 0 
59.5063 59.4634 59.4852 59.4711 59.483 59.4841 59.4954 59.4739 59.4987 59.4606 59.475 59.5077 0 
59.4985 59.4882 59.4777 59.4925 59.4935 59.5057 59.5062 59.5107 59.4957 59.4848 59.4987 59.4758 59.5015 59.4762 59.4861 59.4928 59.5167 59.4905 59.4932 59.4991 59.5015 59.4899 59.481 59.4845 59.4988 59.4349 59.5183 59.5021 59.5013 59.5061 59.4745 59.463 59.5152 59.5125 59.465 59.4372 59.5288 59.5256 59.5243 59.491 59.4729 59.5224 59.5014 59.4733 59.492 59.5431 59.5047 59.5207 59.5224 59.5506 59.482 59.5093 59.4778 59.5295 59.417 59.5014 59.4775 59.5034 59.4963 59.4713 59.5255 59.4563 59.5206 59.5045 59.4717 59.5084 59.4985 59.5196 59.517 59.5004 59.4784 59.5082 0 
59.4885 0 
59.5352 59.4802 59.481 59.4952 59.4993 59.5035 59.4458 59.5071 59.4755 59.5057 59.5016 59.4884 59.4912 59.4969 59.5085 59.4979 0 
59.4983 59.4944 59.4937 59.4898 59.4746 59.4797 59.5013 59.5029 59.5031 59.4841 0 
59.4958 59.4904 59.5296 59.5053 59.4998 59.4815 0 
59.494 59.4654 59.5055 59.4726 59.4802 59.5015 59.5058 59.4942 59.4754 59.479 59.4768 59.4637 59.5159 59.4658 0 
59.4939 59.5065 59.5119 59.5166 59.5045 59.4944 59.5233 59.5009 59.4796 0 
59.5056 59.4652 59.4783 59.5034 0 
59.5028 59.5007 59.4924 0 
59.5002 59.5322 59.4754 59.4857 0 
59.4968 59.5039 59.5109 59.5151 59.4831 59.4825 59.4915 59.4736 59.4935 59.4644 59.5141 59.5085 59.4867 59.4964 59.4993 59.5003 59.5076 59.4795 59.4534 59.473 59.4963 59.5201 59.4733 59.4809 59.4797 59.5118 59.5 59.4624 59.5291 0 
59.4794 0 
59.4824 59.4835 59.5089 59.5011 0 
59.4931 59.4994 59.4896 59.474 59.5133 59.4972 59.5083 0 
59.4889 59.4989 59.4772 59.5269 59.4956 59.4776 59.5067 0 
59.474 59.5375 0 
59.4892 59.477 59.4722 59.4919 59.4867 59.4842 59.476 59.4598 59.477 59.4286 59.5118 59.4958 59.4992 59.4916 59.4998 59.4836 59.4689 0 
59.5011 59.455 0 
59.4936 59.4937 0 
59.5033 59.5033 59.4967 59.5328 59.495 59.4318 59.4597 59.4834 59.4994 59.4536 59.5131 59.489 59.422 59.4646 59.5127 59.4681 59.4616 59.4943 59.4642 59.4912 59.5107 59.4871 59.5098 0 
59.5027 59.4863 59.5016 59.4987 59.5217 59.5358 59.4859 59.5429 0 
59.4693 59.478 59.4926 59.4835 59.5009 59.5109 59.4827 59.5053 0 
59.4854 59.4678 59.5541 59.4618 59.4446 59.5227 59.471 59.5054 59.5024 59.5018 59.4921 59.5007 59.4928 59.465 59.5001 59.497 59.506 59.5247 59.4665 59.4809 59.4987 59.5009 59.4796 59.4823 59.4749 59.5135 59.4944 59.501 59.486 59.5044 59.5071 59.5253 59.4811 59.494 59.4791 59.4806 59.5144 59.4682 59.5067 59.4755 0 
59.5012 59.5034 59.5049 59.4547 59.5045 59.4884 59.5054 0 
59.5056 59.4929 59.5139 59.4913 59.478 59.4888 59.5035 59.4896 59.5207 59.5264 0 
59.4959 0 
59.4788 59.4796 59.4656 59.4942 0 
59.4991 59.5104 59.477 59.4958 59.5077 59.5146 59.5009 59.4939 0 
59.5133 0 
59.4797 59.4717 59.5224 0 
59.5092 59.4985 59.5166 59.5007 59.4775 59.5018 59.4956 59.5 59.4776 0 
59.4403 59.4905 59.4773 59.5012 59.4867 59.497 59.5115 59.4997 59.4953 59.494 59.4815 59.4836 59.4914 0 
59.4972 59.5099 59.5053 59.5161 59.4943 59.5035 59.4818 0 
59.4856 0 
59.5177 59.4748 59.531 59.5145 59.4911 59.4912 59.508 59.5033 0 
59.5183 59.4755 59.5472 59.524 59.4987 59.4626 59.4868 59.5213 59.4469 59.4698 59.4283 59.4649 59.4499 59.4869 59.4704 59.4508 59.4758 59.501 59.4846 59.475 59.4942 59.5034 59.5045 59.5101 59.5242 59.491 59.5013 59.5209 0 
59.5197 59.5176 59.4873 59.4887 59.4782 59.4878 59.5156 59.4851 59.4646 59.4351 59.4704 59.5051 59.4893 59.4837 59.5017 59.5126 59.4406 59.4898 59.4874 0 
59.5086 59.5026 59.4682 0 
59.472 59.4862 59.4766 59.4812 59.4956 59.4948 59.4928 59.4559 59.4236 59.4919 59.4566 59.4959 59.4667 59.5077 59.5053 59.4613 59.4943 59.5067 59.4852 59.4757 59.4972 59.4985 59.491 59.4115 59.5194 59.5045 59.4764 59.5108 59.4794 59.4991 59.5003 59.4966 59.4856 59.5047 59.4954 59.478 59.4869 59.5041 59.5224 59.4913 59.489 59.481 59.469 59.4968 59.4913 59.4975 59.4456 59.4977 59.4586 59.4887 59.5036 59.443 59.546 59.5088 59.4686 59.5466 59.5062 59.4935 59.4897 59.4648 59.5079 59.4937 0 
59.4776 59.4949 59.5002 59.5143 59.5095 59.4876 59.484 59.4837 0 
59.5109 59.5134 59.4972 59.4991 59.4913 59.4998 0 
59.5127 59.4952 59.5018 59.4903 59.4682 59.5258 59.5291 59.5315 59.5047 59.4851 59.5017 59.4992 59.5034 59.478 59.4928 59.4795 59.4556 59.4936 59.4806 59.4799 59.5186 59.5076 59.4589 59.5199 0 
59.4684 59.4768 59.4808 59.4729 59.5156 59.511 59.5005 59.4946 0 
59.5006 59.4863 59.4869 59.4686 59.4935 59.5017 59.4718 59.4661 59.4886 0 
59.4896 59.4936 59.4885 59.4926 59.5082 59.4796 59.5116 59.5253 59.4786 59.5317 59.4532 59.5129 59.4829 59.5087 59.4796 0 
59.5171 59.4963 59.5048 59.5041 59.4917 59.4487 59.4962 59.5065 59.4863 59.482 59.5035 59.4801 59.5078 59.5056 0 
59.4791 59.5033 59.5105 59.51 59.5031 0 
59.4989 0 
59.4971 59.4974 59.4866 59.4864 59.4725 59.4927 59.5052 59.482 59.5049 59.4914 59.4986 59.4898 59.4856 59.4808 59.4877 59.4759 59.5122 59.5007 59.4891 59.4937 59.489 59.501 59.4989 59.5068 59.4916 59.4937 59.4983 59.4989 0 
59.4908 59.4868 59.5275 59.4835 59.5071 59.4709 59.4904 59.4857 0 
59.4912 59.5039 59.4917 0 
59.4972 59.4768 59.495 59.5072 59.5038 59.4783 0 
59.4897 59.4995 59.4866 59.488 59.4825 59.5171 59.463 59.5145 59.4936 59.4901 59.4898 59.523 59.5184 0 
59.4925 59.4816 59.5145 59.5329 59.5035 59.4726 59.4975 59.5288 59.4656 59.5171 59.4984 0 
59.5305 59.4957 59.5024 59.4932 59.5087 59.5155 59.48 59.5002 0 
59.4849 59.5086 59.522 59.5057 59.4923 59.4916 0 
59.5026 59.4758 59.4844 59.5 0 
59.5255 59.4871 59.4777 59.4856 59.4963 59.4838 59.4841 59.5064 59.4909 59.4927 59.5028 0 
59.4852 59.4988 59.5215 59.4946 59.5218 59.4865 59.5144 59.4959 59.5185 0 
59.5251 59.4864 59.4712 59.4704 59.502 59.526 59.4941 59.5149 59.4975 59.4946 59.5021 59.4666 59.4947 59.5086 59.5172 59.4747 59.5009 59.5097 59.4994 59.4898 59.5207 59.497 59.4973 0 
59.5012 59.5148 59.4932 59.4736 59.5014 59.5036 59.5298 59.4847 59.4788 0 
59.5025 59.48 59.4888 59.4517 59.5138 59.5045 59.4551 59.5037 0 
59.4957 59.4991 59.4916 59.4933 59.4956 59.5156 59.4821 59.4953 59.4856 59.495 59.4729 59.492 59.4783 0 
59.4955 59.4894 59.5011 59.4874 59.5162 59.5135 0 
59.51 59.4758 59.509 59.4975 59.488 59.4879 59.4806 59.4937 59.4779 59.4803 59.4832 59.481 59.4903 59.4866 59.5104 59.4822 59.4907 59.4908 59.489 59.4782 59.4967 59.4752 59.5036 59.4802 59.478 59.4908 59.5144 59.5046 0 
59.4942 59.4588 59.5016 59.4869 59.5129 59.4964 59.4928 59.4952 59.4842 0 
59.5247 59.5025 59.503 59.5123 59.4993 59.5257 59.5412 0 
59.4849 59.4981 59.4937 59.5027 59.5112 59.542 59.4796 59.5529 59.5036 59.5238 59.4931 59.4951 59.5104 59.4717 59.5592 59.4922 59.494 59.4805 59.5029 59.5364 59.4805 59.4792 59.5332 59.5137 59.4895 59.4827 59.4875 59.5302 59.5036 59.4828 59.5188 59.5162 59.4797 59.4849 59.4852 59.5132 59.5023 59.4929 0 
59.514 59.4873 59.4943 59.4894 59.5266 59.5085 59.4967 59.4753 59.4837 0 
59.4861 59.5013 59.4984 59.497 59.4855 59.5001 59.4801 59.5081 59.4941 59.4963 59.4941 59.5105 59.4946 59.5144 59.4835 59.4987 59.5037 59.4825 59.498 59.5012 59.4978 59.497 59.4806 59.495 59.4904 59.5024 59.5045 59.4633 59.4757 59.4945 59.4812 59.4819 59.4952 59.499 59.4864 59.5004 59.5006 59.4986 59.497 59.5002 59.4845 59.4951 59.5104 59.4825 59.4953 59.472 59.4826 59.4866 59.4974 59.4877 59.4649 59.5119 59.5011 0 
59.529 59.5053 59.5153 59.5264 59.5251 59.5021 59.5105 59.5189 59.5149 59.4898 59.4925 59.4703 59.4976 59.5068 0 
59.5117 59.4674 59.5095 59.5118 59.5107 59.5363 59.4951 59.4916 0 
59.4632 59.4776 59.5045 59.5103 59.4795 59.5082 59.4919 59.4772 0 
59.5168 59.503 59.493 59.5226 59.5041 0 
59.4638 59.46 59.4785 59.5224 59.4831 59.4704 59.4905 59.5223 59.477 59.4998 59.5086 59.5038 59.4959 59.4938 59.4895 59.4812 59.5031 59.5085 59.5025 0 
59.4943 59.4746 59.5015 59.4992 59.497 59.4813 59.5078 59.496 59.5353 59.4979 59.518 59.5062 0 
59.4748 59.4859 59.4975 59.4834 0 
59.5201 59.5146 59.5051 59.5085 59.4814 59.4896 59.4489 59.4937 59.4811 59.4485 59.5081 59.4768 59.4693 59.4496 59.5141 59.4972 0 
59.4893 59.4984 59.4944 59.5183 59.5072 59.4874 59.5022 59.4832 59.4868 59.4726 59.4883 59.4951 59.4769 59.4662 59.4825 59.4838 59.4741 59.5022 59.5083 59.4825 59.5271 59.4856 59.4522 59.4987 59.4758 59.4783 59.4833 59.4918 59.4996 59.5073 59.5174 59.4797 59.4734 0 
59.488 0 
59.4796 59.4662 59.4914 59.4466 59.4896 59.48 59.4936 59.5088 59.5587 59.5003 59.5045 59.5033 59.4961 59.494 59.4967 59.4831 59.5035 59.4974 59.4852 59.4723 59.485 59.5087 0 
59.4966 59.5082 59.5232 59.4892 0 
59.5079 59.4816 59.4814 59.4953 59.4925 59.5022 59.5055 59.4926 59.4951 59.4816 0 
59.5208 59.4939 59.5056 59.448 59.4498 59.514 59.5497 59.4564 59.4876 59.5047 59.4968 59.4875 0 
59.5032 59.4875 59.4606 59.5015 0 
59.4958 59.4866 59.4879 59.5103 59.4898 59.4994 59.4778 59.4545 59.5315 59.4966 59.4389 59.5504 59.5293 59.4789 59.4944 59.4971 59.4768 59.5004 59.4942 59.4916 59.4957 59.4954 59.4838 59.5061 59.5041 59.4599 0 
59.4608 0 
59.507 0 
59.4932 59.4826 59.465 59.4948 59.5011 59.4902 59.497 59.4746 59.4916 59.4902 59.4953 59.4846 59.5083 59.5023 59.4875 0 
59.4754 59.5187 59.5173 59.5189 59.5077 0 
59.4909 59.4952 59.495 59.5172 59.4937 59.5156 59.5118 0 
59.4787 59.496 59.5269 59.5478 59.4948 0 
59.4923 59.4714 59.502 59.4796 59.476 59.4669 59.5349 59.4848 59.5139 59.5052 59.4703 59.4969 59.4769 0 
59.5092 59.4795 59.5174 59.4832 59.4886 59.4913 59.522 0 
59.4943 59.5095 59.4757 59.4816 59.4924 59.5037 59.4994 59.4967 59.4918 0 
59.5051 59.5145 59.49 59.4851 59.4969 59.4963 59.5036 0 
59.4843 59.4721 59.5004 59.4966 59.5003 59.5326 59.5246 0 
59.4924 59.5037 59.4668 59.4827 59.5139 59.4812 59.4896 59.5047 59.5101 59.5042 59.4813 0 
59.4897 59.482 59.5143 59.4858 59.4969 59.5084 59.5028 59.4882 59.5105 0 
59.5009 59.4932 59.4925 59.492 59.4861 59.462 59.5838 59.53 59.5062 59.5169 59.5379 0 
59.5073 59.5137 59.4876 59.4785 59.4985 59.4979 59.4901 59.5081 59.5025 59.5193 59.5118 0 
59.527 59.4644 59.5118 59.486 59.5169 59.5417 59.495 59.5194 59.4937 59.4592 59.4615 59.4767 59.4179 59.5019 59.5311 59.4784 59.4775 59.4907 59.4667 59.4997 59.4775 59.5089 59.4882 59.4934 59.4754 59.4448 59.4666 59.4621 59.4693 59.4845 59.5087 59.4856 59.4782 59.4538 59.4611 59.502 59.5017 59.5027 59.5153 59.4681 59.4569 59.5052 59.5037 59.501 59.4899 59.4829 59.5116 59.5135 59.547 59.4873 59.4966 59.505 0 
59.4925 59.4629 59.5053 59.4708 59.5151 0 
59.507 59.4914 59.4859 59.4379 0 
59.5318 59.4933 59.5231 59.4967 59.5244 59.4998 59.5105 59.4707 59.4855 0 
59.489 59.4808 59.5289 59.5194 59.5478 59.5073 59.4593 59.4659 0 
59.4974 59.4809 59.4841 59.4967 59.4911 59.4957 59.4913 59.5154 59.5112 0 
59.4929 59.4586 59.4799 59.493 59.485 59.5015 59.4894 59.4292 59.4788 59.4847 59.4514 59.4455 59.4633 59.4965 59.4569 59.4654 59.4881 59.477 0 
59.5142 59.5188 59.5184 59.4747 59.5181 59.4876 0 
59.5179 59.4438 59.4967 59.5058 59.494 0 
59.4934 59.4852 59.484 59.4865 59.4808 59.4949 59.4672 59.4916 59.4896 59.4941 59.5123 59.4902 59.5043 59.4892 59.4864 59.4826 59.497 59.5046 59.5015 59.4984 59.5045 59.5011 59.5107 59.5039 59.4944 59.4838 59.4873 59.5045 59.4839 59.5088 59.5018 59.503 59.4943 59.4935 59.4892 59.4885 59.4997 59.5101 59.4845 59.5307 0 
59.508 59.5137 59.451 59.512 59.4588 59.5192 59.5283 59.4797 59.4899 59.4897 59.4935 59.4695 59.4941 59.4906 59.4908 59.4651 59.5025 59.4987 59.5112 59.5061 59.4698 59.4936 59.5012 59.5108 59.5131 0 
59.4921 59.5107 59.4939 59.4674 59.4907 59.4884 59.5045 59.4955 59.534 59.4729 59.4497 59.5173 59.4618 59.4811 59.4275 59.4944 59.5584 59.4879 59.5038 59.5325 59.4861 59.4586 59.4916 59.4759 59.4772 59.4838 59.5114 59.5034 59.4847 59.5303 0 
59.5008 59.4829 59.4614 59.5008 0 
59.514 59.4876 59.4812 59.526 59.4791 0 
59.5024 59.4813 59.4817 59.4919 59.5027 59.5043 59.5105 59.4838 59.5351 0 
59.477 59.4833 59.4966 59.4928 59.5181 59.5144 59.5259 0 
59.5101 59.498 59.5089 59.5159 59.5549 59.559 59.5234 0 
59.4981 59.4817 59.4986 59.4909 59.4948 59.5193 59.4976 59.4922 0 
59.4675 59.4921 59.4741 59.4835 59.5107 59.4879 59.4886 59.4798 59.4822 59.5218 59.4901 59.5132 59.5312 0 
59.5035 59.4811 59.5122 59.5061 59.474 59.4938 59.5126 59.4829 59.4978 59.4825 59.4845 59.4996 59.5009 59.4895 59.4999 59.4869 59.4968 0 
59.5204 59.5218 59.4557 59.448 59.4839 59.4872 59.498 59.4889 0 
59.5133 59.5019 59.4892 59.4975 59.5019 59.4934 59.5101 59.4669 59.5181 59.4802 59.4672 59.4605 59.4871 59.5154 59.4706 59.4978 59.5001 59.4967 59.5083 59.5213 59.4965 59.4911 59.5077 59.489 59.4921 0 
59.4833 59.4824 59.492 59.5366 59.4555 59.4877 59.5085 0 
59.475 59.4788 59.4926 59.5066 59.4812 59.4836 59.474 59.5224 59.5011 59.5055 0 
59.5038 59.4395 59.476 59.5036 59.4827 59.5029 59.5111 59.4948 59.4801 0 
59.5304 59.5072 59.4729 59.5424 59.488 59.5167 59.4722 59.505 0 
59.5033 0 
59.5015 59.4998 59.4974 59.5022 59.5543 59.4429 59.4631 59.4606 59.5026 59.4687 59.4743 59.5029 59.517 0 
59.4912 59.5021 59.4925 59.5277 59.5007 59.4731 59.5197 59.5081 59.4969 59.4846 59.5036 59.4752 59.508 59.5201 59.4794 59.5279 59.4972 59.4868 59.4965 59.485 59.512 59.4686 59.4985 59.4617 59.4837 59.4762 59.5219 59.4977 59.5178 59.4839 59.4947 59.5055 59.4919 59.5057 59.5019 59.5048 59.4913 59.4875 59.4409 59.4939 59.5144 59.4971 59.4844 0 
59.4914 59.4673 59.4853 59.4935 59.5181 59.493 59.4958 59.5064 59.4953 59.4969 59.4944 59.494 59.4886 59.501 0 
59.4922 59.481 59.4693 59.4657 59.4879 59.5277 59.4778 59.4621 59.4916 59.5364 59.4768 59.4864 59.4864 59.4982 59.499 59.4983 59.5114 59.4734 59.4796 59.5084 59.5055 59.488 59.5063 59.4922 0 
59.4929 59.4732 59.4881 59.4779 59.4691 59.498 59.4913 59.4701 59.5239 59.5133 59.4853 59.4756 59.509 59.5017 59.4933 0 
59.4967 59.4988 59.5103 59.5134 59.5088 59.5192 0 
59.5109 59.4878 59.5267 59.4742 59.4868 59.504 59.4529 59.5098 59.5085 59.5492 59.5063 59.5187 0 
59.4938 59.4872 59.486 59.5205 59.4966 59.4781 59.4901 59.508 59.4916 59.4914 59.4888 59.4991 59.4982 59.5101 59.501 59.4926 59.45 0 
59.5073 59.4744 59.4691 59.4661 59.5092 59.5341 59.5119 59.5052 59.5258 0 
59.4918 59.5071 59.497 59.4997 59.4979 59.4786 59.4888 59.4905 59.4952 59.4896 59.4904 59.492 59.4961 59.5093 59.5196 59.51 59.5301 59.5036 59.499 59.515 59.493 59.5106 59.4832 59.4752 59.4957 59.5251 0 
59.4772 59.4795 59.4805 59.499 59.4794 59.4707 59.5218 59.4723 59.4649 59.4869 59.4952 59.4889 0 
59.5082 59.4939 59.4916 59.5275 59.5081 59.5059 0 
59.4877 59.4975 59.461 59.4697 0 
59.5127 59.4969 59.4871 59.4876 59.5 59.4953 59.4952 59.5142 59.5273 0 
59.4822 59.4894 59.5068 59.4873 59.4942 59.4826 59.4936 59.4519 59.4965 0 
59.4972 59.4789 59.5485 59.5101 59.4623 59.506 59.4862 59.4927 59.4832 59.485 59.4865 59.508 59.5012 59.5052 59.4961 59.4919 59.4589 59.5402 59.5106 59.5247 59.5165 59.5142 59.527 59.4976 59.5023 59.4871 59.4884 59.5058 59.4878 59.4894 59.4979 59.4965 59.4881 59.4923 59.477 59.4778 59.4958 59.5101 59.49 59.4928 59.4381 0 
59.5022 0 
59.4907 59.5061 59.4807 59.4719 59.487 59.5009 59.5221 59.5088 59.422 59.4775 59.4913 59.4868 59.4498 0 
59.4827 59.5354 59.482 59.4808 59.519 59.5156 0 
59.4923 0 
59.5203 59.5037 59.488 0 
59.4945 59.5094 59.4926 59.5073 59.4815 59.4975 59.4955 59.5002 59.4919 59.4984 59.5055 59.4988 59.4974 59.5004 59.4878 59.4882 59.5041 59.4735 59.4816 59.5218 59.4909 59.4834 59.4592 59.5059 59.482 59.5019 59.5026 59.5231 59.4967 59.4717 59.5225 59.5117 59.4655 59.4768 59.4812 59.4852 59.5122 0 
59.4774 59.4765 59.493 0 
59.5135 59.5188 59.4925 59.4901 59.4929 0 
59.492 59.4991 59.4957 59.5066 59.4938 59.5083 59.5244 59.4927 0 
59.4788 59.481 59.4814 59.5035 59.4855 59.4332 59.473 59.4632 0 
59.4836 59.4852 59.5567 59.4649 59.4621 59.5452 59.5033 59.4976 59.4938 59.4873 59.5146 59.4949 59.4584 0 
59.523 59.5281 59.4973 59.4946 59.4941 59.4942 59.4831 59.4883 59.5078 59.4977 59.4801 59.4898 59.4731 59.5031 0 
59.4935 59.5131 59.4979 59.5001 59.4989 59.5 59.4929 59.4751 59.4966 59.5161 59.4859 59.4936 59.5231 59.512 59.4804 59.4981 59.498 0 
59.4919 59.4963 59.514 59.5038 59.4904 59.4967 0 
59.5132 59.5009 59.4969 59.504 59.5022 0 
59.4953 59.4967 59.4955 59.448 59.4622 59.54 59.4895 59.4849 0 
59.4961 59.5045 59.5226 59.5237 59.5175 59.5181 59.4579 59.4806 59.5174 0 
59.5193 59.4805 59.4992 0 
59.5249 59.4946 59.4534 59.524 59.5173 59.4705 59.5077 0 
59.4953 59.4936 59.5002 0 
59.5307 59.5077 59.4725 59.4987 59.4869 0 
59.4994 59.4973 59.4861 59.4706 59.5591 59.5201 59.4974 59.4989 59.5194 59.515 59.5186 59.4754 59.4793 59.4819 0 
59.5255 59.4855 59.4917 59.5289 59.485 59.5075 59.5376 59.4595 59.4478 59.4769 59.4873 59.5295 59.5362 59.4996 59.4948 59.5067 59.5228 0 
59.5081 59.4862 59.5201 59.5035 59.4786 59.4858 59.4967 59.51 59.4944 59.4756 59.5299 59.4784 59.4801 59.4717 59.4866 59.482 59.5113 59.4609 59.4854 59.5209 59.5111 59.494 59.5203 59.4833 59.5215 59.4841 59.5052 59.4371 59.4819 59.4851 59.4397 59.4699 59.4919 59.5348 59.4996 59.5296 59.4935 59.4942 59.4996 59.4952 59.5054 59.4748 59.4808 59.4809 59.4948 59.5068 59.5069 59.4691 0 
59.5216 59.4965 59.4826 59.4493 59.4776 59.4518 0 
59.4993 59.4982 59.5075 59.4968 59.5013 59.4698 59.5121 59.4499 59.5138 59.5023 59.4862 59.4762 59.4743 59.4671 59.4876 59.5158 59.5022 59.4837 59.5119 59.5044 59.5003 59.4793 59.5134 59.5241 59.4841 59.511 59.4974 59.5082 59.4861 59.4757 59.5089 59.4886 59.4925 59.5084 59.5182 59.508 59.4958 59.5006 59.4953 0 
59.507 59.4906 59.5061 59.5007 59.4796 59.5476 59.4972 0 
59.4898 59.4974 59.5104 59.5052 59.5139 59.5137 59.4998 59.4745 59.5398 59.486 59.4852 0 
59.4972 59.5243 59.4782 59.5221 59.5155 59.5121 59.5455 59.5063 59.4757 0 
59.5101 59.5039 0 
59.4911 59.4746 59.466 59.4866 59.4784 59.5017 59.4585 59.4934 59.5272 0 
59.5021 59.5114 59.4952 59.4901 59.465 59.4658 59.5241 59.5089 59.5543 59.5179 59.4661 59.4848 59.4972 59.4971 59.4895 59.4868 59.5208 59.4792 59.5149 59.5142 59.4802 59.4859 0 
59.4993 59.5375 59.4986 59.5045 59.48 59.5138 59.4889 59.4512 0 
59.4847 59.4778 59.5158 59.5025 59.4722 59.5225 59.5365 59.4632 59.4515 59.4915 59.4841 59.5364 59.5054 59.4663 59.5079 0 
59.489 59.4961 59.4935 59.4904 59.4902 59.5034 59.5017 59.5031 59.5003 59.5328 59.5261 0 
59.5039 59.509 59.4989 59.4973 59.4826 59.4691 59.5114 59.458 59.4521 59.4886 59.5018 59.5018 59.4919 59.4876 59.4916 59.5154 59.4757 59.4893 59.4913 59.49 0 
59.4915 59.4891 59.4946 59.4937 59.4828 59.4974 59.4906 59.4824 59.4705 59.5026 59.4994 59.4899 59.5008 0 
59.5014 59.4964 59.4739 59.4935 59.4874 59.482 59.4967 59.4975 59.4902 59.4732 0 
59.4902 59.5062 59.4863 59.4897 59.5078 59.4862 59.4902 59.4949 59.5014 59.5037 59.4908 59.5005 59.4994 59.5178 59.5059 0 
59.5004 59.4869 59.4918 59.5267 59.5354 59.4876 59.4978 59.4735 0 
59.5218 59.5238 59.4767 59.4957 59.4898 59.4928 59.4823 59.4828 59.4868 59.5072 59.4999 59.4846 59.4868 59.5087 59.5044 59.4882 59.4973 59.4746 59.4998 59.4843 59.5028 59.4985 59.4864 59.4918 59.4946 59.4952 59.4871 59.494 59.4908 59.4968 59.4949 59.5021 59.4857 59.5278 59.4802 59.4697 59.5131 59.4973 59.4637 59.4655 59.4626 59.5198 59.4954 59.5145 59.4731 59.5059 0 
59.4935 59.52 59.4928 59.4979 59.4987 59.5249 59.4934 59.4958 59.4721 59.4809 59.512 59.4868 0 
59.5222 59.5202 59.4487 59.4987 59.453 59.5142 59.4889 59.4837 59.5202 0 
59.4798 59.4976 59.5118 59.4745 59.5018 59.4803 59.5503 59.4708 59.5036 59.4684 59.4924 59.5188 0 
59.4998 59.4848 59.5022 59.4836 59.4879 59.461 59.539 59.5132 59.5209 59.4988 59.5073 0 
59.4877 59.4931 59.4898 59.4782 0 
59.5003 59.5039 0 
59.4819 59.4802 59.5172 59.4903 59.4932 59.4731 59.4683 0 
59.498 59.5145 59.5176 59.496 59.4978 59.5167 59.4996 59.4671 59.4712 59.4979 59.5145 59.4897 59.4966 59.4927 59.4854 59.4965 59.5107 59.4924 59.5063 59.5306 59.477 59.5193 59.5027 59.4997 59.4982 59.5005 59.5025 59.4995 0 
59.505 0 
59.5045 0 
59.5066 59.4919 0 
59.5232 0 
59.4892 59.4743 59.4683 59.4345 59.5117 59.5247 59.4599 59.4509 59.5022 59.4632 59.5154 59.4882 59.5384 59.4945 59.5418 59.5069 59.4855 59.4763 59.5252 59.5279 59.4818 59.5116 59.5586 59.4971 59.4951 59.501 59.4977 59.4942 59.4932 59.5081 59.5054 59.4883 59.4822 59.4902 59.5027 59.5012 59.4939 59.494 59.4866 59.5029 59.5058 59.4887 59.5075 59.5002 59.4824 59.5026 59.4941 59.4757 59.5148 59.5513 0 
59.484 59.476 59.4823 59.513 59.4574 59.4925 0 
59.4922 59.4829 59.4948 59.4979 59.5151 59.503 59.494 0 
59.4916 59.4995 59.497 59.4739 59.4666 59.4704 0 
59.4905 59.4908 59.4936 59.5103 59.4967 59.4925 59.4922 59.4904 59.5003 59.4823 59.475 0 
59.5138 59.5068 59.5324 59.4757 59.475 59.4588 59.5035 0 
59.5002 59.5325 59.5117 59.5238 0 
59.4856 59.5233 59.4865 59.4982 59.485 59.5136 59.4604 59.5463 59.5125 59.4638 59.5475 59.5436 0 
59.4955 59.49 59.4929 59.5058 59.502 59.4829 59.4969 59.4704 59.4977 59.5031 59.4978 59.5192 0 
59.4943 59.4979 59.4936 59.513 59.4926 59.497 59.5002 59.4995 59.5109 59.4675 0 
59.5211 59.5265 59.52 59.5281 59.5083 59.4754 59.4817 59.4964 59.4641 59.4678 59.493 59.5109 59.5104 59.494 59.4747 0 
59.5071 59.4966 59.5146 59.4587 59.4921 59.5101 59.4934 59.4983 59.5078 59.5457 59.4551 59.501 59.4841 59.4996 59.4804 59.4986 59.4796 0 
59.5152 0 
59.5379 59.4918 0 
59.4756 59.5125 59.4971 59.4881 59.4716 59.5146 59.4898 59.4999 59.4978 59.515 59.4943 59.4946 0 
59.5008 59.471 59.4666 59.4682 59.4783 59.5097 59.4895 59.5494 59.4898 59.5158 59.486 59.4872 59.468 59.5128 59.4949 59.5147 0 
59.5365 59.4938 59.5095 59.4814 59.5002 59.4794 0 
59.5084 59.4883 0 
59.4849 59.5196 59.4741 59.5095 59.5127 59.5124 59.4826 59.5169 59.4608 0 
59.4947 59.467 59.5108 59.515 59.5291 59.5035 59.488 59.5323 59.5015 59.5141 59.4968 59.5037 59.526 59.5025 59.4895 0 
59.5125 59.5223 59.5066 59.5026 59.4589 59.4966 59.4807 59.4853 0 
59.5015 59.5006 59.4828 59.5036 59.4854 59.47 59.5081 59.4869 59.5109 0 
59.4692 59.4791 59.5326 59.3994 0 
59.4908 59.5012 59.5063 0 
59.5193 59.4929 59.5163 59.5153 59.4988 59.5194 59.4914 59.5028 59.4901 59.5045 59.5189 59.523 59.4637 59.5226 59.5369 59.4483 59.5005 59.4789 59.5038 0 
59.4942 59.482 0 
59.4808 59.45 59.4893 59.4734 59.491 59.4815 59.4814 59.49 59.4839 59.4777 59.5121 59.5066 59.4853 59.4937 59.4928 59.5051 59.4871 59.492 59.4901 59.506 59.5126 59.467 59.5001 59.5012 59.5026 0 
59.4863 59.5162 59.5009 59.5197 59.4987 59.4884 59.4838 59.4794 59.4972 59.4987 59.4924 59.4994 59.4834 59.4807 59.4995 0 
59.5136 59.4956 59.4849 59.5018 59.4664 59.4949 59.491 59.5144 59.5093 59.4945 59.5118 59.4864 59.4941 59.4793 59.4745 59.5105 59.5093 59.4963 59.5018 59.4858 59.5062 59.518 59.4903 59.5108 59.5094 59.508 59.4975 59.4776 59.5072 59.4692 59.5177 59.4919 59.5113 59.4874 59.5067 59.5015 59.5269 59.5249 59.4817 0 
59.5243 59.4928 0 
59.4884 59.4476 59.4956 59.4989 59.4941 59.4942 59.4953 59.4908 59.4892 59.5038 59.4821 59.478 0 
59.4659 59.4652 59.4747 59.4874 59.4754 0 
59.5039 59.48 59.4977 59.4734 59.4917 59.5143 0 
59.492 59.4989 59.4948 59.5001 59.4791 59.4766 59.5103 0 
59.5291 59.5076 59.4748 59.4988 59.4777 59.5097 59.495 59.487 59.5111 59.5085 59.5009 59.5035 59.4895 59.5042 59.5215 0 
59.5 59.5031 59.4936 59.496 59.4927 59.5049 59.4936 59.4919 59.4851 59.5099 59.4956 59.4898 59.5049 59.5113 59.5045 59.4931 59.4763 59.4812 59.4696 0 
59.4924 0 
59.4866 59.4558 59.4846 59.5055 59.4841 59.5144 59.4972 0 
59.511 59.4712 59.4877 59.4952 59.464 59.5603 59.5083 59.4817 59.485 59.5184 59.4822 59.4977 59.4973 59.477 59.4799 59.4744 59.4954 59.5463 59.511 59.5012 59.498 59.5015 0 
59.4751 59.5101 59.5152 59.4938 59.4586 0 
59.5067 59.5018 59.4841 59.5074 0 
59.4559 59.479 59.4881 59.4767 59.5164 59.5178 59.5215 59.4904 59.5076 59.4694 59.4947 59.5288 59.5061 59.4821 0 
59.5116 59.4438 59.4763 59.4686 59.4681 59.5409 59.5278 59.4973 59.4844 59.4759 59.5057 59.4945 59.5276 0 
59.476 59.5396 59.4796 59.525 59.4988 59.4774 59.496 59.4999 59.5049 59.4964 59.48 59.4863 59.4986 59.5106 59.487 59.5075 59.4811 59.5285 59.5072 59.4856 59.4452 59.5282 59.5301 59.484 59.4852 59.477 59.491 59.4824 59.5295 59.5335 59.4968 59.4762 59.4531 59.4736 59.5282 59.5051 59.489 59.503 59.5456 59.4809 59.5061 0 
59.5303 59.5028 59.5005 59.498 59.4792 59.5089 59.4828 59.4993 59.4942 59.5031 59.497 59.4915 59.4709 59.4878 59.4852 59.4996 59.5111 59.5112 59.4718 59.5096 59.4764 59.4994 0 
59.5004 59.4954 59.4646 59.5107 59.4882 0 
59.4972 59.4704 59.4995 59.4992 59.5407 59.5325 59.5158 59.504 59.5114 59.5209 0 
59.5025 59.4806 59.4982 59.5116 59.4591 59.4657 59.4927 59.4924 59.5265 0 
59.5212 59.487 59.5005 59.5002 59.4737 59.5096 59.5253 59.4971 59.489 59.4943 59.4965 59.4771 59.509 59.4952 59.5026 0 
59.4923 0 
59.5052 59.4866 59.5369 59.4953 59.4869 59.5053 59.4926 0 
59.4757 59.4933 59.4917 59.4905 59.4978 59.5006 59.5077 0 
59.4829 0 
59.4712 59.5291 59.5228 59.5143 59.517 59.4971 59.5009 59.497 59.4844 59.5046 59.4936 59.5012 59.4654 59.4905 59.4765 59.4926 59.5127 59.4856 59.5199 59.5153 59.5056 59.5033 59.5087 59.493 59.4741 59.5008 59.5074 59.5027 59.5137 59.5074 59.485 59.5045 59.497 59.5159 59.4946 59.5022 59.4955 59.5003 59.5009 59.5027 59.5036 0 
59.4988 59.4887 59.5031 59.5021 59.5069 59.4965 59.5564 59.5018 59.5063 59.4783 59.505 0 
59.4903 59.495 59.4631 59.49 59.4958 59.5548 0 
59.4761 0 
59.5015 59.5055 59.5104 59.4553 59.4871 59.4901 59.4781 59.4982 59.5479 59.5056 59.4868 59.494 59.5029 59.5047 59.5301 59.4987 59.4878 59.5233 59.5055 59.5001 59.4873 59.4935 59.5032 59.5241 59.4983 59.526 59.5203 59.5059 59.5379 59.5538 0 
59.511 59.4761 59.5154 0 
59.5227 59.4991 0 
59.4834 59.5011 59.4674 59.489 59.5173 59.4716 59.4773 59.5065 59.49 59.4953 59.5028 59.5009 59.4968 59.514 59.5012 59.4972 59.4793 59.5142 59.4942 59.4593 59.4876 59.5059 59.4598 0 
59.4874 59.4993 59.5021 59.4962 59.487 59.4872 0 
59.5005 59.4922 59.4806 59.4816 59.5085 0 
59.4923 59.495 59.5141 59.5096 59.4959 59.5314 59.4948 59.5057 0 
59.4961 59.5375 0 
59.4845 0 
59.499 59.5066 59.4889 59.4838 59.4655 0 
59.4975 59.5 0 
59.5241 59.5046 59.4809 59.5036 59.4637 59.5027 59.5181 59.4606 59.4734 59.4699 0 
59.5108 59.4909 59.4531 59.5426 59.5189 59.5034 0 
59.4928 59.4844 59.4888 59.5446 0 
59.5016 59.5005 59.5127 59.4988 59.5242 59.5152 0 
59.4935 59.4705 59.4844 59.4762 59.4804 59.4788 59.4893 59.4807 59.5048 59.5725 59.4972 59.4669 59.5138 59.5155 59.5077 59.5219 59.4567 59.4922 59.4653 59.4782 59.4937 59.4872 59.4971 59.503 59.5216 59.4714 59.4952 59.5247 59.481 59.5056 59.5025 59.5086 59.4969 59.4922 59.4802 59.5329 59.4935 59.4828 59.468 59.4993 59.5029 59.4864 59.4919 59.5226 59.4874 59.4913 59.5053 59.5092 59.4916 59.4919 59.5 0 
59.5029 59.5142 59.4878 59.4929 59.4991 59.488 59.4952 0 
59.4973 59.4609 59.4996 59.4923 59.5091 59.4711 59.4889 59.4581 59.4875 59.4786 59.4477 59.4884 59.5274 59.5066 59.4974 59.497 59.5041 59.5456 0 
59.4949 59.5046 59.5011 59.5108 59.4561 59.4968 59.504 59.4835 59.5113 59.5117 59.5124 59.4873 59.5123 59.5071 59.4996 59.484 59.4892 59.4979 0 
59.5194 59.4721 59.5039 59.5044 0 
59.464 59.4791 59.4621 59.4838 59.4964 0 
59.4775 59.5127 59.4899 59.5062 59.4862 59.5033 59.5039 59.5016 59.4763 0 
59.517 59.501 59.5207 59.5186 59.4849 59.4819 0 
59.4893 59.5154 59.514 59.4374 59.4881 59.5088 59.4832 0 
59.5039 59.5059 59.4963 59.5066 0 
59.4839 59.4875 0 
59.4923 59.4806 59.4875 59.4975 59.4908 59.494 59.5076 59.4923 0 
59.4906 59.4847 59.4773 59.4691 59.4558 59.4809 59.4947 59.4333 59.5065 59.5136 59.4894 59.4519 0 
59.4875 59.4696 59.4751 59.4895 59.4988 59.4919 59.4823 59.5048 59.5037 59.4894 59.502 59.4983 59.4905 59.5109 59.4794 59.4791 59.5102 59.4823 59.5048 59.5231 59.495 59.4941 59.4862 59.5134 59.5054 59.4875 59.5067 59.4893 59.4826 59.5013 59.442 59.4951 59.4735 59.5177 0 
59.488 59.4919 59.4873 59.4979 59.5035 59.5043 59.4834 59.447 59.4604 59.4474 59.5038 59.5145 59.5167 59.4946 59.5034 0 
59.4765 59.5311 59.471 59.5173 59.5132 59.507 0 
59.4786 59.5232 0 
59.4999 59.4981 59.5047 0 
59.5063 59.5333 59.4909 59.4935 59.4886 59.4956 59.5128 59.4971 59.4755 0 
59.5037 59.5169 59.5095 59.4837 59.4608 59.4794 0 
59.5002 59.4972 59.4793 59.4715 59.4687 59.4895 59.5443 59.4938 59.5387 59.5107 0 
59.4982 59.467 0 
59.4869 59.5195 59.5078 59.4987 59.4826 0 
59.4596 59.4983 59.486 59.4823 59.535 59.5317 59.542 59.4949 59.4903 59.5221 59.4948 0 
59.5046 59.5012 59.5152 59.5275 59.5335 59.5235 59.501 0 
59.487 59.4772 59.4759 0 
59.5106 59.5222 59.4831 59.5131 59.5073 59.4662 59.5033 0 
59.4935 59.4877 59.4815 59.4786 59.4944 59.5075 59.494 59.4971 59.4777 59.4924 59.4877 59.5015 59.497 59.4987 59.5831 0 
59.4964 59.5013 59.5203 59.4631 59.4684 59.5023 0 
59.4893 59.4835 0 
59.473 59.4924 59.4709 59.4941 59.5053 59.4933 59.4659 0 
59.4889 59.4699 59.5148 59.5007 59.4815 59.5103 59.5045 59.4881 59.5113 59.512 59.5138 59.4891 59.5129 0 
59.4666 59.484 59.4983 59.4988 59.5141 59.4903 59.4998 59.5071 59.4906 59.512 59.5105 0 
59.5022 59.5257 59.5157 59.4818 59.4813 59.51 59.4776 59.4749 59.4658 59.5139 59.5376 0 
59.5035 59.5208 59.52 59.52 59.5103 59.4927 59.4869 59.4983 59.5002 59.4599 59.5048 59.5038 59.5084 59.5088 0 
59.4991 0 
59.5013 59.5244 59.5086 59.5222 59.4802 59.4365 59.4597 59.4616 59.4747 59.4866 59.4987 59.4695 0 
59.4826 59.4971 59.4992 59.5107 59.481 59.4915 59.4819 59.474 59.4883 59.5135 59.5002 59.4925 59.4851 59.4954 59.4234 59.4581 59.4447 59.486 59.4863 59.481 59.4851 59.5029 59.4846 59.5024 59.4772 59.4995 59.4925 59.5054 59.4883 59.5082 59.4642 59.4991 59.5188 59.4759 59.5178 59.512 0 
59.5065 59.5192 0 
59.518 59.4962 59.5013 59.5346 59.4921 59.4865 0 
59.4968 59.4864 59.5145 59.5052 59.4843 59.4738 59.5229 0 
59.4904 59.4904 0 
59.4958 59.488 59.4782 59.4923 0 
59.5211 59.4948 59.5037 59.5035 59.5079 0 
59.5013 59.4825 59.4896 59.5006 59.485 0 
59.5101 59.5123 59.5054 59.5021 59.536 0 
59.5049 59.463 59.5018 59.4828 59.5371 59.5036 59.4927 59.4875 0 
59.5133 59.5263 59.5166 59.5134 59.495 59.4774 59.5033 59.494 59.4866 59.4821 59.4953 59.4953 59.4942 59.4802 59.518 59.4894 59.4762 59.4893 59.52 59.4792 59.5058 59.494 59.4937 59.4946 59.4963 59.5113 59.4905 59.4934 59.5165 59.5064 59.4777 59.4858 59.4942 59.4844 59.4866 59.4894 59.4909 59.4945 59.4927 59.4878 59.4941 59.4825 0 
59.4712 59.4934 59.4947 59.4962 59.4892 59.4895 59.4846 59.5105 59.4959 59.4961 59.5092 59.4801 59.4855 59.4855 59.504 59.4854 59.4877 59.49 59.5046 59.501 59.4941 59.5071 59.5028 59.4928 59.4814 59.4931 59.4864 59.516 59.4959 59.5081 59.5218 59.5099 59.501 59.4868 59.4853 59.5034 59.5031 59.4933 59.5215 59.513 59.5018 59.4611 59.4967 59.4999 59.4765 59.477 59.4619 0 
59.5007 59.4932 59.4824 59.4944 59.4853 59.5215 59.4798 59.5299 59.4911 0 
59.5175 59.5058 59.4736 59.5083 59.511 59.495 59.4891 59.4877 59.5203 0 
59.5086 59.4507 59.5049 59.5111 0 
59.4936 59.5035 59.504 59.4994 59.4851 59.506 59.4903 59.4929 59.507 59.4929 59.4832 59.4826 59.5381 59.494 59.4606 59.4671 59.4741 59.4636 59.4603 59.4655 59.492 59.4575 0 
59.522 59.4622 59.5101 0 
59.4998 0 
59.4765 59.4627 59.501 59.5004 59.4937 59.4846 0 
59.4915 59.4853 59.5064 59.5103 59.5021 59.5075 59.5009 59.4829 59.5004 0 
59.4999 59.4906 59.4914 59.4878 59.5099 59.4818 59.4979 59.5049 59.489 0 
59.502 59.4943 59.5456 59.5228 59.5206 59.4968 59.4777 59.4747 59.4286 59.4884 59.5231 59.4948 0 
59.4836 59.4882 59.4888 59.4644 0 
59.4944 59.505 59.5068 59.478 0 
59.502 59.4885 59.4815 59.4915 59.4605 59.4857 59.5055 59.4778 59.4789 0 
59.5044 59.4912 59.496 0 
59.4798 59.4912 59.4997 59.5075 59.5006 0 
59.5216 59.4816 59.4969 59.5008 59.4734 59.502 59.4678 59.4739 59.4884 59.4795 0 
59.4733 59.5029 59.4899 59.487 59.4862 59.4928 0 
59.529 59.4865 59.4548 59.5337 59.5033 59.541 59.4963 0 
59.509 59.4943 59.5101 59.507 59.4719 59.4894 59.4944 59.4969 59.4949 59.4922 59.5148 59.4936 59.4714 59.4891 59.497 59.5183 59.515 59.5298 59.5036 59.4977 59.4777 59.5116 59.4989 59.4968 59.506 59.5055 59.504 0 
59.502 59.4553 59.4822 59.4949 59.5043 59.4839 59.488 59.4998 59.4873 59.5073 59.4944 59.4849 59.4889 59.504 0 
59.5124 59.5123 59.489 0 
59.4945 59.5198 59.4938 59.4721 59.4725 59.477 0 
59.5174 59.4896 59.4905 59.46 59.5496 59.4764 59.5137 59.4913 0 
59.4689 59.506 59.4812 59.498 59.488 59.5098 59.4702 59.5047 0 
59.4927 59.5068 59.4943 59.4975 59.5024 59.4663 59.5028 59.516 59.5155 59.48 59.4959 0 
59.4687 59.4911 0 
59.527 59.4896 59.4776 59.4825 59.4823 59.508 59.5 59.4969 59.5123 59.4904 59.488 59.512 59.5037 59.514 59.4895 59.4873 0 
59.4908 59.5132 59.4749 59.4708 59.5054 59.4985 59.4908 59.4996 59.5013 59.4903 59.4881 59.4862 0 
59.49 59.4997 59.4938 0 
59.5096 59.5118 59.4933 0 
59.5136 59.5068 59.493 59.4856 59.5047 59.4976 59.4985 59.4962 59.4983 59.4925 59.4708 59.5049 59.4951 59.484 59.5034 59.4942 59.5056 59.4946 59.4795 59.4958 59.5067 59.4838 59.5019 59.4997 59.4908 59.4817 59.4916 59.5022 59.5211 59.4763 59.4959 0 
59.4688 59.4876 59.5266 59.5088 59.5004 59.4928 59.5083 59.4804 59.4886 59.5052 59.5163 59.495 59.4885 59.4879 59.4913 59.4874 59.5135 59.493 59.4885 59.5063 59.4887 59.4914 59.5259 59.4856 59.5015 59.4683 59.4905 0 
59.4776 59.4855 59.5002 59.4532 59.5175 59.5035 59.491 0 
59.4933 59.4991 59.4847 59.4786 59.517 59.4935 59.5255 59.4704 59.5085 59.4963 59.5036 59.5155 59.4931 59.491 59.5117 59.4986 59.4756 59.5137 59.4956 59.5275 59.5003 59.4741 59.4913 59.5307 59.5074 59.4261 59.5007 59.5257 59.4906 59.5162 59.4656 59.4838 59.5308 59.4847 59.5126 59.4997 59.5059 59.4919 59.4928 59.5044 59.4911 59.5174 59.5131 59.4955 59.5108 59.5069 59.492 59.5009 59.4892 0 
59.4961 59.5303 59.5478 59.4901 59.4665 59.4859 0 
59.4907 59.4918 59.509 59.4807 59.4906 59.4924 59.4638 0 
59.5065 59.4547 59.5242 59.4772 59.5066 59.495 0 
59.5034 59.4865 59.5127 59.4542 59.4848 59.4738 59.521 0 
59.4847 59.4764 59.5049 59.5062 0 
59.5125 59.5204 59.4997 59.5029 59.5012 59.4961 59.4925 59.5036 59.5009 59.5051 59.49 59.4943 59.498 59.4935 59.4867 59.474 59.5092 59.4976 59.5211 0 
59.4753 59.4865 59.4913 59.4923 59.4852 59.5206 59.5007 59.4792 59.4807 59.4966 59.5082 59.452 59.4898 0 
59.5018 59.4899 59.5096 0 
59.4917 59.4946 59.4818 59.507 59.4951 59.4867 59.4944 59.4956 59.4862 59.4876 59.5099 59.5056 59.5207 59.5041 0 
59.5083 59.503 59.4777 59.5175 59.4397 59.4907 59.4301 59.5261 59.5014 0 
59.4934 59.4992 59.5099 59.5221 59.4855 0 
59.486 0 
59.49 59.4875 59.4901 59.4684 59.5132 0 
59.4992 59.497 59.4946 59.4579 59.4915 59.4892 0 
59.4819 59.4676 59.4809 59.4727 59.4948 0 
59.5062 59.501 59.4852 59.4928 59.4792 59.5098 59.495 59.4858 59.5005 59.497 59.4981 0 
59.4729 59.5033 59.5193 59.4938 59.4724 59.5083 59.4707 59.485 0 
59.522 59.4805 59.481 59.5322 59.4758 59.4902 59.5294 59.4932 59.4947 59.4856 0 
59.4832 59.4824 0 
59.4629 59.475 59.4878 59.516 59.4923 59.4724 59.5073 59.5028 59.5102 59.5023 59.495 59.4955 59.4941 59.4964 59.4994 59.4961 59.4946 0 
59.4971 59.5017 59.4562 59.5014 59.5267 59.5155 59.4669 59.471 59.4837 59.5522 59.4688 59.4674 59.5031 59.442 59.5269 0 
59.4963 59.5543 59.4784 59.51 59.4989 59.5304 0 
59.4989 59.4845 59.4945 59.4928 59.4613 59.5201 59.5025 59.4451 59.4782 59.5074 59.4817 59.4759 0 
59.4938 59.5174 59.4998 59.489 59.4943 59.493 59.4888 59.485 59.4939 0 
59.5001 0 
59.4909 59.4844 59.4977 59.4724 59.5232 59.454 59.5096 59.5247 0 
59.4707 59.4816 59.5192 59.4142 59.4704 59.5232 59.4978 0 
59.4755 59.4718 59.4864 59.4758 59.4852 59.4721 59.46 59.4777 0 
59.4889 59.5022 59.5336 59.5142 0 
59.4958 59.4961 0 
59.5117 59.5284 59.5146 59.4901 59.4837 59.5275 59.4493 59.5087 59.4343 59.5472 59.537 59.4755 0 
59.5122 59.4825 59.5004 59.523 59.4932 59.5201 59.4558 59.4784 59.5252 0 
59.4837 59.4948 59.5047 59.4864 59.4828 59.5004 59.4881 59.492 59.5111 59.4785 0 
59.4858 0 
59.4701 59.5345 59.5069 59.5125 59.502 59.4581 59.4949 59.474 59.5162 59.499 59.5266 0 
59.5103 59.5035 59.4829 59.5005 59.4736 59.4284 59.5389 59.4952 59.5297 59.5233 0 
59.4833 59.5011 0 
59.4769 59.4873 59.4847 59.5172 59.5135 59.4902 59.4788 0 
59.5027 59.4908 59.5015 59.53 59.5072 0 
59.4923 59.4923 59.4737 59.5349 59.4786 59.4613 59.5229 59.496 59.4506 0 
59.49 59.5205 59.5078 59.5039 59.4709 59.5056 59.4843 59.5182 59.4931 59.4629 59.4823 59.4931 59.4763 59.5007 59.4812 59.4626 59.5175 59.5542 59.5146 59.5119 59.4759 59.4596 59.4737 59.4785 59.4964 59.4935 59.4741 59.4582 59.4978 59.5056 59.4761 59.5545 59.5423 59.4962 0 
59.4918 59.5081 59.4992 59.4467 59.5125 59.489 59.4752 59.4888 59.4906 59.493 59.4988 59.4996 59.5152 59.5204 59.5088 59.4676 59.4881 59.4634 59.487 59.5248 59.518 59.5408 59.5178 59.4873 59.4981 59.4889 59.4972 59.4911 59.4967 59.5146 59.4895 59.4827 59.4817 59.513 59.5316 59.5197 59.4736 59.4936 59.4587 59.5233 59.5271 59.495 59.4995 59.4855 59.5166 59.4953 59.5213 0 
59.4803 59.4832 59.4853 59.5091 59.4779 59.4542 59.4589 59.5204 59.5125 0 
59.4903 59.5 59.5196 59.4728 59.5194 59.5124 59.4863 59.487 59.4843 0 
59.4852 59.4949 59.4941 59.5152 59.5089 59.495 0 
59.4863 59.4892 0 
59.491 59.4867 59.4901 59.4802 59.484 59.4789 0 
59.5022 59.5085 0 
59.4956 0 
59.4869 59.4832 59.4922 59.5021 59.4882 59.5131 0 
59.503 59.4899 0 
59.5009 59.5209 59.4752 59.5199 0 
59.4834 59.4807 0 
59.5026 59.4845 59.4734 59.4995 0 
59.4975 59.4719 59.4909 59.4938 59.4404 59.5144 59.5077 59.4958 59.4931 59.4905 59.5039 59.4734 59.4989 59.4924 59.4733 59.4807 59.5028 59.4933 59.4926 59.4813 59.4785 59.498 59.4984 59.4699 59.4959 59.5126 59.4924 59.5124 59.5645 59.4814 0 
59.5193 59.4625 59.4793 59.5419 59.4753 59.5049 59.4817 59.4899 59.5019 59.4871 59.5011 0 
59.5046 59.5171 59.4916 59.5034 59.4938 59.5138 59.5102 59.5001 59.4649 59.4771 59.5086 59.4719 59.4993 59.4974 59.4948 59.5132 59.5102 59.442 59.4591 59.5015 59.4616 59.539 59.4921 59.4442 59.465 59.4927 0 
59.485 59.4817 59.5113 59.4742 59.5059 59.5042 59.5011 59.4795 0 
59.5092 59.5056 59.4866 59.4955 59.489 59.5 59.5016 59.5095 59.4953 59.485 59.4965 59.4744 59.4907 59.4866 59.5152 59.4912 59.4918 59.4983 59.4921 59.5168 59.4856 59.4755 59.4976 59.4925 59.4909 59.4879 59.4996 59.4854 59.4883 59.499 59.4986 59.4945 59.4959 59.4695 59.4982 59.5162 59.4908 0 
59.4862 59.4871 59.4819 59.4966 59.5269 59.4985 59.5045 59.4837 59.4977 59.4849 59.5073 59.4887 59.5261 59.5078 0 
59.5004 59.4812 59.5012 0 
59.495 59.4868 59.5102 59.4937 59.4482 59.5276 59.4573 59.4254 59.4343 59.4679 59.4927 59.4881 59.4775 59.4869 59.4343 59.4865 59.4908 59.4955 0 
59.491 59.4762 59.4904 59.5242 59.5038 59.5084 59.4705 59.4961 0 
59.478 59.4733 59.4918 0 
59.4868 59.4983 59.497 59.4813 59.5053 59.5008 59.4954 59.4889 59.4881 59.5063 59.4686 59.4961 59.4393 59.4605 59.4672 59.4909 59.4518 59.456 59.4615 59.4934 59.4949 59.5056 59.5088 59.4736 59.4888 59.4788 59.5318 59.4421 59.4897 59.4701 59.4879 59.4924 59.4966 59.4745 59.5019 59.4832 59.5029 59.4577 59.4657 59.4867 59.507 59.5005 59.4884 59.501 59.5109 59.4997 59.4989 59.4921 59.5127 0 
59.4941 59.4606 59.5069 59.4721 0 
59.4979 59.5002 59.5198 59.4871 59.5003 59.5116 0 
59.51 59.4822 59.4834 59.4853 59.5156 59.508 59.5037 59.4915 59.5009 0 
59.4932 59.4909 59.5253 59.4965 0 
59.4923 59.4843 59.4668 59.4791 59.5028 59.5116 59.4868 59.496 59.5003 59.4937 59.5112 0 
59.5002 59.4892 59.4871 59.493 59.4978 59.4898 59.4884 59.4625 59.4654 59.485 59.4573 0 
59.4911 59.5007 59.5148 59.5293 59.478 59.5105 59.5062 0 
59.4782 59.4997 59.4944 59.5184 59.497 59.4932 59.4913 59.4817 59.4884 59.4923 59.4851 59.5027 59.4725 59.5177 59.48 59.4966 59.5032 59.4903 0 
59.4815 59.4848 0 
59.5191 59.4925 59.4404 59.4969 59.5006 59.4976 59.455 59.4932 0 
59.4982 59.5063 59.4714 59.4736 59.4929 59.4838 59.466 59.497 59.4645 59.4144 59.5249 0 
59.5106 59.5446 59.4814 59.506 59.5554 59.4977 59.4689 0 
59.4908 59.4765 59.4765 0 
59.5095 59.5004 59.4909 0 
59.4888 59.4837 59.5005 59.4848 59.504 59.4887 59.4968 59.489 59.4886 59.5 59.4962 59.4734 0 
59.4932 59.5018 59.4775 59.4951 59.4919 59.4773 59.5012 0 
59.4757 59.5122 59.4711 59.4977 59.5177 0 
59.5151 0 
59.4841 59.4804 59.5379 59.5085 59.502 59.5229 59.5199 59.4735 59.4964 59.4738 59.5176 59.4653 59.486 59.4848 59.5074 59.5011 59.5116 59.5012 59.486 59.4876 59.491 59.5009 59.4972 59.5049 59.4989 59.4861 59.5088 59.503 59.4842 0 
59.5135 59.5087 59.5322 59.5088 59.5094 59.5062 59.5387 59.4771 59.4815 59.516 59.4739 59.5097 59.4878 59.4316 59.5182 59.4561 59.468 59.4655 59.4935 59.5243 59.4604 59.4492 59.4626 59.4511 59.4891 59.4951 59.4919 59.4857 59.5134 59.5077 59.5007 59.4844 59.4841 59.4734 59.4978 59.5003 59.5006 59.5329 59.4498 59.5261 59.488 59.4601 59.5303 59.4922 59.4978 59.5074 59.5091 59.4963 59.4808 59.4999 59.4878 59.5022 59.4813 59.5127 59.4912 59.5125 59.4976 59.4897 59.5041 59.5103 59.5198 59.4926 59.4884 59.5115 59.4931 59.5146 59.4963 59.5069 59.5209 59.5072 59.4931 59.4835 59.4856 59.468 59.4843 59.5027 59.5075 59.508 59.4994 0 
59.5013 59.4908 59.474 59.4718 59.4763 59.5016 59.4921 59.4876 59.4942 59.5112 59.5026 59.5184 59.4668 59.4973 0 
59.5026 0 
59.4913 59.4868 59.4956 59.5304 59.5082 59.5173 0 
59.508 59.4794 59.5017 59.488 59.5132 59.4921 59.4965 0 
59.5106 59.4847 59.5228 59.4799 59.482 59.5034 59.4961 59.4482 59.5175 59.4476 0 
59.4828 59.5085 59.484 59.5141 59.5118 59.451 59.5076 59.4826 59.5391 59.4968 59.5485 59.4681 0 
59.5074 59.5014 59.5165 59.4815 59.4486 0 
59.4781 59.5248 59.4912 59.5028 59.5063 59.5071 59.4807 59.5063 59.4633 59.5069 59.5035 59.4839 59.4907 59.4487 0 
59.4852 59.4771 59.481 59.4981 59.507 59.4852 59.5231 59.4947 0 
59.4973 59.4987 59.5233 59.4918 59.4769 59.5059 59.4671 59.4977 59.483 59.5256 59.5199 59.4712 0 
59.5121 59.5043 59.516 59.4813 59.4777 59.4897 59.481 59.4994 59.438 59.4927 59.5056 59.5117 59.4694 59.5004 59.4604 59.4536 59.4853 59.4819 59.4797 59.4896 59.4945 59.4508 59.4795 59.4495 59.4985 59.5051 59.4813 59.4856 59.4132 59.5076 59.4904 59.4939 59.5036 59.5036 59.4913 0 
59.4958 59.4726 59.5025 59.4857 59.479 59.4826 59.513 59.4932 59.4801 0 
59.4649 59.4996 59.4919 59.4906 59.5202 59.5247 59.478 59.5063 59.4753 59.4853 59.4974 59.5102 59.4917 59.5272 0 
59.4994 59.4533 59.5066 59.5038 59.5114 59.4886 59.4944 59.5028 59.493 59.492 59.4596 59.4627 59.4875 59.498 59.4987 0 
59.4932 59.4932 59.5017 59.4972 59.4961 59.5155 59.4997 59.4991 0 
59.5289 59.5085 59.4891 59.5073 59.5424 59.4908 0 
59.5113 59.4947 59.4931 59.4923 59.4852 59.5001 59.4956 0 
59.5127 59.5125 59.5234 59.5471 59.5246 59.4781 59.5031 59.4823 59.5126 0 
59.5083 59.502 59.5093 59.4954 0 
59.4797 59.5296 59.5289 59.5101 59.469 59.4956 59.4618 59.5225 59.5137 59.51 59.4745 0 
59.5008 59.4964 59.4827 59.4957 59.5058 59.5025 59.48 59.4925 59.5045 59.4845 59.4848 59.4954 59.4868 59.4943 59.4996 59.4926 59.4973 59.4908 59.4893 59.4927 59.4833 59.5006 59.4877 59.5027 59.5092 59.4929 59.5001 59.5169 0 
59.5161 59.4861 59.5051 59.4941 59.5061 59.4966 59.5046 59.4853 59.5174 59.5049 59.4659 59.5019 59.45 0 
59.5076 59.4822 59.4676 59.4975 59.481 59.5276 59.4628 59.496 0 
59.5023 59.5229 59.487 59.4843 0 
59.4979 59.4997 59.4993 59.4845 59.4955 59.4824 59.5124 59.4713 59.4996 0 
59.4868 59.494 59.4806 59.4958 59.498 59.4707 59.477 59.5296 59.4882 59.4793 59.4789 59.4867 59.5052 59.5244 59.4859 59.5848 59.4801 59.497 59.4371 59.4421 59.4804 59.5041 59.5285 59.5062 59.4571 59.4782 59.4862 0 
59.4662 59.4915 59.4934 0 
59.482 59.489 59.4776 59.5132 0 
59.4862 59.4924 59.5247 59.487 59.4951 59.5143 59.5056 59.5015 0 
59.4936 59.5052 59.4746 59.4912 59.4958 0 
59.4992 59.4747 59.467 0 
59.5075 59.4923 59.4729 59.5042 59.4693 59.5008 59.516 59.5392 59.5053 59.4926 59.5313 59.511 59.5148 59.4792 0 
59.5168 59.5451 59.4807 59.4913 59.4748 59.4996 0 
59.4917 59.4797 59.4929 59.5077 59.5203 59.4386 0 
59.4934 59.48 59.4886 0 
59.5071 59.473 59.4946 59.5243 59.4684 59.4665 0 
59.4904 59.5 59.5029 59.5097 59.5047 0 
59.4674 59.4889 59.4735 59.5063 0 
59.509 59.571 59.4801 0 
59.4957 59.4935 59.5043 59.5014 59.4744 59.5088 0 
59.4688 59.4851 59.4997 59.5127 59.5235 0 
59.5031 59.51 59.5083 59.4737 59.5194 59.503 59.45 59.49 59.5296 59.5087 0 
59.5019 59.5022 59.4824 59.5181 59.5052 59.4833 59.4946 0 
59.513 59.4722 59.48 59.4955 59.5093 59.5009 59.4927 59.5093 59.5125 59.4881 59.4866 0 
59.5107 59.4855 0 
59.4978 59.4975 59.4948 59.4956 59.4908 59.4945 59.4932 59.4694 59.5048 59.4916 59.4788 59.4896 59.4946 59.5018 59.4935 59.4901 59.537 59.5065 59.5217 59.4592 59.4739 59.486 59.5016 59.4926 59.5142 59.4773 59.5246 59.5151 59.4933 59.503 59.5081 59.5192 0 
59.4896 59.5123 59.4802 59.4935 0 
59.4865 59.5186 59.4696 59.5006 59.496 59.5 59.5081 59.5065 59.511 59.5165 59.52 0 
59.5089 59.5031 59.5139 59.5058 59.4949 59.4906 59.51 59.4856 59.4774 59.5454 59.4933 0 
59.5012 59.4809 59.5027 59.5001 59.515 59.5113 59.5138 59.4988 59.4905 59.4878 59.4945 59.4597 59.4866 59.5214 59.5021 59.4928 59.5056 59.5157 59.511 59.5208 0 
59.4793 59.4858 0 
59.4972 59.4531 59.4977 59.4496 59.4972 59.5106 59.4876 0 
59.4918 59.5097 59.4756 59.4931 59.5297 59.5122 59.4816 59.5042 0 
59.5022 59.497 59.4716 59.4606 59.4775 59.4986 0 
59.5031 59.4742 0 
59.4777 59.4923 0 
59.4871 59.5587 59.523 59.5254 59.4737 59.4626 59.4917 59.5096 59.4842 59.5035 59.5149 59.4872 59.5235 59.4887 59.4818 59.4944 59.5094 59.4937 59.4961 59.494 59.4823 59.4975 0 
59.4897 59.4834 59.4813 59.5067 59.4908 0 
59.4911 59.4844 59.4533 59.5126 59.5073 59.5023 59.5154 59.482 59.4875 59.486 59.4927 59.5261 59.4823 59.4278 59.5204 59.5193 59.5036 59.5005 59.4982 59.5136 0 
59.4868 59.5134 59.4625 59.4785 59.52 59.4924 59.4727 59.5142 59.4874 59.4423 59.5019 59.4891 59.4742 59.4629 59.4687 59.4579 59.4975 59.4979 59.5167 59.5213 59.4896 59.5105 59.458 59.4863 59.4884 59.463 59.5274 59.4689 59.4958 0 
59.4986 59.515 59.4674 59.5119 59.4743 59.5425 0 
59.518 59.4964 59.5215 0 
59.5017 59.5147 59.509 59.4975 59.5031 0 
59.5079 59.4956 59.4789 59.4813 59.5022 59.5176 59.4892 59.5025 59.4724 59.4516 59.487 59.4993 59.4909 59.4995 59.4858 59.4847 59.4803 59.5055 59.494 59.4887 59.4877 59.4963 59.5039 0 
59.4648 59.4615 59.4508 59.5157 59.5026 59.4745 59.4931 59.5159 59.5047 0 
59.4794 59.4856 0 
59.4856 59.5088 59.5027 59.5033 59.4701 59.5027 59.5109 59.4946 0 
59.4967 59.5033 59.5172 59.5201 59.5336 59.5106 59.4867 59.4832 0 
59.4922 59.5042 59.5001 0 
59.5127 59.5054 59.5083 59.5261 59.5135 59.5237 59.4755 59.4639 59.4826 59.533 59.4763 59.4935 59.5063 0 
59.495 59.4644 59.5129 59.4867 59.4849 0 
59.4919 59.4742 59.5067 59.5039 59.4985 59.4997 0 
59.4799 59.5078 59.4792 59.4974 59.5145 59.4851 59.4689 59.4613 59.4981 59.4918 59.488 59.4917 59.5214 59.488 59.5179 0 
59.495 59.4992 59.495 59.5027 59.4902 59.5103 59.5017 0 
59.4921 59.4713 59.5319 59.5359 59.505 0 
59.4984 0 
59.5032 59.5073 59.5016 59.4853 59.4929 59.4925 59.5156 59.5233 59.5075 59.4808 59.5141 59.4849 59.4974 59.4554 59.4939 0 
59.4949 59.5055 59.4927 59.4861 59.5117 59.4892 59.5228 59.5001 0 
59.5154 59.4917 59.5233 59.5018 0 
59.4862 59.4825 59.4947 59.5128 59.4881 59.5176 59.4909 59.5299 59.5033 59.4913 0 
59.4735 59.4607 59.4742 59.4831 59.4487 59.4833 59.4263 59.5172 59.5125 59.4979 59.5019 59.5079 59.5277 59.529 59.5037 59.4943 59.503 59.4789 59.5382 59.5102 59.4952 59.4918 59.5042 59.4936 59.5192 59.5011 59.4681 59.4735 59.5205 59.4941 59.4271 59.4984 59.4946 59.4841 59.5006 59.5439 59.4919 59.5611 59.4899 59.5233 59.5332 59.4889 59.4761 59.4802 59.5083 0 
59.4819 59.4927 59.4756 59.5144 0 
59.4943 59.5022 59.4512 59.4932 59.5066 59.4804 59.4998 59.4854 59.4935 59.5009 59.4965 59.4925 59.5021 59.4885 59.483 59.4809 0 
59.4852 59.4767 59.4918 59.4808 59.4936 59.4999 59.482 0 
59.4945 59.4572 0 
59.4946 59.5026 59.5156 59.5152 59.4849 0 
59.4736 59.494 0 
59.4738 59.4763 59.5071 0 
59.4933 59.5024 0 
59.496 0 
59.4927 59.4944 59.4973 59.4935 59.4774 59.4999 59.5092 59.494 59.4901 59.4968 59.5073 59.4821 59.4738 59.5104 59.4934 59.4821 59.4952 59.4824 59.5256 0 
59.5007 59.4868 59.5079 59.4808 59.4937 59.5128 59.5223 59.5089 59.4883 59.4876 59.4843 59.5288 0 
59.5323 59.5279 59.4973 59.4675 59.5 59.5046 59.5232 0 
59.4872 59.4958 59.5079 59.4713 59.4964 59.5076 59.4998 59.4834 59.4991 59.4984 59.5092 59.509 0 
59.5235 59.4831 59.4916 59.485 59.4708 59.4927 59.4866 59.4786 59.4489 0 
59.4853 59.4973 59.4982 59.4695 59.507 59.4727 59.4841 59.4964 0 
59.5055 59.4733 59.5081 59.4993 59.4914 59.4648 0 
59.498 59.5037 59.5415 59.4899 59.5037 59.5014 59.4919 59.482 0 
59.4908 59.4917 59.5054 59.4828 59.4913 59.5064 59.4888 59.4974 59.5045 59.4913 59.5142 59.5197 59.4895 59.5069 59.5301 59.489 59.5172 59.4968 0 
59.4771 59.4992 59.4967 59.4738 59.473 59.5174 59.4924 59.5068 59.5058 0 
59.5293 59.498 59.4836 59.4624 59.5146 59.4953 59.4888 59.4766 59.5073 59.4745 59.4735 59.5074 59.4912 59.4715 59.5127 59.5069 59.4821 59.5137 59.4839 59.4893 59.4774 59.4832 59.4876 59.4917 59.4783 59.4828 0 
59.4984 59.5173 59.4859 59.5255 59.4981 59.522 0 
59.5037 59.4831 59.4467 59.503 59.4817 59.5083 59.4952 59.4868 0 
59.5137 0 
59.479 59.4865 59.491 59.4985 59.5202 59.4853 59.4812 59.4952 59.4693 59.4947 59.5015 0 
59.4983 59.4538 0 
59.503 59.4809 59.5452 59.4834 59.4899 59.5407 59.5037 59.4815 59.5148 59.4958 0 
59.5228 59.4752 59.5138 59.4914 59.5098 59.519 59.5036 0 
59.4666 0 
59.4975 59.5089 59.4884 59.4737 59.4893 59.4978 59.4798 59.4951 59.4784 59.4957 59.5016 59.4764 0 
59.4964 59.4977 59.4996 59.527 59.4915 0 
59.513 59.4757 59.4791 59.489 59.5374 59.4957 59.4819 59.4891 59.493 59.5121 59.4967 59.485 59.486 59.4995 59.4971 59.4973 59.4911 59.4919 59.4879 59.4705 59.5014 59.495 59.4627 59.4854 59.4849 59.483 59.5001 59.4755 59.5085 59.4997 59.505 59.5112 59.4741 59.4895 59.4834 59.5099 59.4937 0 
59.4862 59.4749 59.4842 59.5063 59.4639 59.512 59.4939 59.4886 0 
59.5008 59.5044 59.4503 59.4667 59.5187 59.487 59.5156 59.5123 59.548 59.503 59.4994 0 
59.5043 59.4681 59.4723 59.4906 59.4905 59.4284 59.4927 59.5189 59.4914 59.497 59.5121 59.4544 59.5083 59.5079 59.5246 59.5115 59.497 0 
59.4985 59.4904 59.5091 59.45 59.5074 59.4581 59.4947 0 
59.4811 59.4567 59.4684 59.4894 59.5052 59.5043 59.5046 59.4911 59.4967 0 
59.4879 59.5028 59.4901 59.472 59.498 59.4936 0 
59.487 59.5061 59.4903 59.4823 59.5136 59.5273 59.4841 59.5128 59.4956 59.4888 0 
59.4918 59.4912 59.4953 59.4884 59.5031 59.4693 59.5114 59.5126 59.4997 59.4365 59.4634 59.4659 59.467 59.5415 59.4789 59.4881 59.4607 59.5185 59.4849 59.4985 59.4701 59.5188 59.5146 59.4818 59.4627 59.4776 59.471 59.4834 59.4824 59.5126 59.4521 59.4883 59.4891 59.5115 0 
59.4824 59.5006 59.4948 59.4987 59.4971 59.499 59.4834 59.5068 59.4952 59.5001 59.4949 59.4997 59.4973 59.4858 59.5321 59.4925 59.5003 59.4877 59.4979 59.5085 0 
59.4944 59.4889 59.4947 59.4895 59.4928 59.5095 59.5039 0 
59.5109 59.4707 59.5005 0 
59.5149 59.4621 59.5224 59.4795 59.5138 59.4771 59.4875 59.4879 0 
59.5014 59.4908 59.4885 59.4968 59.5309 59.5109 59.4904 59.4963 0 
59.5164 59.5101 59.4872 59.4973 59.5024 59.4882 59.5008 59.5299 59.4708 59.4851 0 
59.4905 59.5277 59.4876 59.4587 59.4871 59.5466 59.4711 59.5019 0 
59.5118 59.5075 59.492 59.4891 59.5022 59.5047 59.4872 59.4869 59.4987 59.5314 59.5012 59.531 59.5258 59.5028 59.4863 0 
59.5293 59.504 59.4909 59.5078 59.5193 59.4803 59.4618 59.4704 59.4932 0 
59.4808 59.4623 59.4621 59.5057 59.4958 59.4909 59.5142 0 
59.5063 59.4751 59.4634 59.4717 59.4929 59.4783 59.511 59.4848 59.481 59.4794 0 
59.463 0 
59.512 59.5018 59.4534 59.5268 59.5034 0 
59.4912 59.4976 59.4767 59.5161 59.5064 59.5092 59.4635 59.4928 59.4679 59.4929 59.4989 0 
59.4749 59.4854 59.501 59.5038 0 
59.4772 59.4859 59.4755 59.5261 59.5194 59.482 59.5295 59.5263 0 
59.51 59.4945 59.4799 59.4893 59.4811 59.4933 59.4965 59.5084 59.511 59.5081 59.4888 59.5125 59.5371 59.441 59.5649 59.4246 59.4765 59.4835 59.4962 0 
59.4842 59.5017 59.5261 59.5185 59.5049 59.5009 0 
59.4672 0 
59.5077 59.4964 59.5264 59.4852 59.4786 59.4431 59.5156 59.4946 59.5312 59.5003 59.4927 59.4867 59.4621 59.5011 59.4797 59.4867 59.5156 59.4526 59.4841 59.4731 59.4915 0 
59.49 59.49 59.5301 59.4977 59.5016 59.4792 59.5261 59.4948 0 
59.4882 59.4846 59.5012 59.4946 59.4866 59.4971 59.5056 59.4789 59.4978 59.4863 59.5215 59.4801 59.5194 59.461 59.4723 59.4865 59.4815 59.539 59.5474 59.4805 0 
59.5095 59.4952 59.5269 59.5002 59.5252 59.468 59.5132 59.5051 59.4843 0 
59.5064 59.4857 59.4608 59.4866 59.4945 59.5261 59.4563 59.4887 59.4812 59.4856 0 
59.5047 59.4934 59.4981 59.4735 59.4884 59.4829 59.4675 59.4961 59.492 59.5 59.4875 59.4958 59.4912 59.507 59.4959 59.5037 59.5084 59.4736 0 
59.4739 59.4924 59.5098 59.5041 59.5335 59.5175 59.499 59.5061 59.5014 59.5056 59.5035 59.4946 59.493 59.5022 59.5006 59.4991 59.4958 59.5054 59.4914 59.4805 59.502 59.4988 59.4926 59.4718 59.4954 59.5007 59.5051 59.4874 59.4588 59.5303 59.4579 59.4912 59.5072 59.4667 59.5031 59.5175 0 
59.4991 59.4846 59.4976 59.4997 59.4958 59.4958 59.4888 59.4755 59.4836 59.4842 59.4916 59.5024 59.5086 0 
59.4993 59.5169 59.4458 59.5213 59.4925 59.4892 59.5402 59.4782 59.5277 59.4962 59.4735 0 
59.5224 59.4916 59.5163 59.4911 59.5194 59.4616 59.4949 59.5063 59.4735 59.5448 0 
59.5058 59.4819 59.4939 59.5113 59.5056 59.4782 59.5081 59.5184 59.515 59.4922 59.4929 59.5112 59.4853 59.4864 59.5229 59.4807 59.4956 59.5136 59.5045 59.5099 59.4818 59.4901 0 
59.4838 59.4877 59.4978 59.4977 59.5052 59.4501 0 
59.5148 59.4958 59.4771 59.5085 59.4765 59.4774 59.5054 59.5029 59.4937 0 
59.4742 59.5241 59.4963 59.494 59.5094 59.4985 59.4887 59.5024 59.4956 0 
59.5424 59.4801 59.4953 59.4927 59.5034 59.4914 59.5086 59.5018 59.4783 59.4659 59.5133 59.5269 59.4626 59.48 59.4863 59.4694 59.5079 59.5053 59.4991 59.4795 59.4582 59.4718 59.5023 59.498 59.5152 0 
59.5015 59.4746 59.4849 59.4487 59.4799 59.513 59.4899 59.4902 59.5064 59.488 59.4961 59.5073 0 
59.4977 59.4756 59.5466 59.5234 0 
59.4814 59.5073 59.5136 59.5063 0 
59.4857 0 
59.499 59.525 59.4887 59.4762 59.4566 59.5046 59.4809 59.5126 59.4951 59.5072 59.5123 59.4991 0 
59.4904 59.5254 59.5078 59.4911 59.4972 59.5418 59.4727 59.4879 59.4921 59.4992 59.4895 59.4779 59.4764 59.4918 59.5001 59.4743 59.506 0 
59.4953 59.484 59.4858 59.4932 59.4505 59.5006 59.4895 59.4553 59.5213 0 
59.5036 59.4733 59.4982 59.4868 59.5333 59.5053 59.4648 59.5436 59.5224 59.4933 59.4741 0 
59.4813 59.5161 59.4913 59.5034 0 
59.4915 59.4856 59.4812 59.5169 59.4882 59.4672 59.4948 59.5343 0 
59.5064 59.5156 59.5021 59.5226 59.5104 59.4934 59.4923 0 
59.5014 59.4873 59.5719 59.5146 59.4878 59.5269 59.5543 0 
59.4582 59.4649 59.5017 59.48 59.5008 59.4691 59.4733 59.482 59.5342 59.4845 59.4955 0 
59.4916 0 
59.4937 59.4901 59.4935 59.4765 59.5041 59.4956 0 
59.5007 59.5048 59.492 59.4656 59.485 59.4843 59.5328 59.501 0 
59.5246 59.5011 59.4881 59.449 59.5129 59.5207 59.5122 59.5234 59.4985 59.4959 59.4706 0 
59.5147 59.4812 59.5027 59.4793 59.4747 59.4923 59.5194 0 
59.4972 59.4681 59.513 59.5089 59.5076 59.4976 59.4938 59.4987 59.4711 59.4959 59.4962 59.5393 0 
59.4669 59.5035 59.4808 59.4678 59.4698 59.4924 0 
59.5047 59.4815 59.4848 59.4801 59.4794 59.5004 59.5203 59.5115 59.5343 59.4995 59.4749 59.4874 59.5149 59.5064 59.5069 59.5296 59.5082 59.4698 59.4984 59.4553 59.5001 0 
59.5269 59.4949 59.5069 59.5358 59.5173 59.5047 59.5007 59.4908 59.4977 59.4964 59.4931 59.485 0 
59.4763 59.5446 59.4844 59.4727 59.5037 59.4607 59.4951 59.4764 59.5344 59.4978 59.4988 0 
59.5028 59.5508 59.4973 59.5001 59.5195 59.4847 59.4992 59.5162 59.4565 59.4689 59.4792 59.4992 59.5055 59.5036 59.4698 59.4655 59.5007 59.4979 59.4915 59.4786 59.4926 59.4977 59.5085 59.5063 59.5036 59.5208 59.4901 59.5042 59.5044 59.4969 59.497 59.5124 59.49 59.4797 59.5238 59.474 59.5079 59.4988 59.5319 59.4977 59.5055 59.5015 59.5095 59.5172 59.5457 59.5083 59.5331 0 
59.4923 59.5091 0 
59.5049 59.4646 59.4986 59.5173 59.5137 59.4819 59.4709 59.5032 59.5233 59.4768 59.5124 59.4971 59.5121 59.5098 59.4308 0 
59.4704 59.4693 59.491 59.5098 0 
59.4804 59.4715 59.4571 59.5112 59.498 59.4677 59.4464 0 
59.5061 59.4862 59.4892 59.4737 59.49 59.4968 59.4954 59.4938 59.4964 59.5006 59.4973 59.4672 59.4934 59.5256 59.4904 59.5224 59.5007 59.5037 59.4901 59.4968 59.4865 0 
59.5077 59.4747 59.4885 59.4947 59.4953 59.5015 59.4853 59.4745 0 
59.4616 59.4967 59.4896 59.4905 59.4776 59.5197 0 
59.5103 59.4767 59.5196 59.4866 59.5002 59.5172 59.4709 59.5055 59.484 59.5272 59.4889 0 
59.4734 59.4856 59.5161 59.4711 59.5515 59.5458 59.4729 59.4878 59.5304 59.5157 0 
59.4841 59.4925 59.4783 59.5025 59.4929 0 
59.4891 59.5001 59.4892 59.4641 59.4714 59.4754 59.4846 59.5014 59.4875 59.4753 59.4761 59.4826 59.4718 59.4843 59.5017 59.5072 59.4642 59.4906 59.4834 59.4751 59.4882 59.4849 59.4868 59.4908 59.4913 59.4881 59.4977 59.4879 59.5135 59.434 59.4967 59.5154 59.4662 59.5084 59.4689 59.5277 59.4947 59.4371 59.4858 59.4997 59.5154 59.4859 59.4986 59.4738 59.4846 59.5117 59.5471 59.5017 59.5229 59.4944 59.4845 59.4611 59.5264 59.5341 59.5172 59.4579 59.4776 59.4822 0 
59.4944 59.4774 59.4962 59.499 59.4943 0 
59.4732 59.4934 59.5308 59.4767 59.4641 59.511 59.4913 59.4874 59.4789 59.4933 59.5057 59.498 59.4909 59.4915 59.4512 59.484 59.5105 59.5233 59.5241 59.5255 0 
59.5096 59.4717 59.5413 59.529 59.497 59.5008 59.4947 59.5263 59.5094 59.4764 59.4835 59.4965 59.4988 59.4916 59.4946 59.4625 59.4904 0 
59.4833 59.4975 59.4962 59.4952 0 
59.5109 59.491 0 
59.4686 59.4872 59.4769 59.5336 59.4949 59.488 59.5057 59.4683 0 
59.5004 59.5124 59.4921 59.4949 59.4947 59.493 59.5003 59.486 59.4899 59.4873 59.4947 59.4856 59.5012 59.4978 59.4988 0 
59.4893 59.5001 59.4923 59.4846 59.5091 59.4945 59.4898 59.511 59.4895 59.4775 59.496 59.5031 59.4754 59.5028 59.5043 59.4894 59.517 59.5131 59.5193 59.5027 59.4906 0 
59.4572 59.496 59.5255 59.4958 59.4982 59.5029 59.4998 59.4977 59.505 59.5045 59.4716 59.4689 59.4947 59.4872 59.4998 59.495 59.5003 59.4986 59.4902 59.4819 59.4995 59.4991 59.4985 59.4957 59.4671 59.4958 59.4797 59.4719 59.494 59.4951 59.4908 59.4802 59.4944 59.4976 59.4934 59.5038 59.4855 59.4791 59.4757 59.5339 59.506 0 
59.5118 59.4834 59.4967 59.4752 59.5149 59.5273 59.5058 59.4839 59.5093 59.4769 59.4949 59.4875 0 
59.4865 59.4838 59.5212 59.5072 59.5055 59.4879 59.4943 59.475 59.4581 59.5176 59.4687 59.4947 0 
59.4876 59.5002 59.4851 59.4965 59.4587 59.4999 59.5553 59.5048 59.4753 59.4919 59.4905 59.5131 59.4965 59.4728 59.4899 59.5392 59.5569 59.5159 59.4984 59.498 59.4894 59.5165 59.4546 59.5207 59.5238 59.5352 0 
59.5005 59.5037 59.4513 59.46 59.4761 59.4986 59.4803 59.5083 59.4719 59.5062 59.4655 0 
59.4915 59.4964 59.4982 59.4909 59.5053 59.4653 59.5098 59.5085 59.5077 0 
59.4919 59.4515 59.4784 59.4752 59.5052 59.499 59.5001 59.4981 59.5064 59.5025 59.5045 59.4926 59.4802 59.4917 59.4959 59.4974 59.4849 59.4975 59.4904 59.4881 59.4903 59.4925 0 
59.487 59.4794 59.5257 59.4325 59.4839 59.4418 59.4796 59.5469 59.4936 0 
59.49 59.5177 59.5045 59.4636 59.455 59.5127 59.5199 59.4976 0 
59.4972 59.4956 59.4982 59.4933 59.5032 59.4954 59.5014 0 
59.4933 59.4874 59.5011 59.4977 59.4987 59.4845 59.4986 59.5115 59.5042 59.5244 59.5063 59.4949 59.4851 59.4982 59.4851 59.5114 59.4873 59.4976 59.4926 59.4969 0 
59.5127 59.5098 59.483 59.5265 59.5248 59.4783 59.4808 59.5031 59.447 59.5102 59.5086 59.4969 59.512 59.4527 59.4877 59.5087 59.4779 59.487 59.4793 0 
59.5018 59.4558 59.4797 59.4954 59.4984 59.4927 59.5193 0 
59.5028 59.4959 59.5005 59.5306 59.4791 0 
59.5173 59.4922 59.5031 59.4888 59.4897 59.471 59.5288 59.4717 59.4537 59.4652 59.4265 59.4745 59.5058 59.4673 59.4222 59.5017 59.5222 59.4954 59.497 59.4847 59.5081 59.4967 59.4996 0 
59.5159 59.5094 59.5165 59.4692 59.4698 59.5049 59.4787 59.5047 0 
59.5139 59.4972 59.4719 59.5046 0 
59.4894 59.4988 59.5009 59.5155 59.506 59.5266 0 
59.4947 59.4892 0 
59.4684 59.4868 59.4987 59.4892 59.4654 59.5021 59.4912 59.5024 59.4979 59.5099 59.5079 59.4847 59.4962 59.4837 59.4968 59.5037 59.4964 59.5031 59.4877 59.4995 0 
59.5224 59.49 59.4977 59.5139 59.4972 59.5081 59.486 59.504 59.5047 59.4924 59.5076 0 
59.4918 59.4721 59.5185 59.4578 59.5075 59.4834 59.4871 59.4416 59.4686 59.4772 59.4768 59.4099 59.4391 59.4712 59.4363 59.4452 59.4179 59.4601 59.5019 59.5208 59.4919 0 
59.4948 59.4997 59.501 59.4909 59.4984 59.5007 59.5002 0 
59.495 59.4726 59.4953 59.4841 0 
59.4911 59.5055 59.5519 59.4857 59.5167 59.4968 59.4872 59.5095 59.5321 59.4467 59.5118 59.4788 59.4918 59.4941 59.5038 59.4952 59.4666 59.4964 59.4983 59.5175 59.4971 59.4933 59.502 59.5013 59.4861 59.4848 59.5096 59.4925 59.4551 59.4746 0 
59.4949 59.4952 59.4943 59.4904 59.4841 59.4823 59.5344 59.5265 59.5372 59.4742 59.4897 59.501 59.5055 0 
59.4983 59.5171 59.511 59.4674 59.5048 59.4996 0 
59.492 59.5021 59.4563 59.4945 59.479 59.4858 0 
59.486 59.4741 59.482 59.476 59.4929 59.4252 59.4548 59.481 59.4231 59.4232 59.4421 59.4524 59.4764 59.4848 59.4879 59.5059 59.5303 59.4795 59.5021 59.4891 59.5055 59.4945 0 
59.503 59.4932 59.5231 59.5254 59.4931 59.4697 59.5076 59.4631 59.4931 59.4921 0 
59.4985 59.4853 59.5084 59.487 59.5056 59.4995 59.5114 0 
59.512 59.4807 59.4993 0 
59.4935 59.5289 59.5254 59.5483 59.4125 59.5182 59.4834 59.4817 0 
59.4809 59.4978 59.4827 59.5081 59.5011 59.4878 59.5031 59.5033 59.4854 59.511 59.4905 59.4815 59.4945 59.4886 59.4842 59.5014 59.5103 59.4982 59.5265 59.4773 59.4549 59.4919 0 
59.5042 59.503 59.5057 59.4824 59.4856 59.4839 59.4682 59.5098 59.5113 59.4947 0 
59.5086 59.4769 59.5056 59.4994 59.5059 0 
59.4531 59.4621 59.519 0 
59.5198 59.547 59.4921 59.4903 59.5226 59.5072 59.5111 59.4925 59.5027 59.4913 59.5127 59.5233 59.4836 59.4928 59.499 59.5053 59.4996 59.5241 59.5107 59.4982 59.5011 59.4819 59.4926 59.5105 59.5105 59.5105 59.4943 59.4714 59.5176 59.4773 59.5121 59.5366 59.4947 59.4772 59.5038 59.4799 59.5001 59.5224 59.5308 59.5337 59.4893 59.4769 59.5131 59.5367 59.5525 59.4981 0 
59.5065 59.4876 59.517 59.5351 59.4759 0 
59.4881 59.4761 59.4629 59.5219 59.5042 59.4852 0 
59.4904 59.5136 59.503 59.4761 59.4787 59.4814 59.481 59.5126 0 
59.5056 59.4867 59.5457 59.4895 0 
59.5019 59.4767 59.5158 59.478 59.5076 59.4754 59.4754 59.5137 59.5037 59.5164 59.4901 59.497 0 
59.4982 59.5065 59.4812 59.5124 59.5025 59.4964 0 
59.5182 59.5217 59.4635 59.4696 59.5457 0 
59.4958 59.496 59.5114 59.5622 59.4781 59.462 59.4794 59.4702 59.4853 59.4895 59.4916 59.4981 59.4831 59.4981 59.5125 59.484 59.5086 59.4993 59.4989 59.509 59.4821 59.4766 59.5002 59.5013 59.5132 59.4879 59.4876 59.4873 59.4887 59.4917 59.4972 59.514 59.4709 59.4991 59.5175 59.4735 59.5279 59.5144 59.4824 59.4896 59.4928 59.4804 0 
59.4679 59.4879 59.4784 59.4838 59.4928 59.4894 59.4885 59.484 59.5015 59.5009 59.4443 0 
59.5089 59.4761 59.4919 59.516 59.4819 59.4897 59.4981 59.4716 59.4842 59.5086 59.504 59.4898 59.5552 59.5055 59.4833 59.5049 0 
59.487 59.4942 59.4878 59.4778 59.4838 59.5479 59.4974 59.4875 0 
59.4785 59.5032 59.4972 59.5034 59.5007 59.4954 59.5009 59.4851 59.5115 59.4797 59.4947 59.4933 59.4844 59.4837 59.5099 59.5037 59.5065 59.5004 59.4886 59.4903 59.4651 59.4909 59.4805 59.4679 59.4873 59.5285 59.4835 59.4761 59.4581 59.4774 59.4296 59.4832 59.4908 59.4758 59.5071 0 
59.5047 59.5142 59.5041 59.4733 59.4905 59.4927 59.488 59.4896 0 
59.5151 59.5165 59.501 59.4926 59.4926 59.5044 59.4868 59.4941 59.5234 0 
59.4757 59.5207 59.5523 59.4776 59.4872 59.4858 59.5086 59.4684 0 
59.4708 59.5022 59.4927 59.4842 59.502 59.5076 0 
59.4979 59.4833 0 
59.4804 59.488 59.5022 59.5108 59.5352 59.482 59.4852 0 
59.4952 0 
59.5056 59.4774 59.4943 59.4793 59.5229 59.4922 59.4966 59.493 0 
59.4938 59.4615 59.561 59.5111 59.5113 59.5198 0 
59.4899 59.4907 59.4815 59.4978 59.5358 59.5306 59.4893 59.4775 59.4608 0 
59.5183 59.4867 59.4947 59.5061 59.4936 59.4785 59.4856 59.4946 59.4901 59.5175 59.5074 59.5029 0 
59.4945 0 
59.5114 59.4852 59.488 59.47 59.5079 59.4878 59.4914 59.47 0 
59.4931 59.5341 59.5034 59.4792 0 
59.4842 59.5215 0 
59.4885 59.4537 59.4971 59.4739 59.4968 0 
59.4953 59.4881 59.5011 59.506 59.5063 59.5031 59.4932 59.495 59.5054 59.5029 59.5063 59.4962 59.5016 59.4848 59.5073 59.4838 59.5038 59.4877 59.4808 59.4895 59.4877 59.4991 59.4843 59.5076 59.4965 59.5092 59.4992 59.4968 59.5056 59.5181 59.4702 59.4315 59.4877 59.4128 59.4922 59.47 59.4787 59.4868 59.4851 59.4857 59.4835 59.489 59.5117 59.4736 59.4606 59.4763 59.4931 59.475 59.4903 59.4768 59.4887 59.4915 59.4971 59.506 59.5095 59.5003 59.5096 59.4881 59.4866 59.5182 59.5002 0 
59.4905 59.504 59.5027 59.4822 59.485 0 
59.5042 59.5193 0 
59.4793 59.5038 59.5039 59.4803 59.5426 59.4717 59.4993 59.5083 59.4905 59.5152 59.4318 59.4966 59.507 59.4745 59.4767 59.4879 59.5012 59.4592 59.5288 59.4812 59.4976 59.5026 59.5312 59.4773 59.5044 59.49 59.5134 59.4932 59.5226 0 
59.4891 59.4855 59.4976 59.5037 59.4954 59.5224 59.4838 59.4983 59.4989 59.4601 59.4633 59.5026 59.5053 59.4949 59.4872 59.4802 59.5078 59.5217 59.4914 59.5018 59.4873 59.5042 59.4856 59.4833 59.4846 59.5164 59.4962 59.5038 59.4955 59.4989 59.4868 59.4543 59.4565 59.4714 59.4604 0 
59.5195 59.5133 59.512 59.4842 59.5244 59.4902 59.5169 59.4985 59.5094 59.5077 59.4697 59.4533 0 
59.4953 59.4875 59.4936 59.5104 59.477 59.5176 59.4598 0 
59.5088 59.4824 59.5343 59.4679 59.5307 59.4739 59.4824 59.5016 59.4921 59.4685 59.499 0 
59.4988 59.5101 59.492 59.4956 59.4969 59.5035 59.4913 0 
59.4776 59.4984 59.4959 59.4956 59.4942 59.5275 59.4509 0 
59.4915 59.4986 59.4908 59.4738 59.5042 59.4955 59.4974 59.4874 59.494 59.4914 59.5072 59.4993 59.4567 59.5113 59.498 59.4714 59.4886 59.4975 59.4878 59.4914 59.4978 59.4993 59.4925 59.5022 59.498 59.5475 0 
59.5113 59.5242 59.4841 59.5171 59.5005 59.4991 0 
59.4867 59.4813 59.519 59.4869 59.4889 59.4982 59.4895 59.482 59.4976 59.4615 59.5118 59.4404 59.4987 59.4534 59.4673 59.4429 59.5096 59.4617 59.5173 59.5225 59.4873 0 
59.4887 59.4523 59.4651 0 
59.5021 59.5294 59.4694 59.4483 59.5181 59.4766 59.5019 59.4817 59.5038 59.4858 59.4886 59.4652 59.4908 0 
59.4967 59.4713 59.4914 59.5326 59.5031 59.4657 0 
59.5088 59.4915 59.4874 59.4997 59.5303 59.5032 59.47 59.4911 59.5427 0 
59.5084 59.4866 59.4822 59.4744 59.4862 59.4949 59.4932 59.5072 59.5181 59.4704 59.4351 59.5262 59.5016 59.5103 59.4952 59.4919 59.5345 59.4928 0 
59.5135 59.5022 59.4597 59.4661 59.4897 0 
59.5087 59.5306 59.4506 59.5023 59.4798 59.5017 59.4941 0 
59.5149 59.5128 59.5011 59.4845 59.4541 59.5185 59.5636 59.5055 59.4849 59.5062 0 
59.4873 59.5136 59.4721 59.4985 59.5157 59.4584 59.4725 0 
59.5384 59.4897 59.4865 59.5365 59.5019 0 
59.4973 59.5109 59.4969 59.4988 59.5011 59.4703 59.489 0 
59.4667 59.5574 59.4687 59.5108 59.499 59.4413 59.5155 59.5287 59.5223 59.4551 59.5117 0 
59.4725 59.4686 59.4672 59.4889 59.4814 0 
59.5039 59.5193 0 
59.4703 59.5383 59.4903 59.4955 59.477 59.5135 59.4866 59.4637 59.5074 59.4879 59.4835 0 
59.5003 59.4863 59.5218 0 
59.4951 59.5002 59.4965 59.5016 59.4897 59.4861 0 
59.4784 59.4673 59.4842 59.491 59.535 59.4687 0 
59.4979 59.477 59.4889 59.4725 59.4924 59.5307 59.461 59.4835 59.5139 59.5058 0 
59.4991 59.5356 59.5095 59.5137 59.4965 59.5203 59.546 59.538 0 
59.4975 59.4892 59.4784 59.508 59.4935 59.4977 59.498 59.4972 59.4886 59.5314 0 
59.4984 59.491 59.5509 59.4682 59.4998 59.4909 59.491 59.4914 59.4775 59.4979 59.4892 59.449 59.5505 59.4921 59.545 59.5276 59.49 59.5076 59.4959 59.5037 59.5154 59.4893 59.489 59.5276 59.4997 0 
59.481 59.4867 59.4827 59.4588 59.4592 59.5386 59.5174 59.4711 59.5011 59.5057 59.496 59.434 59.4888 0 
59.4667 59.4965 59.512 59.496 59.4981 59.5325 59.5021 59.4831 59.4995 59.4788 59.5004 59.4267 0 
59.4738 59.4998 59.5165 59.4908 59.521 59.5018 59.5012 59.4757 0 
59.5019 59.512 59.4709 59.5333 59.5096 59.4772 59.4629 59.519 59.4982 0 
59.4869 59.4931 59.4882 59.4912 59.4909 59.5271 59.4618 59.5148 59.4707 59.539 59.5033 59.5272 59.4928 59.5089 0 
59.5008 59.4818 59.4705 59.4929 59.538 59.5032 59.5305 59.4959 59.4796 59.4812 59.4862 59.4873 59.4936 59.4871 59.4926 59.4936 59.5004 59.5046 59.49 59.4702 59.5161 59.4408 59.4629 59.4585 59.4442 59.4985 59.5078 59.5111 59.4553 59.489 59.4976 59.4918 59.4893 59.4785 59.4989 59.5031 59.4903 0 
59.4748 59.4981 59.521 59.5207 59.5346 59.5742 59.4916 59.5142 0 
59.5089 59.504 59.5041 59.5024 59.4874 0 
59.4892 59.4986 59.484 0 
59.4974 59.4919 59.5123 59.5328 59.5016 59.5165 59.5389 0 
59.5125 59.4481 59.4798 59.5254 59.4944 59.489 59.4722 59.5186 59.4845 59.4745 59.5075 0 
59.5068 59.4925 59.5135 59.4877 59.4633 59.5006 59.4292 59.4907 59.4788 59.5348 0 
59.5052 59.4834 0 
59.5021 59.4813 59.4926 59.5225 59.5267 59.5237 0 
59.4737 59.5038 0 
59.4807 59.4947 59.4741 59.5207 59.5071 0 
59.488 59.5314 59.4697 59.4664 59.509 59.5231 59.4785 59.5315 59.5045 0 
59.5022 59.5135 59.4909 59.5158 59.4922 59.4799 59.4397 59.4568 59.5047 59.4647 59.4822 59.501 59.5016 59.5774 59.4902 59.5453 59.4927 59.4842 59.5047 59.4887 59.5079 59.5011 59.5107 59.5103 59.4657 59.5269 59.4895 59.4555 0 
59.4793 0 
59.4826 0 
59.4802 59.5128 59.499 59.4844 59.5012 0 
59.4978 59.5049 59.4987 59.4755 59.4681 59.4873 59.4884 59.4612 59.4939 59.4692 59.4562 59.4453 0 
59.4824 0 
59.4827 59.5096 59.4834 59.4794 59.4676 59.4839 59.502 59.5045 59.4773 0 
59.4956 59.4939 59.4854 59.4704 59.5213 59.4897 59.5114 59.4929 59.4834 59.4907 0 
59.5149 59.5139 59.5132 59.5015 59.5016 59.481 59.5011 59.4464 59.4704 59.476 59.5157 0 
59.5026 59.5112 59.5138 59.5278 59.4843 0 
59.4926 59.5272 59.4923 59.4763 59.4997 59.477 0 
59.4795 59.456 59.4993 59.4725 59.4758 59.5091 59.5016 0 
59.5053 59.4917 59.4956 59.5043 59.5119 59.5175 59.4856 59.4836 0 
59.4919 59.5124 59.4596 59.5207 59.4922 59.4984 59.5091 0 
59.4798 59.51 59.5083 59.4864 59.5415 0 
59.4744 59.4548 59.4818 59.5331 59.5544 59.5324 59.4985 59.4588 59.5121 59.4824 59.4853 59.485 59.5316 59.5234 59.472 59.4678 59.4952 59.4752 59.4998 59.4923 59.5143 59.4831 59.499 59.4752 59.4878 59.5132 59.4905 59.5047 59.4871 59.4986 59.5036 59.4983 59.5027 59.4962 59.5074 59.5201 59.4706 59.4871 59.4614 59.511 0 
59.5274 59.4954 0 
59.48 59.5081 59.4621 59.5014 59.4978 59.508 0 
59.4821 59.4675 59.5279 59.5059 59.4869 59.5133 59.4805 59.5015 59.5294 0 
59.5233 59.4998 59.4949 0 
59.4944 59.5162 59.4875 59.4802 59.4579 59.5112 59.5069 59.5208 59.496 59.4938 59.4773 59.4898 59.5168 59.5008 59.528 0 
59.5271 59.4499 59.5257 59.5089 59.4795 0 
59.5002 59.4772 59.5179 59.5021 59.5025 0 
59.493 0 
59.4901 59.5189 59.4988 59.4817 0 
59.4888 59.4811 59.5048 59.5051 59.4777 59.4471 59.5063 59.5387 59.4929 59.5023 59.5046 59.4898 59.5038 0 
59.4898 59.5091 0 
59.4659 59.5152 59.4927 59.5099 59.4785 59.5026 59.4457 59.4848 59.5362 59.4885 59.4957 59.5116 59.4957 59.4611 59.4532 59.4884 59.4766 59.516 59.4873 59.4851 59.4744 59.5162 59.4695 0 
59.4978 59.4932 59.5151 59.5165 59.504 59.5034 59.4873 59.4959 59.4987 59.4834 0 
59.5128 59.4493 59.5128 59.4879 59.5257 59.5374 59.5091 59.4683 59.5144 0 
59.4921 59.4869 59.5077 59.4996 59.486 59.4634 0 
59.5108 59.4836 59.5056 59.4865 59.5003 59.4755 59.4427 59.4931 59.5017 59.489 59.4929 59.4962 59.5028 59.5146 59.4882 59.5136 59.4903 59.4903 59.5434 59.5019 59.5023 59.4875 0 
59.4901 59.5004 59.5301 59.4997 59.5032 59.4798 59.5071 59.4871 59.4932 0 
59.5166 59.5093 59.5225 59.4862 59.5102 59.5274 59.486 59.5505 59.5133 59.5155 59.5335 0 
59.4913 59.5258 59.5124 59.5028 59.4866 59.4766 59.4726 59.5054 0 
59.4927 59.509 0 
59.4735 59.5222 59.4998 59.5048 59.4813 59.5165 59.4886 0 
59.4623 59.4827 59.4965 59.5215 59.4777 59.504 59.4793 59.5134 0 
59.4755 59.4754 59.4852 59.4957 59.5024 59.4947 59.5058 59.4958 59.5144 0 
59.4927 59.4882 59.4848 0 
59.4831 59.4846 59.4852 59.4991 59.4602 0 
59.5051 59.4873 59.5098 59.4853 59.4509 59.5002 59.4868 59.4836 59.4877 59.5075 59.5222 59.5003 59.5143 59.4662 59.5026 59.5049 59.4943 59.4695 59.4837 59.5083 59.4925 59.4886 59.4797 59.5213 59.5114 59.5005 59.5087 59.5064 59.4938 59.4785 59.4908 59.4759 59.4985 59.4702 59.4547 59.5007 59.5243 59.4991 59.5179 59.4753 59.4951 0 
59.4735 59.4815 59.4904 59.5213 59.5095 59.4972 59.5075 59.5006 59.4848 0 
59.4905 59.4876 59.5069 59.4889 59.4361 0 
59.5011 59.5083 59.504 59.4704 59.4887 0 
59.4734 59.4359 59.4696 59.5039 0 
59.5144 59.4713 59.5394 59.4962 59.5025 59.5191 59.4796 59.496 59.4789 59.4862 59.4775 0 
59.5199 59.4863 59.4939 59.5036 59.5033 59.4896 59.4959 59.4812 59.5329 59.5176 0 
59.4703 59.5318 59.5221 59.4838 59.5181 59.5209 59.5161 59.4987 59.4589 59.502 59.4773 59.5157 59.5052 59.5029 59.4998 59.51 59.5019 0 
59.5073 59.5013 59.501 59.5183 59.4512 59.4898 59.4817 59.531 0 
59.4674 59.4748 59.4648 59.51 59.4933 59.4808 59.5113 59.4529 59.4967 0 
59.4702 59.4966 59.505 59.5129 59.4971 0 
59.4765 59.5013 0 
59.488 59.4969 59.5159 59.5032 59.4964 59.4883 0 
59.5147 59.5127 59.4919 59.4902 59.51 59.5253 59.5257 59.4654 59.4925 59.4897 59.506 0 
59.506 59.4781 0 
59.5091 59.5243 59.4837 59.5052 59.5114 0 
59.489 59.4997 0 
59.4916 59.4747 59.4914 0 
59.47 59.5256 59.4939 59.4586 59.5062 59.504 59.497 0 
59.4838 59.4704 59.4794 59.5027 59.4926 59.5012 59.4927 59.5011 59.4791 59.4783 59.499 59.4891 59.5031 59.5056 59.5043 59.5035 59.4628 59.4669 59.4726 59.465 59.5147 59.4937 59.5091 59.498 59.501 59.4977 59.5013 59.4732 59.4975 59.4788 59.5188 59.51 59.4808 59.4903 59.5121 59.4797 59.4964 59.5371 0 
59.4829 59.5087 59.4956 59.4865 59.469 59.4678 59.482 59.4998 59.5135 0 
59.5086 59.4923 59.4977 59.4834 59.4939 59.5174 59.4975 59.5037 59.5264 0 
59.512 59.5006 59.4866 59.5223 59.5273 59.4928 59.5517 59.5004 59.4709 0 
59.4931 59.5288 59.4966 59.4838 59.4864 59.5237 59.5045 59.4757 59.4886 59.4975 59.5008 59.449 59.4972 59.4549 59.4884 59.4616 59.5204 59.4856 59.5082 59.5175 59.5118 59.5195 59.4902 59.5128 59.5036 59.4974 59.5095 0 
59.4834 59.5009 59.4923 59.4979 59.4884 59.5017 59.4886 59.5107 59.5204 59.494 59.479 59.4648 0 
59.4967 59.5085 59.4729 59.5149 59.5034 59.4858 59.5033 59.5263 59.513 59.5432 59.5036 0 
59.4871 59.5018 59.5035 59.4818 59.4856 59.4992 59.495 59.5056 0 
59.4855 59.4726 59.4958 59.5084 59.4947 59.4774 59.4999 59.4991 59.4908 59.4997 59.4648 59.5129 59.4749 59.4898 59.4866 0 
59.4761 0 
59.4863 59.5477 59.4945 59.5372 0 
59.4962 59.4933 59.5044 59.4974 59.489 0 
59.4933 59.4733 59.5027 59.4996 59.5096 59.4978 59.4884 59.5072 59.4702 59.5196 59.474 59.5159 0 
59.4849 59.4884 59.4765 59.4458 59.4816 59.4806 59.4471 59.5185 59.4925 0 
59.5023 59.4797 59.4941 59.5296 59.5177 59.4476 0 
59.5065 59.4741 59.4855 59.4995 59.4992 59.4902 59.5 59.5022 59.487 59.4942 59.5137 0 
59.4761 59.4991 59.4843 59.4942 59.5182 59.5442 59.4929 59.4925 59.4811 59.4913 59.5005 59.452 59.5356 59.524 59.4876 59.4975 59.4776 59.4916 59.5169 59.4855 59.5214 0 
59.4735 59.5007 59.5211 59.493 59.5187 59.5233 59.4862 0 
59.5007 59.4997 59.4754 59.4691 59.4887 59.4517 59.4959 59.4903 59.481 59.4986 59.4913 59.4947 59.4347 0 
59.5497 59.4893 59.4743 59.4856 59.4965 59.4947 59.5299 59.4677 59.4906 0 
59.488 59.5223 59.4682 59.4598 59.4807 59.5027 59.5066 0 
59.5395 59.5093 59.522 59.4865 59.5014 59.5309 59.5444 0 
59.4853 59.4613 59.4783 59.5135 59.5038 0 
59.5147 59.4916 59.5087 59.4273 59.4799 59.4718 59.5363 59.4873 59.4732 59.5008 59.4747 0 
59.506 59.4955 59.4949 0 
59.4883 59.5116 59.5111 0 
59.483 59.4702 59.519 59.5012 59.4978 0 
59.4679 59.5096 59.5123 59.4944 59.5139 59.4956 59.5001 59.4893 0 
59.5062 59.478 59.5228 59.4924 59.4772 59.5064 59.4953 0 
59.5139 59.4963 59.5036 59.4816 59.5005 59.4882 59.4544 59.4722 59.4414 59.5202 59.5038 0 
59.494 59.488 59.5132 59.4774 59.4821 59.5086 59.5188 59.535 59.5008 59.4622 59.4888 59.4884 59.5154 59.4842 59.5219 59.5308 0 
59.4784 59.4763 59.503 59.4638 59.507 59.5079 59.5023 59.5012 59.4714 59.4964 59.4902 59.4776 59.5082 59.4853 59.5061 0 
59.5014 59.499 59.5097 59.4792 59.4967 59.4837 59.481 59.4623 59.4687 59.4884 59.4386 59.4514 59.4659 59.4625 59.4561 59.4805 59.4629 59.4263 59.4505 59.4732 59.4801 59.4788 59.5007 59.4553 59.483 59.4574 59.4987 59.4291 59.4702 59.4661 59.4804 59.456 59.422 59.4495 59.4648 59.4577 59.4907 59.4954 59.488 59.4954 59.5109 59.4737 59.525 59.4272 59.5014 59.5278 59.4827 59.5466 59.5093 59.503 59.5025 59.4937 59.5005 59.5059 59.495 59.4782 59.4953 59.4964 0 
59.4968 59.4918 59.4871 59.4908 59.4818 0 
59.5133 59.4713 59.5029 59.4971 59.5198 59.5099 59.4945 59.4873 59.5031 59.5085 59.4792 59.514 0 
59.4955 59.5105 59.5044 59.4802 59.4977 59.5129 59.506 59.5124 59.4981 59.4856 59.4577 0 
59.489 59.4932 59.5138 59.4933 59.5065 59.4885 59.4652 59.4975 59.5015 0 
59.4703 59.5348 59.5427 59.5134 59.4802 59.5146 59.5204 59.4723 59.5322 59.4878 59.4992 59.4773 0 
59.4771 59.5 59.4848 59.5026 59.4981 59.5189 59.4808 59.5101 59.5072 59.4986 59.4876 59.4855 59.4794 59.5012 59.4947 59.4992 59.4936 59.5107 59.496 0 
59.4771 59.542 59.5486 59.4945 59.5011 59.4942 59.5044 59.5029 59.4864 59.4964 0 
59.4917 59.4988 59.4904 59.4826 59.5146 59.4882 59.485 59.4992 59.4806 59.4672 59.428 59.5191 59.5059 59.4858 59.4974 59.4704 59.4853 59.4919 59.5075 0 
59.4926 59.5021 59.4962 59.4616 59.4671 59.495 59.4944 0 
59.4791 59.4848 0 
59.4959 59.4995 59.4816 59.4872 0 
59.4884 59.5125 59.5167 59.4962 59.5104 59.5028 0 
59.4785 59.4915 59.4812 59.4566 59.5062 59.4861 59.5017 59.5065 59.5054 59.5238 59.4995 59.5152 59.5028 59.497 59.4797 59.533 59.4941 59.4752 59.5364 59.5126 59.4455 59.5088 59.4779 59.4673 59.4848 59.5117 59.4605 59.4781 59.4748 59.5293 59.4688 59.5035 59.4933 59.5165 59.5092 59.5048 59.5023 59.5341 59.4945 59.4925 59.4907 59.4861 59.5276 59.4917 59.4818 59.4949 59.479 59.5017 59.5012 59.5004 59.4959 59.5087 0 
59.4982 59.4842 59.5038 59.517 0 
59.4775 59.5171 59.4977 59.4673 59.4759 59.5457 59.4393 59.5522 59.4816 59.537 0 
59.4953 59.514 59.4938 59.4987 59.5132 59.5109 0 
59.4954 59.5241 0 
59.4605 59.493 59.4952 59.4841 59.4747 59.524 59.5127 59.5044 59.4894 59.4844 59.4694 0 
59.4765 59.5236 59.4962 59.4962 59.4962 59.4895 0 
59.491 59.4777 59.478 59.4998 59.5177 59.4953 59.4919 59.5267 59.4926 59.5267 59.4857 59.4654 59.4983 59.4992 59.4971 59.5019 59.4902 59.4852 59.4957 59.5018 59.4862 59.4835 59.5022 59.4876 59.508 59.4972 59.5296 59.5164 59.4973 59.493 59.4709 59.5122 59.5006 59.5166 59.5238 59.5318 59.4799 59.5423 59.4984 59.4948 59.5244 59.4696 59.507 59.4936 59.4977 59.5059 59.4981 0 
59.5075 59.5101 59.4787 59.4741 59.4998 59.49 59.5154 59.5026 59.4903 59.5039 59.4711 59.4822 59.4763 0 
59.5018 59.5256 59.5081 59.502 59.4675 59.4796 59.4826 59.5413 59.4978 59.5069 59.4966 59.5013 59.4869 59.4971 59.5008 59.4969 59.4937 59.4973 59.4911 59.4784 59.505 59.4959 59.4922 59.5204 59.4824 59.5083 59.4831 59.5081 59.4958 59.5051 59.4893 59.4932 59.4867 59.5107 59.4878 59.4928 59.4807 59.5047 59.5096 59.4926 59.4959 59.4812 59.4584 59.5167 59.4987 59.5146 59.5053 59.4956 59.4823 59.4747 59.4817 0 
59.5151 59.4712 59.4985 59.4884 59.4955 59.4758 59.4875 59.4772 59.4914 59.4734 59.5287 59.5012 59.5237 59.4361 59.4914 59.4817 59.5337 59.5033 59.4985 59.48 59.5448 59.5173 59.506 59.5108 59.5057 59.4708 59.4548 0 
59.4967 59.4823 59.5 59.4738 59.47 59.5011 59.5137 59.5392 59.4914 59.5055 59.4707 0 
59.4815 59.5018 59.4989 0 
59.5349 59.5119 59.4917 59.4848 59.502 59.506 59.4797 59.4824 0 
59.4724 59.4991 59.4857 59.5115 59.5136 0 
