59.4684 59.1774 59.3987 59.4034 59.2154 60.0278 59.5964 0 
59.4879 59.551 59.5213 59.8845 60.1513 59.5364 58.7883 59.179 0 
59.5176 59.2097 59.488 59.2852 58.8975 59.1394 58.8337 58.955 0 
59.5239 59.3137 59.1618 59.4921 58.6625 59.4624 59.6422 59.4997 0 
59.5163 59.7734 59.9123 59.5541 59.0233 59.5388 59.2642 0 
59.5244 59.2686 59.1389 58.9691 58.8209 58.9251 0 
59.5016 59.5933 59.4876 59.5351 59.5258 61.0599 0 
59.4751 59.1895 59.0224 60.4359 60.2847 59.5112 60.2921 60.4999 0 
59.4892 59.5132 59.4962 60.2674 60.6212 60.3448 60.5002 60.4996 60.5 0 
59.5111 59.14 59.3361 58.9541 59.0079 58.1138 0 
59.501 59.4831 59.5997 59.0714 58.9823 0 
59.4827 59.4844 59.556 59.0707 59.9102 59.433 60.0223 0 
59.4919 59.5978 59.1152 58.5642 58.818 58.8266 0 
59.497 59.6191 59.3787 59.1259 58.8171 58.2451 0 
59.5031 59.8012 59.7643 59.8479 60.156 59.4641 59.4757 58.521 0 
59.5217 59.6046 59.5936 59.5256 59.5021 59.6518 60.7007 62.1744 0 
59.4817 59.5824 59.1592 59.5714 60.2821 60.5771 59.3526 0 
59.4965 59.7343 59.9183 60.0721 60.2091 58.5187 58.4997 0 
59.5129 59.1333 58.717 58.9952 58.8363 0 
59.499 59.066 59.0159 59.0485 59.6189 59.4895 59.6785 0 
59.5145 59.8678 59.8173 59.4217 59.5341 60.2915 0 
59.5176 59.245 59.5472 59.8203 59.9025 60.3533 60.4183 59.4999 0 
59.5111 59.4231 59.8086 59.9331 60.0004 59.9983 59.5085 59.4637 0 
59.4895 59.4839 59.764 59.7309 60.1007 59.5144 59.9229 0 
59.4923 59.6254 59.5813 59.5093 59.4268 0 
59.5141 59.5539 59.3598 59.4583 59.4105 60.4072 60.5029 0 
59.4731 59.8431 59.8453 59.5565 59.5477 59.6583 58.4944 58.6433 0 
59.4864 59.6334 59.511 59.9341 60.0036 59.4551 58.0288 0 
59.4902 59.442 59.0346 59.3352 59.1583 0 
59.4552 59.2032 59.4727 60.1799 59.4624 59.478 0 
59.4945 59.4401 59.6971 59.2897 59.8995 59.9512 0 
59.4794 59.4489 59.8288 59.2691 59.2615 59.2199 60.5356 0 
59.5181 59.4496 59.4878 59.4843 58.9562 59.5511 0 
59.4921 59.5283 59.5937 60.353 60.2372 0 
59.5024 59.556 60.2553 60.4569 59.5552 59.5399 0 
59.5427 59.8723 60.3439 60.364 60.1096 59.4996 59.5514 0 
59.5154 59.1935 59.0232 58.2013 58.162 0 
59.4699 59.5336 59.9004 59.867 60.0566 60.0584 59.9323 0 
59.4801 59.2716 59.3167 60.0328 60.2916 60.1383 59.8366 0 
59.5256 59.2995 59.0265 59.3515 58.6361 58.5887 0 
59.5008 59.859 60.1413 60.2103 59.7929 59.7024 58.9054 0 
59.4811 59.9134 59.4703 59.4085 59.7899 59.4593 59.5315 60.2688 61.4644 0 
59.5056 59.1435 59.2697 58.6761 59.1567 59.3183 61.3993 61.4351 0 
59.4878 59.0925 58.9808 59.577 59.7617 59.1885 59.1951 59.1799 60.2477 0 
59.4984 59.2309 59.2117 59.3587 59.0615 59.0751 59.6104 0 
59.5 59.7172 59.873 59.1897 60.2322 60.2527 0 
59.5067 59.0553 59.1033 59.0243 59.3899 60.4885 61.2842 59.726 59.7038 0 
59.4743 59.4647 59.3493 59.5434 59.5538 59.6345 59.5889 60.4578 0 
59.5321 59.4547 59.3184 59.5438 59.4611 58.3466 0 
59.4785 59.8371 59.4425 59.8293 61.4286 61.455 0 
59.4572 59.7765 59.3202 59.4967 59.958 59.9723 0 
59.4923 59.464 59.2951 59.1376 59.8736 59.9374 0 
59.4982 59.4953 58.7591 58.8726 59.9131 0 
59.4985 59.5114 59.6408 59.6036 59.1493 0 
59.5041 59.1751 59.4658 59.4508 58.9849 0 
59.4883 59.537 59.5723 59.7987 59.4085 59.0577 59.3832 0 
59.4814 59.2121 59.3053 59.2833 58.9183 59.3912 0 
59.4841 59.8225 59.4804 59.4838 58.1645 58.1718 0 
59.5038 59.1971 59.0866 59.3355 59.5357 59.7591 59.9503 0 
59.4978 59.4234 59.532 58.7534 58.795 58.9413 0 
59.5128 59.478 59.287 59.6377 60.4974 60.3122 60.0761 59.5242 0 
59.4867 59.5472 59.1481 59.329 59.2016 59.0513 58.6829 0 
59.491 59.2284 59.914 59.3248 59.2553 60.5577 60.9747 60.6658 0 
59.5157 59.5033 59.7811 59.9109 60.8342 60.2998 59.5417 59.5035 0 
59.4968 58.8042 59.4396 59.5002 59.6309 59.8009 0 
59.5062 59.5009 59.2056 59.3912 59.4017 59.5912 59.3079 59.5673 59.5016 0 
59.5012 59.3911 59.444 59.8544 59.8267 59.4764 59.486 59.5003 0 
59.5258 59.2042 59.5172 59.5365 59.5382 59.429 0 
59.5213 59.711 60.1478 59.958 59.8517 59.7968 60.4468 60.4745 0 
59.5048 59.169 59.3226 59.4811 58.5958 59.0074 59.3751 0 
59.4814 59.7742 59.4712 58.9866 59.5054 59.5224 0 
59.4824 59.3591 59.4765 60.1968 60.387 60.8496 60.8778 60.8629 0 
59.5211 59.5423 59.3813 59.085 59.6574 59.5719 0 
59.4915 59.67 59.9459 60.5816 60.4033 60.3849 0 
59.4891 59.6552 59.5071 59.6989 60.0271 59.0526 0 
59.5028 59.4975 59.7211 59.97 60.0518 62.3331 0 
59.4674 59.2252 59.4902 59.1151 59.5632 59.5146 0 
59.4884 59.781 59.6762 59.2202 59.0524 58.7923 0 
59.4867 59.1311 59.3878 59.386 59.0142 59.2827 0 
59.5069 59.4432 59.9659 59.6533 59.6343 59.4288 59.9449 0 
59.4758 59.478 59.5192 59.6681 58.9456 58.9482 58.9217 57.9876 57.9061 0 
59.4961 59.2324 59.3167 59.2036 58.813 59.3498 59.239 58.4349 0 
59.4797 59.4367 59.9295 59.9121 59.8209 59.0359 59.2911 59.4986 59.5001 0 
59.4969 59.4849 59.4691 59.165 59.8237 59.565 60.5182 60.0407 60.0188 0 
59.4978 59.4864 59.5022 59.297 59.5069 59.8148 61.1484 0 
59.4863 59.4487 59.4561 59.3225 59.6786 59.4765 0 
59.5099 59.69 59.7532 58.6939 58.6799 59.506 59.2639 59.3644 59.3889 0 
59.4772 59.4976 59.6184 59.3602 58.537 58.0354 57.5491 0 
59.4906 59.529 59.3109 59.0237 59.0755 58.7159 59.8288 59.0927 0 
59.4632 59.4662 59.091 59.3025 59.2729 59.6582 60.3481 0 
59.4697 59.6424 59.6634 59.597 59.4982 59.6827 0 
59.4778 59.7451 59.5019 59.1568 59.1555 59.4839 60.4436 0 
59.4942 59.6085 59.6766 59.4986 58.3521 58.7421 59.452 59.4832 59.4804 0 
59.4777 59.4183 59.4902 59.4108 59.4486 59.3722 59.2964 0 
59.4955 59.2196 59.2734 59.5616 60.1804 59.7415 60.9387 0 
59.509 59.8727 59.5923 59.9145 59.0704 58.3966 58.2542 0 
59.4977 59.6032 59.6392 59.1195 59.6175 58.9789 0 
59.4665 59.4409 59.1632 59.3436 59.5081 61.313 0 
59.4899 59.4584 59.5976 59.8552 59.9478 59.3258 0 
59.4868 59.5321 59.7828 59.8276 59.2027 59.2911 0 
59.4832 59.2329 59.5054 59.4742 58.9121 59.3295 0 
59.5249 59.8236 59.4498 59.3084 59.4244 59.4921 59.0751 0 
59.501 59.6012 59.5809 59.4036 59.4918 0 
59.4987 59.4895 59.5483 59.8985 59.0793 59.0682 59.0443 59.5564 0 
59.4971 59.5425 59.5347 59.5872 60.0247 59.4779 59.4918 0 
59.4786 59.4991 59.6098 59.6848 59.301 0 
59.4978 59.5804 60.2022 60.3089 60.3503 59.9015 59.9285 59.9964 58.5254 0 
59.5169 59.2496 59.304 58.9985 59.8365 59.0642 0 
59.4996 59.5833 59.4686 59.6137 59.3788 59.6856 59.7071 0 
59.5252 59.417 59.4049 60.1326 60.5397 59.5955 60.5104 60.5117 0 
59.5023 59.4376 59.4605 59.414 59.4395 59.6241 59.5277 0 
59.5027 59.5919 59.3252 59.4997 59.521 59.8682 59.2445 0 
59.5013 59.6146 59.658 59.8551 59.5631 59.916 59.9059 0 
59.5207 59.5104 59.253 59.0198 0 
59.4969 59.965 59.5374 59.4001 58.072 58.0835 58.1147 58.431 0 
59.4933 59.1722 59.4183 59.5068 58.8758 58.6635 60.4007 0 
59.4975 59.4282 59.3472 59.2108 59.3314 60.0402 0 
59.5023 59.4966 59.4359 59.4858 58.6043 58.9198 58.6437 0 
59.4834 59.4306 59.6155 59.4208 58.3651 59.4312 0 
59.5107 59.6617 59.5014 59.5193 59.6633 60.4952 60.4935 0 
59.4775 59.7187 59.4161 58.9265 58.5198 0 
59.5117 59.5464 59.0736 59.0843 59.3464 61.0509 0 
59.5042 59.5284 58.7347 58.9827 58.9404 59.5677 58.5464 58.5241 58.5061 0 
59.4983 59.2924 59.4216 59.3998 61.0202 58.5891 0 
59.4968 59.5995 59.5468 59.7616 59.7326 59.9653 57.4875 0 
59.4968 59.1724 59.2193 59.8663 59.476 59.2883 59.4744 59.343 0 
59.4976 59.4076 59.5026 58.636 59.2889 58.8606 59.0994 59.9651 0 
59.4795 59.5667 59.7838 60.7828 59.6915 59.5422 0 
59.5084 59.6485 59.4898 59.5658 59.7026 57.553 0 
59.4953 59.2521 59.1864 59.1116 59.4129 58.9756 59.6051 59.5885 0 
59.4997 59.288 59.3185 59.9008 59.3979 58.8715 59.9067 59.4977 0 
59.4941 59.3315 59.311 59.3065 59.3867 57.4883 0 
59.4745 59.4793 59.4031 59.0227 59.1853 59.2064 0 
59.4933 59.6133 59.4543 59.4606 59.9008 57.7227 0 
59.4929 59.2311 59.4702 59.1949 59.0944 59.3505 59.4998 59.5011 59.5009 0 
59.4912 59.7956 59.8012 59.5421 60.1116 58.6482 58.3367 58.3229 0 
59.5215 59.4803 59.4714 59.4602 58.3814 0 
59.5123 59.6911 59.7008 60.2022 60.4647 59.5343 59.3676 0 
59.5115 59.3545 59.4695 59.4646 59.1324 58.9425 59.0178 0 
59.4845 59.7009 59.4705 58.8457 58.9569 60.0596 0 
59.4753 59.2545 59.5528 59.6783 59.7375 58.5204 0 
59.4682 59.6324 59.4913 59.5383 58.6269 60.4062 60.4234 0 
59.4605 59.4866 59.5346 59.186 59.2925 59.459 59.5016 59.5 0 
59.4863 59.3009 59.5112 59.9424 59.8249 59.7122 59.5899 60.0689 0 
59.5115 59.7618 59.9422 59.8765 60.4001 60.2163 60.2339 59.5304 0 
59.4956 59.2849 59.4 59.433 58.8509 60.0482 0 
59.5053 59.4512 59.5096 59.7521 59.7801 60.2259 60.0429 0 
59.499 59.1873 58.7663 60.0237 60.4299 0 
59.4844 59.5176 59.4116 59.5162 59.4786 58.2213 59.9387 59.4981 59.5002 0 
59.5101 59.4686 59.5244 60.5844 60.0029 59.9885 59.9995 0 
59.4891 59.1942 59.1203 58.8827 58.9339 58.5329 0 
59.4953 59.8452 60.1221 60.2447 60.0107 59.0689 59.4705 0 
59.4952 59.4281 59.9368 59.9484 58.416 0 
59.4909 59.6193 59.6083 59.5877 59.2825 59.9468 58.4641 0 
59.4874 59.5162 58.7341 58.8807 59.1096 0 
59.4897 59.4584 59.8611 59.815 59.0972 0 
59.4981 59.4983 59.3666 59.3453 58.9734 59.0375 60.158 60.3487 59.5078 59.5094 0 
59.4808 59.1211 59.4687 59.4559 59.4297 0 
59.4931 59.1374 58.9962 59.0047 59.3093 57.4941 0 
59.4881 59.5399 59.9356 59.6938 59.0832 60.1866 60.6774 60.7805 0 
59.5126 59.8319 59.5199 59.9207 59.7383 59.5572 59.5694 0 
59.4899 59.5027 59.6192 59.162 59.1849 59.1918 59.1794 0 
59.4862 59.7813 59.9533 59.634 59.5835 58.7757 59.4043 0 
59.4901 59.5179 59.5249 59.3514 59.0423 0 
59.4919 59.2586 59.4361 59.4894 60.9282 61.6499 0 
59.4674 59.4797 59.3289 59.478 60.127 60.43 61.4481 0 
59.4647 59.4813 60.1693 60.3715 59.9446 58.1868 58.159 0 
59.4971 59.3273 59.5726 59.2168 59.0554 59.1547 59.1615 0 
59.5135 59.4484 59.1698 59.9134 60.0151 59.5688 58.5083 58.4998 0 
59.4872 59.4549 59.7419 59.8638 60.1889 0 
59.4997 59.4811 59.7191 59.8514 59.3828 58.6774 0 
59.52 59.3987 59.2285 59.116 58.9109 58.3811 58.514 58.4558 0 
59.4878 59.8686 59.6185 59.5851 60.459 60.4412 0 
59.497 59.5305 59.9968 59.8773 59.6271 59.6087 59.411 0 
59.4795 59.3746 59.1797 59.4943 59.487 59.4925 60.4613 0 
59.4957 59.4803 59.7652 58.7944 58.8477 59.2637 59.4375 0 
59.5118 59.201 59.8217 60.3282 59.0379 59.0422 60.4711 0 
59.5114 59.423 59.4181 59.0543 60.3384 0 
59.4738 59.1984 59.3276 59.0499 59.1668 59.1726 59.1544 0 
59.5089 59.4561 59.1459 58.7846 59.4171 58.6595 58.5115 58.5015 0 
59.4813 59.4231 59.7825 59.8551 59.1416 59.2149 59.6577 0 
59.4993 59.586 59.8144 59.5753 59.9826 59.4502 60.4158 60.4975 0 
59.4777 59.4294 59.7395 59.7013 59.5419 59.7365 0 
59.5264 59.1784 58.9015 59.0096 59.4804 57.7073 0 
59.5321 59.4349 59.1143 59.5005 59.3769 59.0158 58.5028 0 
59.4839 59.5935 59.5991 59.7815 59.5731 58.3284 57.9029 57.5007 0 
59.509 59.5604 60.5077 60.1644 60.5444 60.0491 60.5415 0 
59.477 59.8121 59.5246 59.7857 59.4434 59.4646 60.7605 61.4956 0 
59.457 59.4998 59.454 59.2821 59.1688 59.1328 57.515 57.5004 57.5002 0 
59.5025 59.1608 59.0367 59.0123 58.8783 60.0783 60.0736 0 
59.4796 59.5447 59.2148 59.1664 59.3 59.059 59.83 60.5026 0 
59.4946 59.7278 60.1046 59.3777 58.8675 58.8326 58.7914 57.5564 57.5002 0 
59.4853 59.4582 59.8762 59.9141 59.8494 59.1607 59.5916 59.4993 59.4999 0 
59.491 59.465 59.1609 59.6045 59.9241 59.6887 60.3584 0 
59.4845 59.4889 59.0404 59.4156 59.2628 0 
59.4995 59.3581 59.4469 59.7907 59.7764 59.3927 60.049 61.3007 0 
59.5226 59.5823 59.4932 59.005 58.7586 58.7738 58.796 58.4999 0 
59.4894 59.561 59.5011 59.4743 58.0729 58.1485 57.4066 0 
59.5011 59.8361 59.7706 59.7805 60.2729 59.5648 59.5604 0 
59.5065 59.4153 59.0064 59.1187 59.1385 60.7402 60.8267 60.5261 0 
59.5143 59.5126 59.5163 59.3052 59.3058 58.8362 59.7985 0 
59.5156 59.4128 59.1259 59.0643 58.8107 57.5796 57.599 0 
59.4908 59.8499 59.5132 59.7094 59.7306 60.2402 59.6073 59.4974 59.5001 0 
59.5094 59.8193 59.5239 59.5119 60.8925 59.9367 59.6465 0 
59.5006 59.5283 59.1384 59.0456 59.1216 59.0421 0 
59.484 59.5268 59.6741 59.5484 59.3046 59.3204 59.676 0 
59.5232 59.8306 59.4697 59.5452 58.9376 0 
59.4957 59.5062 59.284 59.0791 59.4561 0 
59.489 59.8637 59.157 59.4891 59.605 59.5669 59.9876 59.6089 0 
59.5228 59.5109 59.595 59.778 59.9916 60.4676 0 
59.5214 59.7919 59.4625 59.9584 60.7886 60.3608 59.4111 0 
59.4971 59.3772 59.5695 59.3885 59.1322 59.7642 60.0201 0 
59.4891 59.4627 59.728 59.8405 59.8725 60.0648 59.5948 0 
59.4686 60.1228 60.2548 59.7402 59.052 60.3572 60.5 60.4999 0 
59.4963 59.2195 59.2105 58.7398 59.2212 59.2023 59.4866 0 
59.5111 60.0007 60.3162 60.2443 60.2113 0 
59.4995 59.8382 59.8048 59.8459 59.5283 59.5427 0 
59.4764 59.1696 59.4565 60.3398 60.0883 59.5554 0 
59.4476 59.3607 59.5893 59.5378 60.2809 60.3842 60.5071 0 
59.4922 59.5354 59.5325 60.049 59.9588 59.8629 0 
59.5172 59.5904 59.4978 59.5447 59.6579 60.3692 0 
59.4615 59.3004 58.9748 59.105 59.0639 59.5264 59.4332 0 
59.4783 59.4363 59.2601 58.966 59.4918 60.0819 0 
59.5046 59.3967 59.0969 59.4768 59.496 60.3323 59.9444 0 
59.4924 59.3948 59.4004 59.843 59.628 0 
59.495 59.5051 59.5237 59.5322 60.0861 60.0461 60.3228 0 
59.4771 59.4592 59.3172 59.1715 59.0899 59.9356 59.7078 58.5147 58.5044 0 
59.4843 59.424 59.5892 59.0341 59.1064 0 
59.4891 59.4385 59.5193 60.0135 59.9001 59.074 0 
59.487 59.5038 59.4974 59.498 59.7523 59.6399 59.543 0 
59.4925 59.1608 59.1984 58.9111 58.9942 58.9218 59.417 59.4201 59.4407 0 
59.4833 59.4594 59.8187 59.7471 59.7001 59.6078 59.0694 59.7208 59.5011 0 
59.525 59.5124 59.5025 58.8207 59.337 0 
59.4731 59.2032 59.0631 59.1389 59.1362 58.0651 58.7931 59.3869 0 
59.4794 59.1977 59.5155 59.6532 59.6127 59.64 59.8958 60.9927 0 
59.4808 59.5201 59.5285 59.6406 59.5382 60.4181 0 
59.528 59.5466 59.543 59.4781 59.8031 60.089 58.99 58.4972 0 
59.4855 59.6132 59.4447 59.4077 59.2665 59.2338 60.061 61.9978 0 
59.4771 59.5 59.4262 59.5052 59.0917 58.4724 59.1752 59.1719 0 
59.5054 59.4772 59.493 59.8832 59.8213 60.1339 59.5221 0 
59.5096 59.4691 59.533 60.5269 60.1336 0 
59.4988 59.5384 59.1988 59.1999 59.1935 59.5003 57.5524 57.496 57.5007 0 
59.479 59.4943 59.0549 58.9124 59.2584 60.4575 60.1136 60.521 0 
59.4886 59.4379 59.4263 59.4652 0 
59.4917 59.5226 59.9213 59.8126 59.5681 60.5671 0 
59.4937 59.7842 59.8386 59.2976 59.5115 59.7381 59.0534 59.4984 0 
59.4619 59.62 59.3942 59.4948 60.4835 60.524 60.5401 0 
59.4832 59.1469 59.3831 59.5744 58.972 0 
59.5188 59.4784 59.516 59.9817 60.0536 60.4704 60.4965 59.8413 0 
59.5191 59.203 59.8232 59.4172 59.137 58.7985 59.4993 59.5001 0 
59.4882 59.3563 59.0229 58.8168 60.4753 60.4936 59.5239 59.5103 0 
59.5089 59.5162 59.8557 59.5702 58.8539 58.6584 0 
59.4848 59.4817 59.1733 59.3966 59.0577 59.3137 57.6935 57.5029 0 
59.4628 59.5975 60.1167 59.6652 59.887 60.3894 0 
59.5016 59.2829 59.5216 59.3002 59.4346 60.915 0 
59.4845 59.512 59.6883 58.933 58.7799 57.8196 0 
59.5163 59.5296 59.5749 59.5948 59.4619 59.4573 59.3904 58.5402 0 
59.5047 59.8608 59.7952 59.4002 59.3571 60.4045 60.3866 60.3691 0 
59.504 59.569 59.8735 60.2552 60.2398 58.8864 58.497 0 
59.4683 59.805 59.8175 59.9315 60.5346 0 
59.4903 59.4378 59.085 59.119 58.9684 59.2433 60.3498 0 
59.477 59.1665 59.2464 59.2616 60.1081 59.473 59.5126 0 
59.5143 59.3361 59.2209 59.8853 60.0816 60.6853 59.9794 59.9404 0 
59.5263 59.5202 59.6053 60.2778 59.8253 59.6847 59.4982 59.5225 0 
59.4941 59.4939 59.1397 59.0509 59.4971 59.1203 58.7177 58.5071 0 
59.5024 59.7369 59.8831 59.7928 59.5182 59.8964 60.4719 0 
59.4869 59.4477 59.3509 58.5843 59.2364 59.4007 0 
59.5029 59.5802 59.1301 59.2811 59.3629 58.5191 59.5046 59.5059 0 
59.4996 59.5243 59.4768 59.7131 58.6841 58.6651 59.9893 59.7066 0 
59.4948 59.2501 59.5675 59.909 58.8394 0 
59.5027 59.4745 59.5845 60.795 60.3418 60.3633 0 
59.501 59.442 59.8522 59.6777 59.924 60.1128 59.9895 60.231 0 
59.4758 59.2807 59.5362 59.2643 59.2224 0 
59.4864 59.4922 59.4106 59.4243 59.5963 59.9379 60.4751 0 
59.4885 59.2104 59.8137 59.8252 59.5843 61.22 61.1856 61.2455 0 
59.5144 59.6943 59.7958 59.5144 59.1938 60.9118 60.4864 60.4996 0 
59.4984 59.4776 59.7761 59.8013 0 
59.4779 59.213 59.0415 60.3279 60.0065 60.001 59.2793 0 
59.5121 59.2761 59.6193 60.7431 0 
59.4976 59.4074 59.4613 59.4674 59.3846 59.065 58.9954 57.5123 0 
59.5074 59.7317 60.0183 59.6915 59.7934 59.495 59.998 59.9867 0 
59.5182 59.2957 59.2335 59.0713 59.4866 58.2556 0 
59.4942 59.4857 58.7709 58.7877 58.8533 59.8314 59.7058 60.1757 62.4372 0 
59.5187 59.5491 59.0245 58.9215 59.2707 59.4881 59.5002 0 
59.5101 59.0803 59.5552 59.4771 59.6344 59.7171 61.0154 0 
59.498 59.6493 59.3816 59.9355 59.5282 59.4941 0 
59.4609 59.8632 59.1979 59.601 59.4405 59.9027 0 
59.4979 59.7673 59.4953 59.4252 59.6734 0 
59.4904 59.4531 59.7204 59.4561 59.1217 59.1882 59.5531 61.1545 0 
59.488 59.4831 59.4679 59.4952 60.4498 59.6718 60.0051 60.0134 0 
59.5005 59.3708 59.4973 59.2325 59.5743 60.1286 60.5507 60.6176 0 
59.5103 59.524 59.6333 59.7917 60.3658 59.4865 0 
59.5129 59.5172 59.9082 59.5022 59.169 59.1608 59.2149 59.4709 59.4758 0 
59.5058 59.4543 59.5018 60.2943 60.3857 0 
59.5111 59.729 59.7443 59.7866 60.1277 0 
59.5089 59.2496 59.6573 59.7899 59.6756 60.6114 0 
59.5073 59.4978 59.4834 59.4711 59.2704 59.5289 60.1935 60.4988 60.5 0 
59.4846 59.1946 59.443 59.4838 59.7569 59.6816 59.642 0 
59.4883 59.4888 59.5194 59.5221 59.94 58.5157 0 
59.491 59.8324 59.9807 60.0068 59.969 60.1518 59.0081 58.97 58.5 0 
59.507 59.3111 59.5154 59.4999 59.5196 59.3979 59.2349 0 
59.5471 59.423 59.2147 59.5268 59.4346 59.4884 0 
59.4941 59.1776 59.4755 59.8101 58.571 0 
59.4945 59.4674 59.4871 59.1058 58.9619 58.2617 58.2511 0 
59.4776 59.5181 59.7338 59.5562 60.3215 59.0505 58.9841 58.9577 0 
59.4933 59.2936 58.7887 59.7008 60.5918 60.9249 60.935 0 
59.4725 59.5676 59.4996 59.8508 59.8079 59.5339 0 
59.5003 59.6212 59.4081 59.4821 58.8393 60.0834 0 
59.5022 59.65 59.2228 59.1698 59.7696 60.0383 0 
59.4908 59.5204 59.4131 59.5289 59.7582 60.0229 0 
59.5 59.7007 59.718 58.1886 58.2191 59.3245 0 
59.4975 59.4639 60.0837 59.895 58.2982 58.5617 0 
59.4881 59.9978 59.5356 59.3828 58.8157 58.7014 57.8323 57.5145 0 
59.4641 59.4651 59.5951 59.2245 59.8404 0 
59.4935 60.0413 60.2847 60.2922 60.3154 60.3109 60.1335 0 
59.4941 59.7853 59.8443 59.5373 59.0196 58.7383 58.6133 59.5943 0 
59.51 59.4555 59.5637 59.3166 59.2519 60.4742 60.4765 0 
59.5083 59.3549 59.3968 59.5035 59.4901 59.2424 0 
59.5118 59.7233 59.7108 59.9794 59.5553 59.5146 58.5616 0 
59.4922 59.4387 60.2298 60.4599 60.1439 59.6899 59.607 59.9362 0 
59.5123 59.1178 59.2537 59.4118 59.8797 59.8143 0 
59.5044 59.5247 59.7939 59.873 58.7491 0 
59.4969 59.1405 58.9514 58.7648 60.7252 0 
59.5023 59.4384 59.6037 59.6997 59.4197 59.6212 58.5042 0 
59.4867 59.5292 59.7805 59.3599 60.0509 59.4692 59.4795 59.0517 0 
59.501 59.5738 59.5341 59.4341 60.1019 60.5846 60.9899 0 
59.4946 59.3412 59.3179 59.5471 59.4711 59.3964 0 
59.4987 59.4838 59.754 59.1469 59.596 58.7618 59.469 59.4872 0 
59.5008 59.7543 59.825 60.1897 59.4555 59.8041 59.7875 59.5882 0 
59.4878 59.4642 59.4375 59.0689 60.8952 60.972 0 
59.4894 59.1625 59.4617 59.6671 59.9403 59.6557 59.6208 60.1874 0 
59.5179 59.511 59.1786 58.635 0 
59.5012 59.5374 59.5434 59.3396 57.884 0 
59.504 59.4813 59.1294 59.5204 60.3337 60.3183 0 
59.4765 59.8013 59.5489 59.5084 60.2946 60.3432 59.9439 0 
59.5181 59.4935 59.5465 58.232 58.2409 0 
59.5032 59.6438 59.4911 59.3768 59.3309 58.8117 0 
59.5056 59.4782 59.7846 59.2462 59.5812 0 
59.4891 59.4339 59.4266 59.3974 58.6155 58.3579 0 
59.5005 58.9573 59.5279 59.4993 58.9937 58.5639 57.9533 0 
59.5013 59.3619 59.4466 59.6238 59.9062 58.9879 0 
59.5002 59.4416 59.4642 58.9972 59.1597 59.9731 59.5034 59.4965 59.5 0 
59.4878 59.487 59.3526 59.1394 59.3167 58.9975 58.9101 58.1094 0 
59.4963 59.5238 59.4582 60.5957 59.468 58.531 0 
59.4895 59.4684 59.4353 59.4102 58.9309 60.203 60.1862 0 
59.5204 59.1683 59.5525 60.1033 59.5036 59.5849 0 
59.4922 59.7128 59.844 59.5146 60.0039 60.9108 60.504 60.4816 60.4846 0 
59.4938 59.5065 59.0668 59.0637 59.2124 59.3138 0 
59.4767 59.4678 59.4312 59.3907 59.0676 58.9916 0 
59.4942 59.3238 58.6122 58.4409 59.4298 59.1568 59.1458 60.4756 0 
59.5381 59.8365 59.9724 59.7411 59.6104 61.2791 0 
59.4849 59.2821 59.5072 59.2332 59.5299 58.7987 0 
59.4953 59.5704 59.0709 59.0528 59.5304 59.4183 59.0575 60.2975 60.3 0 
59.5029 59.4924 59.4818 59.7003 59.064 0 
59.4823 59.4809 60.1993 60.128 60.1684 59.6626 60.1389 0 
59.4892 59.4864 59.4729 59.8755 59.6642 60.006 60.5283 0 
59.5013 59.8132 60.3324 59.9991 60.4376 60.4383 59.0882 58.752 0 
59.4865 59.5468 59.5481 59.53 58.6113 58.5482 59.3312 60.3226 0 
59.5058 59.7131 59.5573 59.4793 59.5197 58.489 58.4825 58.5045 58.5006 0 
59.5094 59.7782 59.4149 58.7736 58.9838 58.7293 59.5068 0 
59.4934 59.2262 59.2711 59.2654 59.9492 59.9438 59.9978 0 
59.5014 59.4535 59.292 59.9416 60.0882 60.3176 60.2119 0 
59.4728 59.7728 59.6359 59.1364 58.6416 0 
59.507 59.8119 58.9734 59.2389 59.7964 59.5023 59.4985 59.4998 0 
59.5203 59.5717 59.3465 58.7845 59.184 59.4237 59.3114 0 
59.4975 59.0769 59.0936 59.1931 59.2629 60.4703 61.4714 0 
59.5079 59.5429 59.4014 59.3439 59.2733 58.2748 0 
59.4773 59.5017 59.2497 59.4871 58.6152 58.7015 58.713 58.7744 59.2478 0 
59.4986 59.1955 59.5123 60.0216 60.7067 61.3493 0 
59.488 59.5562 59.1846 59.1319 59.7137 59.6259 59.4903 60.2242 0 
59.482 59.6118 59.2486 59.5481 58.6665 58.69 0 
59.4995 59.4949 59.6887 59.7078 59.4906 58.7375 0 
59.4904 59.3857 58.987 59.4042 59.6175 59.6558 59.6874 0 
59.5059 59.6683 59.4836 59.108 57.992 0 
59.4655 59.5704 59.1636 58.9876 59.0957 59.9016 60.4779 0 
59.5147 59.8417 59.8205 59.4842 59.1874 59.8313 58.9051 0 
59.4927 59.4831 59.4697 59.01 58.5289 58.4689 0 
59.4941 59.4619 59.4427 59.0738 59.0686 59.0118 60.3103 0 
59.4943 59.4842 59.3715 58.8996 59.144 58.8446 58.2771 0 
59.4985 59.4025 59.9441 59.9577 59.995 60.0154 60.145 60.3082 59.4985 0 
59.5135 59.5082 59.6218 60.1739 59.0237 59.512 59.0544 0 
59.4926 59.908 59.9936 59.9383 59.6473 59.8142 60.0939 0 
59.5296 59.2016 59.2562 59.328 60.3449 59.0641 59.5109 0 
59.4981 59.5394 59.9663 59.9305 59.1994 59.4482 59.5939 59.4871 0 
59.4776 59.7846 58.724 58.7068 58.3052 0 
59.4924 59.0551 59.0818 59.2237 59.316 59.7956 59.5972 0 
59.4701 59.1764 59.1796 59.3638 60.1884 59.9839 60.4002 59.5029 59.4983 0 
59.4993 59.4577 59.6371 59.742 59.8771 60.0207 0 
59.4773 59.7849 59.9293 59.623 59.6269 59.1866 0 
59.5012 59.2254 59.2135 58.8612 59.3951 59.2281 0 
59.4947 59.7898 59.4872 59.1247 59.5739 0 
59.5217 59.802 59.5382 59.5601 59.9154 0 
59.4953 59.4616 59.4368 59.403 58.733 59.5074 59.4574 0 
59.5015 59.5922 59.5102 59.8126 59.8905 59.1889 58.7349 58.5123 0 
59.492 59.5037 59.463 59.5734 60.2043 60.5308 60.2349 0 
59.4833 59.4803 59.2057 58.9944 58.645 59.036 58.6372 0 
59.4937 59.5119 59.6887 59.9161 59.927 59.7564 59.5009 60.423 0 
59.5052 59.7991 59.4309 59.89 60.4546 60.4456 59.9593 0 
59.5002 59.8739 60.2384 59.6289 58.9889 58.6773 60.4003 60.484 0 
59.5068 59.3912 59.3053 59.3395 59.3692 59.3751 59.2155 59.1131 0 
59.4883 59.4039 59.3772 59.1989 59.2539 59.3355 58.6388 0 
59.4918 59.1955 59.2527 58.9417 59.7058 59.4295 59.3642 0 
59.4954 59.668 59.6106 59.0612 58.6853 58.5737 58.5699 0 
59.4953 58.7522 58.5469 58.6316 58.6087 59.7023 60.633 0 
59.4946 59.725 59.5309 59.9467 59.0116 58.9467 58.5147 58.5009 58.4999 0 
59.5208 59.5057 59.7702 59.7576 59.6867 60.0948 0 
59.4938 59.2564 59.0399 59.028 59.9052 60.5172 60.9138 60.9369 0 
59.5048 59.5526 59.5483 60.0338 59.5336 0 
59.4923 59.697 60.212 60.0455 60.4881 60.9552 61.52 61.4974 61.4989 0 
59.4879 59.6288 59.813 59.3017 59.3586 59.4964 58.2104 0 
59.4676 59.2404 59.4795 59.4727 59.5068 59.9521 0 
59.5076 59.5635 59.2888 59.9068 59.8813 59.5596 58.7576 58.6745 0 
59.4998 59.4532 59.9033 59.0829 59.131 58.5474 58.5059 0 
59.4819 59.5 59.3625 59.4855 59.9671 59.0694 59.2349 0 
59.4913 59.4627 59.6653 59.9087 59.3629 59.6409 59.0025 59.0272 0 
59.483 59.3822 59.0154 60.8027 60.8339 60.0591 60.0462 60.4734 0 
59.4878 59.8479 59.8609 59.9013 59.034 58.8672 59.5575 60.4363 0 
59.4804 59.5026 59.4144 59.5024 60.0429 60.1319 0 
59.4887 59.4252 60.1152 60.4085 60.0934 59.5708 59.8042 59.8192 59.706 0 
59.4537 59.165 59.2047 59.3987 59.0192 58.5831 0 
59.5025 59.7898 59.8295 59.1726 59.056 58.9935 0 
59.4764 59.3075 59.4432 59.4826 59.8933 0 
59.4932 59.6692 59.8682 59.0919 60.3643 60.1523 59.501 0 
59.4986 59.195 59.3892 58.5841 58.7889 60.4541 60.9833 0 
59.482 59.4644 59.8447 59.8564 59.611 58.1954 0 
59.4899 59.7951 59.9057 59.8683 60.2017 59.7176 0 
59.5047 59.4646 59.8456 59.8985 59.7879 0 
59.4941 59.5351 59.5335 59.1374 59.1324 59.182 0 
59.4932 58.7078 58.7612 58.7374 59.1865 58.7387 58.7234 58.5384 0 
59.4909 59.5132 59.7956 59.7966 60.2981 59.2665 57.8694 0 
59.4705 59.8063 59.5283 59.9052 59.5751 0 
59.4942 59.7939 59.849 59.5085 60.0002 58.9467 59.0428 59.5145 0 
59.501 59.4794 60.1726 60.1205 60.2639 59.5208 59.415 59.9822 0 
59.4996 59.4584 59.483 59.3816 59.3924 58.79 0 
59.4772 59.4943 59.2834 59.008 59.4351 59.6551 60.1392 0 
59.481 59.5117 60.4098 60.3056 59.9462 60.1693 0 
59.4896 59.6559 59.9972 60.1777 60.1231 60.1839 60.3916 0 
59.5024 59.4416 59.4513 59.406 58.5958 58.5744 59.4764 59.4994 0 
59.4937 59.5712 59.6989 59.5402 59.697 60.9322 61.0796 60.4914 60.5005 0 
59.479 59.541 59.5744 59.6621 59.586 59.5158 60.0929 0 
59.4511 59.5087 59.3213 59.2524 59.7495 0 
59.4882 59.5644 60.7276 60.4443 60.1347 0 
59.5091 59.4279 59.0534 59.6874 59.5385 58.7399 0 
59.4537 59.3595 59.5777 59.5036 59.8742 60.1576 57.5559 57.5057 0 
59.517 59.5727 59.3265 59.4804 59.4802 58.536 57.9873 57.4984 0 
59.4716 59.8712 59.7064 59.578 59.3275 59.9065 60.5633 0 
59.4853 59.4688 58.8944 59.0485 59.9374 60.3586 0 
59.4898 59.395 59.5447 59.5811 59.726 59.0103 0 
59.4775 59.8532 59.5407 59.5475 59.1194 0 
59.5174 59.2034 59.9846 59.6083 59.4356 59.5042 0 
59.5013 59.7064 59.6001 59.1764 59.7091 60.0031 58.9252 59.079 0 
59.4767 59.6922 59.5234 59.0364 59.4736 59.5616 59.5564 59.4522 58.5876 0 
59.5014 59.5002 59.9282 59.9628 58.7577 59.836 60.4924 61.4955 61.4955 61.4999 0 
59.4966 59.5084 58.5353 58.5328 58.3047 59.5884 58.3032 0 
59.4946 59.4681 59.7523 59.8054 59.896 61.02 61.4522 0 
59.4786 59.8763 59.6025 59.0285 59.0759 58.9468 59.5952 59.5002 0 
59.4932 59.5333 59.5442 59.1884 59.9321 59.1947 58.6281 0 
59.5077 60.0214 59.8529 59.9861 59.9768 59.9712 58.591 0 
59.4871 59.5511 59.1122 58.8418 58.8859 60.1566 0 
59.4851 60.1076 60.4274 60.3745 59.9216 59.7542 59.4243 59.504 0 
59.4671 59.1815 59.3756 59.444 59.4046 58.883 0 
59.489 59.4901 59.7338 59.826 59.9741 60.7188 0 
59.5598 59.4655 60.0444 59.9497 60.759 0 
59.4916 59.5337 59.8064 59.8995 59.0582 58.035 58.4855 58.5006 0 
59.4898 59.7285 59.6725 59.5031 59.4163 59.7556 60.0116 0 
59.5122 59.7834 59.7332 59.5862 59.2266 58.5334 0 
59.4981 59.7853 59.5521 59.5333 59.5558 59.6116 0 
59.4987 59.5144 59.6531 58.8828 59.0022 58.5341 58.5018 0 
59.4965 60.0498 59.9812 59.5979 59.747 59.1693 59.3504 60.0847 0 
59.524 59.2216 59.0913 59.2326 59.8254 58.5491 0 
59.5033 59.4977 59.3126 59.5402 59.3004 0 
59.5091 59.6157 59.654 58.1648 58.1405 0 
59.4945 59.5692 59.8252 59.3694 58.9981 59.7989 0 
59.5021 59.2951 58.7935 58.9841 58.9749 58.4252 0 
59.482 59.6318 59.5944 59.0436 59.1196 59.1937 58.6658 58.6664 0 
59.4625 59.1957 59.1914 59.1428 59.492 59.4899 59.5083 60.473 60.5 60.5 0 
59.5138 59.1877 58.5972 58.7393 60.0861 59.9158 0 
59.4964 59.1503 59.4388 59.4335 59.561 61.501 0 
59.4845 59.5112 59.1601 59.4671 59.9317 59.2172 0 
59.4895 59.1798 59.1262 59.1493 59.1211 59.0046 0 
59.5115 59.576 59.6075 59.744 60.6423 60.806 61.3203 0 
59.4935 59.44 59.5382 59.5593 59.5334 59.3253 0 
59.4849 59.5753 59.6147 59.6715 59.6187 60.1321 0 
59.4887 59.4659 59.4827 59.2646 59.0221 58.9903 58.2456 0 
59.4815 59.5227 59.5234 58.1509 58.8864 0 
59.4947 59.3737 59.3638 58.6099 59.3888 0 
59.4947 59.3211 59.0175 60.1516 58.9719 59.5338 59.469 59.4787 0 
59.5177 59.6278 59.552 60.0437 60.1476 59.4694 59.5046 59.5022 0 
59.4794 59.7586 59.7138 59.555 59.5951 60.0131 0 
59.51 59.5738 59.5368 59.9876 60.0325 0 
59.4856 59.0432 59.5001 60.4235 60.524 61.2612 0 
59.4696 59.4429 59.493 59.5136 59.8207 59.94 0 
59.4966 59.529 59.4474 59.8283 59.1055 58.746 58.4945 0 
59.489 59.7136 59.3785 59.2081 60.6576 0 
59.4891 59.2923 59.869 58.7972 58.7187 57.7878 0 
59.4793 59.7352 59.3344 59.4782 59.2854 59.9866 0 
59.4847 59.5097 59.816 60.0616 59.6402 59.5461 59.5402 0 
59.5069 59.4999 59.3937 59.6681 59.5355 60.0181 59.9948 60.6417 0 
59.4848 59.8273 60.2461 59.9561 59.9872 59.7847 59.8002 60.4006 0 
59.5134 59.9919 59.7865 59.6423 61.3388 0 
59.4655 59.3825 59.0471 59.2052 59.167 59.1842 0 
59.4911 59.5299 59.4804 59.1277 59.2798 58.7633 0 
59.5069 59.4921 59.4632 59.6935 58.6436 58.9376 0 
59.4865 59.553 59.4479 59.283 58.7369 59.0421 59.3441 60.4809 60.5 0 
59.4734 59.2277 59.1353 59.6229 59.4311 0 
59.5107 59.3891 58.9484 58.9368 59.4049 60.4979 0 
59.5263 59.2146 58.4727 58.5118 57.3067 57.5483 0 
59.4748 59.8801 59.8858 59.5667 60.3863 60.0604 59.3598 58.5203 0 
59.4952 59.1323 59.7326 60.3888 60.4564 0 
59.4957 59.4781 59.5098 59.6244 59.0811 59.0543 59.0994 0 
59.5104 59.4414 59.1688 59.2104 59.634 59.7218 0 
59.4771 59.2579 59.3757 59.1302 58.7273 59.4059 60.0912 0 
59.4787 59.9286 59.3583 59.552 59.5559 58.8967 58.5104 58.4999 58.5001 0 
59.4839 59.7935 60.3036 59.759 59.6888 59.5579 59.332 0 
59.4842 59.8225 59.4474 59.4742 59.0591 60.3199 0 
59.4935 59.1479 59.3207 59.7103 59.1453 58.8379 59.7688 0 
59.5018 59.5607 59.2237 59.5884 61.1661 61.2747 60.9571 0 
59.4799 59.5114 59.5006 60.2728 59.8695 60.4895 0 
59.5016 59.3468 59.8999 59.9389 59.3141 58.9432 0 
59.4515 59.2479 59.1385 59.0877 58.9399 59.1042 0 
59.4988 59.6432 59.434 59.7426 59.7454 59.6435 0 
59.475 58.9405 59.1692 59.1221 59.5004 58.683 57.6193 0 
59.4796 59.4029 60.2928 60.4903 60.0306 60.5294 0 
59.494 59.2156 60.4748 60.3153 0 
59.4936 59.681 59.1464 58.8658 58.8584 59.7926 0 
59.4966 59.1839 59.2523 59.2658 59.8087 59.3252 59.2662 0 
59.4973 59.6499 59.7282 59.5766 59.1419 60.5039 0 
59.5052 59.0111 58.9658 59.0612 60.1855 60.4702 0 
59.4838 59.4115 58.9401 58.6554 58.6704 59.2204 61.3518 0 
59.4891 59.7003 59.9449 59.6499 59.2195 59.5464 59.5215 58.5075 0 
59.4831 59.5079 59.4812 59.1697 58.9867 61.0885 0 
59.5026 60.1524 60.1568 59.817 58.8817 58.5055 0 
59.5151 59.0308 59.3505 60.1853 60.1206 60.3866 0 
59.4916 59.6208 59.6558 59.5234 59.3651 59.7234 60.7836 62.1985 0 
59.5017 59.4752 59.4629 59.2737 60.033 60.0859 0 
59.5208 59.8591 59.1538 59.046 59.055 59.3553 59.2226 59.4927 59.4992 0 
59.485 59.3254 59.4496 59.2722 59.5342 60.6088 60.0792 60.1356 0 
59.4987 59.1249 59.1818 59.2151 59.2529 59.1272 0 
59.4718 59.4848 59.4942 59.4874 58.8426 59.462 59.5253 59.5884 0 
59.52 60.1787 59.787 60.1149 59.6457 58.7159 0 
59.5001 59.4867 59.481 59.4397 59.1724 58.453 58.519 59.6008 0 
59.5275 59.5676 59.7384 59.7597 60.6736 60.8264 0 
59.4891 59.348 59.4903 59.3191 59.6708 59.6734 58.5065 58.4941 0 
59.4936 59.4773 59.7948 59.2398 59.5276 59.5503 59.9408 59.6763 0 
59.5038 59.6276 59.6575 59.5906 59.6104 59.4237 0 
59.4889 59.7782 59.0987 59.1102 59.2019 60.6026 0 
59.4653 59.2348 59.3944 59.3729 58.9947 59.2285 57.6738 0 
59.4964 58.8585 59.1142 58.928 58.9195 59.5349 60.0552 60.1263 0 
59.4715 59.222 59.4702 59.1736 59.0954 59.2579 59.5028 0 
59.5343 59.0903 59.1321 59.8128 59.4788 59.7864 59.1904 59.0746 59.4993 0 
59.4743 59.2235 59.1483 60.1435 59.8346 0 
59.498 59.4353 59.1798 59.1891 59.257 60.4539 60.9687 61.1468 0 
59.4675 59.5158 59.4844 59.1848 59.4317 59.8769 58.6458 0 
59.4948 59.5561 59.1437 59.4572 59.497 60.2723 0 
59.5002 59.4705 59.4101 59.4167 59.1957 58.7501 58.8086 0 
59.4916 59.851 60.05 59.984 59.913 0 
59.4857 59.7163 59.9807 59.5191 58.2286 0 
59.4826 59.4985 59.2443 59.6081 59.8045 59.6276 58.9683 0 
59.4821 59.5434 59.4237 59.4189 59.5773 60.4868 0 
59.4835 59.2569 59.4311 59.9187 59.9841 0 
59.5183 59.5853 60.0534 60.961 60.9709 61.1938 0 
59.4502 59.5116 59.5628 59.3451 59.3834 58.5772 58.5409 0 
59.5155 59.4571 59.7442 59.6751 59.5848 59.5233 59.4747 0 
59.5092 59.7972 60.2905 60.2505 59.775 59.3304 58.8672 58.3822 0 
59.4809 59.8354 59.6445 59.5316 60.1305 61.1642 0 
59.4696 59.5627 58.9442 59.0146 58.7469 58.5172 58.6853 0 
59.4894 59.2519 59.0963 59.4637 59.4882 59.3206 58.8544 0 
59.4912 59.7163 59.5396 59.5826 59.9631 58.3636 0 
59.4999 59.8638 59.5727 59.5711 59.2991 60.382 59.5913 59.501 0 
59.5007 59.3785 59.4315 59.4324 59.8845 59.5382 0 
59.4993 59.4577 59.6138 60.3711 60.3682 59.648 59.4932 58.2259 0 
59.5078 58.8102 58.8771 58.8913 60.7274 0 
59.5043 58.9964 59.0838 58.8711 59.1296 59.4612 57.5723 0 
59.4996 59.3375 60.0322 60.0502 59.3815 59.6371 0 
59.5216 59.4303 59.2024 59.5771 59.9354 60.0821 0 
59.4981 59.8203 60.1219 60.3258 60.2343 0 
59.5046 59.54 59.7833 59.8769 59.7316 59.554 59.2506 0 
59.4823 59.4282 59.1432 58.8349 59.1166 60.4098 60.727 0 
59.5322 59.5074 59.4685 59.964 58.5038 58.4839 0 
59.4914 59.5455 59.555 59.587 59.94 60.2664 58.6171 0 
59.5024 59.2359 59.4993 59.4832 59.2343 59.2001 58.6962 59.9544 0 
59.5056 59.7992 59.6347 60.0322 60.0624 60.0765 0 
59.4948 59.1939 59.5046 59.6488 60.66 59.9781 58.5045 0 
59.4921 59.5297 59.6203 59.8298 59.525 58.7306 58.7467 59.5191 0 
59.4962 59.4472 60.0192 59.7038 60.6285 0 
59.4851 59.6578 59.5016 59.1556 59.1374 58.982 0 
59.4919 59.2488 59.7673 60.2555 59.8438 59.0799 0 
59.4887 59.5217 59.1838 59.6909 60.2198 59.4327 0 
59.4808 59.7569 59.9696 60.1634 59.4231 59.3745 0 
59.5005 59.1225 59.528 59.5576 59.4204 59.0733 58.8036 58.4344 58.5001 0 
59.4995 59.1043 58.6646 59.2614 59.3162 58.7658 59.1676 59.5543 0 
59.5256 59.6415 59.705 60.5057 59.4853 59.4289 59.2278 58.5002 0 
59.4768 59.4608 59.476 59.1068 58.7272 59.2824 0 
59.514 59.8294 59.877 59.5251 60.1794 60.8272 60.5663 60.5009 0 
59.5112 59.4975 59.4431 59.2762 58.5876 58.6139 57.6501 0 
59.481 59.4517 59.3394 59.2072 59.1571 0 
59.5229 59.4879 59.0683 58.4681 57.536 58.5128 58.4947 0 
59.5015 59.3299 59.3432 59.2422 59.0364 59.3795 59.6412 59.5204 0 
59.5034 59.5059 59.9912 59.9919 59.8454 59.3201 59.0921 0 
59.5221 59.5244 59.7615 59.8459 59.8697 59.5007 60.3431 0 
59.4824 59.1011 59.1514 59.5248 59.5457 59.0649 58.9759 58.5063 0 
59.5019 59.5601 59.5682 59.6257 60.3726 60.6272 60.7708 0 
59.4827 59.5226 59.5523 59.3147 59.6189 59.6277 59.3259 59.3102 59.4969 0 
59.4969 59.0695 58.5308 59.0197 0 
59.479 59.1538 59.7564 60.1645 60.1775 58.5359 59.3974 0 
59.5467 59.4256 59.1259 59.128 59.455 59.5237 59.4558 59.5018 0 
59.496 59.6114 59.5019 59.6702 60.1038 59.9413 59.6575 58.2638 0 
59.492 59.6086 59.2941 59.6486 59.3475 59.2552 0 
59.4867 59.8254 59.356 59.3246 58.6992 59.0124 60.3479 0 
59.4624 59.7301 60.0562 60.3748 59.5286 59.8172 60.4991 0 
59.4856 58.9784 58.9297 59.0489 59.6581 59.7151 0 
59.4874 59.5061 59.1399 59.53 59.8857 59.0443 58.5178 0 
59.5077 59.4869 58.7272 58.9524 59.3796 59.9938 58.655 58.0081 0 
59.5246 59.7917 59.8391 59.2136 59.175 59.3354 0 
59.497 59.5153 59.843 59.4706 59.454 59.4868 59.7357 0 
59.4973 59.8072 59.6189 59.1768 59.1608 59.5306 59.9941 0 
59.502 59.4346 59.7773 60.4592 59.7653 59.4556 59.5264 59.9505 60.4978 0 
59.4713 59.8122 59.4634 59.4225 58.5244 58.307 0 
59.4996 59.4824 59.5633 60.0047 59.8205 58.2131 58.2087 59.4445 59.4416 0 
59.4888 59.7793 60.2956 59.7139 59.7198 59.2808 60.0475 0 
59.4857 59.4352 59.3324 59.0685 59.0289 58.9177 0 
59.5285 59.3101 59.2353 58.9346 59.2021 59.7849 60.3868 0 
59.4892 59.0704 59.0173 58.9239 0 
59.4933 59.3464 59.4353 59.6282 59.9999 59.9478 60.4637 60.1853 0 
59.5151 59.0005 59.1149 58.8514 58.7692 0 
59.4993 59.4929 59.4453 59.2318 59.6388 60.9689 0 
59.5247 59.7443 59.7164 60.0489 59.5189 58.8015 0 
59.4716 59.8097 59.4556 59.9692 58.3542 0 
59.5058 59.472 59.5493 59.5351 59.6618 59.6659 59.748 0 
59.4871 59.477 59.3388 59.3967 59.1275 59.5019 59.4992 59.4483 0 
59.4768 59.3897 59.3782 59.5213 60.3121 58.6051 58.6194 58.5087 58.5005 0 
59.4903 59.5195 59.7738 59.0537 59.074 58.2488 0 
59.5048 59.2567 59.7829 59.704 59.7214 60.0773 0 
59.488 59.7051 59.7139 59.198 60.0357 59.9649 0 
59.4834 59.5847 59.225 58.5682 58.5496 58.5482 58.6734 0 
59.5319 59.8234 59.1185 59.038 59.0588 59.5799 59.5076 0 
59.4846 59.5071 59.404 58.7746 59.3024 59.5055 59.5698 0 
59.5013 59.743 59.224 59.2783 60.4267 60.2421 59.5125 59.3652 0 
59.4999 59.0798 59.5545 60.012 60.3261 59.5399 58.282 58.4919 0 
59.5066 59.1891 59.2646 59.6741 59.2465 60.4255 60.359 0 
59.4882 59.4832 59.4778 59.4938 59.1176 0 
59.497 59.5561 59.5993 59.2217 59.2186 59.176 59.3323 58.4999 0 
59.509 59.179 59.4044 59.2533 59.0601 59.9014 58.9331 58.5296 0 
59.4953 59.8254 60.0856 60.3992 60.3157 59.0883 59.3685 0 
59.4931 59.6971 59.792 59.4839 59.5023 57.4856 0 
59.5072 59.6548 59.815 59.5556 59.1812 58.8809 58.861 0 
59.4623 59.488 59.7975 59.8893 59.755 60.2572 0 
59.5007 59.4703 59.3978 59.3519 59.0503 0 
59.4884 59.0922 59.1528 59.4112 59.3505 0 
59.5073 59.2741 59.0923 59.9327 59.5095 58.5299 58.5253 0 
59.4959 59.6723 59.4815 59.3899 59.3753 58.1081 59.4557 0 
59.4793 59.887 59.7701 59.4085 58.5369 56.5634 0 
59.4869 59.5483 59.1336 59.716 59.3248 59.7539 59.4093 0 
59.5095 59.4865 59.6504 60.0949 59.7372 59.2345 59.2847 59.0355 59.5002 0 
59.4698 59.5407 59.5583 59.3597 59.4172 60.5057 59.6774 0 
59.5003 59.2211 59.1569 59.0285 58.6318 58.7624 58.5195 0 
59.4995 59.5158 58.9215 58.7961 58.7807 58.7842 0 
59.4808 59.6648 59.6601 59.3144 59.7954 60.4788 0 
59.5083 59.5897 59.6675 59.5118 59.3491 0 
59.5007 58.913 58.764 59.386 59.7848 59.9018 0 
59.4899 59.3888 59.0796 59.3929 59.5589 58.8395 58.5802 58.2161 59.4435 0 
59.4814 59.5169 59.8223 59.8277 59.2348 59.4694 60.0317 59.4009 0 
59.5085 59.8323 60.1117 60.3685 60.0106 59.1205 58.299 0 
59.4765 59.2238 59.8411 59.1864 58.9896 59.2229 60.5931 0 
59.4964 59.4928 60.0161 60.0898 60.0317 60.5307 0 
59.4989 60.001 59.5477 59.4928 59.0622 59.2391 62.386 0 
59.4717 59.494 59.024 59.4313 60.3408 59.8545 0 
59.5046 59.4258 59.4357 59.7349 60.1207 59.9899 60.141 0 
59.4856 59.4785 59.6438 59.6948 59.2142 60.2368 59.5495 0 
59.5046 59.5394 60.2043 60.2732 60.3792 58.5385 59.2247 59.3143 59.4991 0 
59.509 59.1159 59.4858 59.9177 59.8411 0 
59.4797 59.1009 59.2778 59.5156 59.5043 60.3547 59.7545 59.3112 0 
59.4787 59.4731 59.4727 59.1841 58.7712 59.394 60.3978 0 
59.4887 59.4108 59.0913 59.0277 59.2455 59.0177 58.8713 0 
59.489 59.5673 59.5145 59.785 59.8657 59.8685 59.928 59.3299 59.8319 0 
59.5105 59.5075 59.2089 59.6334 60.2977 60.4834 0 
59.504 59.5578 59.5571 59.6414 59.5662 59.5385 59.6182 61.0508 0 
59.4701 59.478 59.4209 59.3787 59.4459 60.2346 60.4814 0 
59.4917 59.6957 59.678 60.2359 59.7195 59.6567 59.4646 0 
59.5212 59.7124 59.7363 58.9681 59.5709 59.0027 59.002 0 
59.4946 59.7701 59.8309 60.1269 59.9489 0 
59.484 59.4646 59.4726 59.1629 59.2571 58.4423 0 
59.4947 59.0263 58.9968 59.6274 59.6008 58.8858 0 
59.4861 59.4595 59.5219 59.7125 59.9824 59.5799 58.9977 57.9847 57.5011 0 
59.4901 59.4994 59.3288 59.9105 58.9126 61.0723 61.0477 0 
59.4863 59.5486 59.2829 59.5011 59.4639 0 
59.4965 59.4751 59.4932 59.6287 59.5043 58.7847 59.5289 60.4935 0 
59.4645 59.4364 59.4238 59.4902 58.7135 60.0412 0 
59.5069 59.5445 59.1534 59.0348 59.0305 58.5074 59.223 0 
59.5009 59.4439 59.4759 59.5543 59.5294 59.9786 60.4771 60.4999 0 
59.487 59.3594 59.3537 59.4045 60.1143 61.0239 61.0092 61.4658 61.4733 0 
59.5196 58.9442 58.996 58.9529 58.7024 0 
59.511 59.1753 59.5033 60.0049 60.5565 61.5793 0 
59.5067 59.5093 58.9425 59.9651 58.4194 58.4452 58.6326 58.5527 0 
59.52 59.7737 59.6067 60.0565 59.2318 59.9088 59.5029 0 
59.5097 59.2871 59.4975 59.9551 59.535 60.0565 0 
59.4686 59.5097 59.5808 59.2854 59.6044 0 
59.4837 59.4744 59.4926 59.0962 58.0292 57.9261 0 
59.501 59.1217 59.6738 59.6386 59.9885 0 
59.5054 59.5097 59.5854 59.1719 59.2036 58.721 58.7914 58.5701 58.5004 0 
59.5044 59.5673 59.1116 59.1462 61.6616 61.6709 0 
59.4991 59.464 59.0718 59.5559 59.5362 60.461 60.5027 0 
59.4807 59.4692 59.3454 59.3768 59.1335 59.3596 59.3895 59.4971 0 
59.4912 59.6773 59.8053 59.6497 59.2845 59.4547 0 
59.4833 59.6657 59.9615 60.2475 59.9452 59.5001 59.6914 59.139 59.2104 0 
59.4821 59.3805 59.637 59.439 59.4223 59.3428 0 
59.4893 59.5554 59.5181 60.0778 59.642 59.6595 0 
59.5086 59.4174 59.2656 59.7796 60.4605 60.4317 59.8649 60.4793 0 
59.5001 59.8396 59.8855 59.3659 59.1845 61.3149 61.4872 0 
59.4946 59.46 59.4737 59.4704 59.4867 59.5615 59.9933 0 
59.4855 59.7248 59.4893 59.5235 59.4119 0 
59.4919 59.439 59.5308 59.4443 59.4608 59.5144 59.3256 58.7105 0 
59.5131 60.061 59.9398 59.9333 59.9429 59.8072 58.9534 0 
59.4779 59.8516 59.6109 59.8249 59.363 59.5641 60.4204 59.5014 59.5001 0 
59.4895 59.4574 59.1459 59.0844 59.087 59.157 60.3601 59.6182 0 
59.4887 59.4863 59.6838 59.7876 59.244 58.4398 0 
59.497 59.5075 59.4896 59.0385 58.6447 59.4803 60.0451 0 
59.485 59.4288 59.5976 59.6118 59.8858 60.4742 60.4657 0 
59.4979 59.2532 59.9387 59.8524 59.4191 59.2822 0 
59.4881 59.9098 59.5156 59.3327 58.5484 58.9643 61.434 0 
59.4709 59.1892 59.629 59.5076 60.305 60.9629 0 
59.489 60.1874 60.2401 59.5643 59.5619 0 
59.4943 59.6926 59.7369 59.5776 59.5737 59.8462 60.4379 60.4576 0 
59.4871 59.1897 58.9622 58.9859 58.9197 59.45 58.4023 0 
59.5039 59.522 59.774 58.7604 58.3656 57.9324 58.4381 58.4617 0 
59.4943 59.38 59.0634 58.5082 58.5487 58.5658 59.9637 0 
59.4763 59.3329 59.6648 59.9929 60.0215 0 
59.4863 59.1778 59.4038 59.3916 59.9951 60.4668 0 
59.5324 59.6822 60.2128 60.6306 60.4724 60.465 61.4239 0 
59.4958 59.8815 60.008 59.941 59.8492 59.8255 59.9873 0 
59.5078 59.3063 59.0089 59.4361 59.5364 59.0464 59.4033 0 
59.5148 59.9265 59.9737 59.9882 59.9895 59.9955 59.7851 58.9651 0 
59.5269 59.3658 59.7463 59.7138 58.2236 57.6919 0 
59.4804 59.5677 59.9439 59.9511 59.6647 59.9074 59.0182 59.0135 0 
59.4753 59.2025 59.1611 59.1837 58.9627 59.4812 58.2875 0 
59.4888 59.1149 59.4406 59.4295 59.6375 59.3993 59.3046 59.3825 58.5264 0 
59.4881 59.15 59.0606 58.9341 59.7796 59.5314 58.4977 0 
59.4928 59.4847 59.2807 59.4492 59.044 59.0247 0 
59.5085 59.7602 59.7133 59.2111 59.2311 57.4312 0 
59.4661 59.5374 59.1366 59.0001 58.8936 59.0836 58.5068 58.5559 0 
59.5279 59.4779 59.766 59.1937 59.4587 59.5414 0 
59.5078 59.0163 59.4855 59.5897 59.6273 59.686 0 
59.4923 59.475 59.6881 59.9377 59.6115 58.9856 58.2656 58.9031 59.0346 59.4995 0 
59.4769 60.0367 59.8544 59.8279 59.7357 59.503 59.4575 59.0855 0 
59.527 59.8083 59.8528 59.7083 58.6173 0 
59.4896 59.4821 59.5021 59.7468 59.5477 58.8052 0 
59.4978 59.4976 60.0324 59.8837 59.8533 59.9452 0 
59.5049 59.6235 59.4568 59.1814 59.4339 59.5137 0 
59.4825 58.967 58.9023 59.137 59.4771 59.0568 59.0766 59.0953 58.5448 0 
59.5228 60.1156 59.8971 59.583 59.8176 59.3499 59.3566 0 
59.5066 59.1933 59.0155 58.9307 59.2974 0 
59.4854 59.286 59.6932 59.2208 59.2657 59.5683 59.5876 58.3397 58.5035 0 
59.4905 59.286 59.3423 58.9069 58.2925 0 
59.4994 59.5054 59.3778 58.6809 59.0549 0 
59.4874 59.2982 59.2845 59.353 60.0605 59.9892 0 
59.5102 59.8462 59.4962 59.2004 59.0482 58.7995 0 
59.4844 59.8505 59.5541 59.7406 59.6889 60.4993 60.4997 60.5 60.5 0 
59.4859 59.605 59.5396 60.2987 60.1103 60.4165 59.6063 0 
59.5013 59.5451 59.5386 59.7229 59.3068 59.4723 57.5963 0 
59.5454 59.8973 59.6608 59.6077 59.6107 60.1558 60.0767 0 
59.4867 59.2111 59.1798 58.9784 59.9568 0 
59.4979 59.486 60.0902 60.0149 59.3539 59.119 59.0736 58.9818 0 
59.4983 59.7975 59.7605 59.7272 58.9143 0 
59.5058 58.9531 59.0074 59.4726 59.3944 58.6771 57.9788 58.3543 0 
59.4886 59.6482 59.8986 59.424 59.8265 58.5381 0 
59.4839 60.0313 59.9595 59.9791 59.9913 58.9508 0 
59.498 59.8675 59.7215 59.8315 60.1048 59.9872 60.4419 0 
59.4685 59.493 59.3588 60.0105 59.9724 60.038 0 
59.4997 59.692 59.494 59.4715 59.3932 59.4646 59.4666 0 
59.4901 59.4856 59.2064 59.7203 59.5617 59.2808 60.9395 0 
59.4801 59.0662 59.6632 59.1218 59.1713 59.9987 59.5004 0 
59.4963 59.6863 59.6489 59.3747 59.2184 0 
59.4908 59.0636 59.003 59.7945 59.8462 59.9249 58.5927 0 
59.4917 59.1852 59.7876 59.5279 58.5843 59.3235 0 
59.4968 59.4785 59.2701 59.7237 60.1344 61.3752 61.4066 0 
59.4908 59.6693 59.9271 59.5554 59.8647 59.4591 59.5092 59.2849 59.501 0 
59.5062 59.9119 59.7335 60.1458 59.7835 60.1568 59.5536 0 
59.478 59.4444 59.0982 59.2445 60.5999 60.7765 0 
59.4673 59.4503 58.9747 59.0066 58.5967 0 
59.5173 59.4395 59.3868 59.8205 58.1186 58.1511 0 
59.4976 59.3672 59.4011 59.3706 59.1811 59.8127 0 
59.4973 59.0295 59.477 59.4705 59.481 59.3658 0 
59.4712 59.4454 59.344 59.7012 59.8535 59.3953 60.4946 60.4991 0 
59.5262 59.2096 58.9967 58.8309 59.3498 59.5064 0 
59.4752 59.4687 60.0409 60.434 60.0154 59.9731 58.5157 58.5003 0 
59.5052 59.4273 59.4941 59.5117 59.4837 58.5509 59.0165 0 
59.5007 59.4977 59.2948 59.6398 60.0088 59.9684 60.3801 59.5043 0 
59.5047 59.4326 59.4165 59.5502 60.0796 61.0816 0 
59.4959 60.0687 60.4268 59.7579 59.8569 0 
59.4898 59.2018 59.8128 59.488 59.7886 59.4847 59.5675 58.5001 58.5001 0 
59.5156 58.7742 58.7333 58.9851 58.7519 58.4121 0 
59.512 59.1158 59.0354 59.3157 59.329 59.4907 0 
59.516 59.8461 59.8739 59.9369 59.7735 59.7759 59.0445 59.1317 0 
59.4993 59.503 59.5767 59.582 59.6493 59.6073 60.6313 60.5964 60.4996 0 
59.4944 59.5817 59.4174 59.4691 59.0906 58.7472 59.0526 59.1267 0 
59.4992 59.6085 60.2311 59.4683 59.3825 59.47 59.4662 59.4688 0 
59.484 59.6753 59.5007 59.8065 58.7817 59.377 59.5073 59.4993 0 
59.505 59.8514 59.5359 59.6989 59.1059 59.7696 0 
59.5016 59.4649 59.5317 59.7858 59.2941 59.523 59.5068 0 
59.5011 59.4959 59.1601 59.2105 59.5357 0 
59.489 59.1863 59.6296 59.6278 59.1885 58.9242 58.9544 0 
59.495 59.6901 59.9228 59.297 59.2363 0 
59.4853 59.201 59.6373 59.9574 59.8012 59.5581 59.5037 59.4995 0 
59.4564 59.8446 59.8696 59.4443 59.5845 0 
59.4938 59.5111 59.296 58.8501 58.833 58.9929 0 
59.4932 59.5074 59.7876 59.9822 60.1007 0 
59.5341 59.8934 59.9091 59.0534 59.2026 59.74 59.0437 0 
59.5108 59.677 59.7307 59.0021 59.3715 59.1671 59.3073 0 
59.4952 59.8042 59.5173 59.5094 59.0094 60.4798 60.4961 0 
59.47 59.7533 59.4541 60.1375 60.148 60.1437 60.0272 59.3912 59.5003 0 
59.4841 59.799 59.3879 59.4569 59.603 59.0318 59.0099 58.5018 0 
59.4805 59.2057 59.4471 59.5114 59.6618 60.2908 59.1913 58.9989 0 
59.4905 59.4197 59.9226 59.855 59.9008 59.9224 59.7419 59.517 59.5002 59.5 0 
59.5023 59.6194 59.822 60.4028 59.8163 59.6563 60.2239 0 
59.4711 59.486 59.3832 59.7906 60.2708 60.5452 60.4717 0 
59.4977 59.5357 59.5536 59.517 60.4522 60.1396 59.53 0 
59.4993 59.2969 59.5971 58.8391 58.9 0 
59.5145 59.4532 60.1927 60.2874 60.4804 0 
59.4688 59.4771 59.4829 58.9848 59.6539 61.1426 0 
59.4743 59.5599 59.8668 59.8915 60.1611 60.2872 60.2074 0 
59.4854 59.5602 59.596 59.481 59.5194 58.3736 57.6764 58.3329 0 
59.5162 59.3907 59.2652 59.6342 60.0442 60.3124 60.6048 0 
59.5039 59.8148 59.835 59.6918 59.525 0 
59.5051 59.473 59.7269 59.4881 59.4767 59.3475 0 
59.5119 59.3443 59.3262 59.7784 0 
59.4918 59.6879 59.7799 59.541 59.5673 60.309 60.0724 0 
59.4966 59.3405 59.5743 60.2144 59.9834 59.9735 0 
59.5013 59.3166 60.1497 60.0072 59.8522 60.0233 0 
59.4864 59.5574 59.9198 59.8022 59.7036 59.8567 58.5024 0 
59.4909 59.5666 59.3235 59.3043 59.4023 0 
59.4933 59.7184 59.1881 59.1008 59.0984 59.499 59.5064 0 
59.506 59.4257 60.0476 60.4417 60.097 59.5284 59.2247 0 
59.5109 60.1395 59.9868 60.0461 59.0405 59.0345 0 
59.4945 59.7803 60.0586 60.0049 59.5099 59.393 61.3268 0 
59.5094 59.8377 59.5939 59.427 58.6325 58.6681 0 
59.461 59.8532 59.8498 59.5056 59.5241 59.5197 0 
59.5005 59.359 59.0464 58.9891 59.2312 0 
59.5004 59.8593 59.8358 59.5754 59.6098 59.3823 59.4563 59.1689 0 
59.4861 59.4634 58.8606 59.5469 59.5178 59.467 59.4725 60.0149 0 
59.484 59.487 59.62 59.629 60.0749 59.7641 60.1769 59.4998 0 
59.4694 59.8086 59.7651 59.805 60.3541 0 
59.5066 59.5051 59.3174 60 60.3571 0 
59.5124 59.1658 59.1659 59.4475 59.8375 60.1908 60.4883 60.4948 0 
59.4906 59.6342 59.1254 59.0508 59.5898 61.466 61.4756 61.4941 61.4995 0 
59.4903 59.8477 59.876 59.0977 59.5406 59.9795 0 
59.4929 59.5352 59.8957 59.9123 58.6941 60.2134 60.5278 0 
59.5026 59.428 58.7661 58.7746 58.8372 57.5204 57.5137 57.494 57.4978 0 
59.5055 59.5025 59.3005 59.2162 58.8639 59.8633 0 
59.5481 59.6747 59.4836 60.0111 60.0487 59.9323 59.5713 59.5007 0 
59.4969 59.4276 59.1345 59.5797 59.3982 60.2736 0 
59.499 59.6862 59.3412 59.2836 59.5384 59.4693 61.0812 61.4958 0 
59.5056 59.3392 59.3285 59.2667 59.2356 59.4558 60.0748 60.067 60.4702 0 
59.4953 59.7823 59.8178 60.1097 60.2084 59.1578 58.9905 59.4806 0 
59.5079 59.1495 59.7361 60.1488 58.8681 58.8328 58.205 58.5075 0 
59.4973 59.8937 59.6475 59.4934 59.3467 59.0406 58.5756 0 
59.4873 59.49 59.4252 59.2204 58.6313 59.4623 59.0547 59.6761 0 
59.4844 59.7433 59.9886 59.0552 59.8334 60.0107 60.4959 60.5381 0 
59.4571 59.799 59.5168 58.9834 59.1781 0 
59.4719 59.4638 59.4933 60.0516 60.0081 59.6141 58.9681 0 
59.4762 59.4207 59.3941 59.3833 59.0619 59.1273 59.4969 0 
59.4839 59.5298 59.5633 59.5508 59.5388 59.2641 0 
59.5016 59.1557 59.2679 59.2803 59.3783 58.8767 58.0715 0 
59.4711 59.1079 59.1826 59.3108 59.6097 59.8726 60.0368 0 
59.4923 59.5034 59.2012 58.9621 59.3614 59.3199 59.4726 59.4178 0 
59.5096 59.1778 58.8503 58.7811 59.7266 60.3894 60.4413 0 
59.509 59.4883 59.5741 60.0482 59.9244 59.4575 57.5605 57.5363 0 
59.5075 59.4936 60.2519 60.775 60.787 60.4955 0 
59.484 59.4542 59.8536 59.1508 59.5023 58.5147 0 
59.4947 59.0234 59.3189 58.9513 60.6692 60.8051 60.7813 0 
59.4799 59.5003 59.6289 59.5921 59.5684 59.0939 60.8442 0 
59.4971 59.1247 59.3075 59.5324 59.8789 58.5051 0 
59.4658 59.3982 59.3925 60.2872 59.9535 59.5013 59.825 60.1525 0 
59.5237 59.4143 59.4806 59.4653 59.7313 59.6626 59.4987 0 
59.4908 59.6431 60.1149 59.8435 59.2488 59.6846 59.2186 0 
59.5105 59.4759 59.1908 59.1676 60.0699 60.5125 0 
59.4753 59.2541 59.3835 59.3881 60.3542 59.8684 60.0895 60.8878 0 
59.4806 59.8196 59.668 60.3387 59.8939 60.0133 59.7939 0 
59.4919 59.7227 59.6542 59.6263 58.8647 58.2399 57.4895 56.5437 0 
59.491 59.1658 59.3346 59.0087 59.0276 58.8711 0 
59.5051 59.1886 59.1472 59.9426 59.6437 0 
59.4964 59.4261 59.8083 59.5406 59.9977 59.9864 0 
59.4714 59.6751 59.3902 58.7591 58.3865 59.2917 59.2165 59.4993 0 
59.4893 59.4183 59.1598 59.182 58.7335 0 
59.5008 59.5462 58.8662 59.2593 59.1673 59.0392 59.114 59.8345 0 
59.4932 59.0151 59.2508 59.7023 59.907 58.516 0 
59.5116 59.4811 59.5169 59.6576 59.9527 59.778 58.9645 58.5357 0 
59.5077 59.3483 59.8175 59.6506 59.0889 0 
59.4871 59.8583 59.7706 59.796 59.0608 58.4962 58.4885 0 
59.5092 59.1678 59.3795 59.3826 59.8386 59.6695 59.0268 59.5611 0 
59.5294 59.8436 59.5808 59.599 58.7746 58.6657 0 
59.489 59.684 59.619 59.049 58.9461 58.87 0 
59.4873 59.3098 59.3272 59.9261 59.7588 59.7974 58.5728 0 
59.5138 59.1101 59.1644 59.8847 59.9732 59.9878 59.3133 0 
59.4727 59.6923 59.3465 59.4213 59.2024 0 
59.4542 59.8471 59.3223 60.0916 59.2193 59.1311 59.0063 59.5806 0 
59.4818 59.3183 59.4017 59.2988 59.6199 59.7732 59.0815 0 
59.495 59.547 59.4679 58.6554 58.6011 58.8313 58.8396 0 
59.5291 59.1414 58.7198 59.0521 58.4595 59.4203 58.525 0 
59.4937 59.3328 59.3612 59.3997 60.2086 60.5089 60.4959 0 
59.5069 59.5134 59.5147 59.5376 58.8243 58.8123 58.857 58.7769 0 
59.4931 59.4432 59.3366 59.0539 59.3227 59.1368 0 
59.4833 59.3676 58.9881 58.6299 59.6779 59.653 59.1336 59.5185 59.496 0 
59.5162 59.4977 59.4895 59.4402 59.3936 59.4781 0 
59.4954 59.5245 59.4855 59.3159 59.891 58.9211 0 
59.4812 59.1401 59.183 59.0504 59.0472 59.0691 58.9794 59.8428 58.7324 0 
59.4768 59.2334 59.5825 59.1145 59.715 0 
59.505 59.5831 59.8305 58.2778 58.2954 58.5306 58.5807 0 
59.4712 59.3657 59.3647 59.4537 59.5134 61.926 0 
59.4956 59.4209 58.9218 59.0066 59.2712 60.2858 0 
59.4881 59.4868 59.4234 59.4035 58.7552 57.9119 0 
59.5095 59.833 59.5314 60.3463 60.5659 60.5032 0 
59.4501 59.6482 59.8451 59.5536 58.9327 58.7902 58.9975 59.5001 0 
59.5135 59.7779 59.9213 59.9835 59.9815 59.6641 0 
59.4953 59.2268 58.8707 58.8361 60.0181 59.9247 0 
59.4835 59.9018 59.9974 59.7663 59.7383 59.854 0 
59.5014 59.3648 59.4035 60.6483 60.4217 60.4274 0 
59.5099 59.2356 59.9149 59.9807 60.565 0 
59.4902 59.5138 59.6664 59.841 59.8366 59.5318 59.3794 60.0124 0 
59.4954 59.6472 59.5806 60.0656 60.0502 59.6415 0 
59.4766 59.7864 59.4938 59.2318 59.4996 0 
59.4986 59.9558 59.5553 59.6282 59.4722 58.9933 58.9778 59.4592 0 
59.4826 59.9469 60.3049 60.0466 59.8541 60.0087 59.4619 58.0455 0 
59.5083 59.3968 59.0033 58.9972 60.4948 59.3538 59.308 0 
59.4958 59.3914 59.595 59.6085 59.763 59.7163 0 
59.4912 59.2652 59.3178 60.2494 59.9656 60.0102 0 
59.5119 59.492 59.9362 59.9313 59.5222 59.1485 59.4827 0 
59.4727 59.3399 59.4333 58.983 58.8577 59.1746 0 
59.4909 59.3766 59.4878 59.0985 60.1677 60.5933 60.8062 0 
59.5233 59.9812 59.8387 59.0147 59.0023 59.0536 59.0538 58.5058 0 
59.5282 59.1939 59.1538 60.266 60.2879 59.4506 0 
59.5025 59.1983 59.2987 59.6633 60.3259 59.0653 58.8304 58.4904 58.5002 0 
59.5097 59.2375 58.7873 58.9658 59.4466 59.5737 59.4798 0 
59.4915 59.1619 59.1999 59.9427 58.8444 58.6938 0 
59.5067 59.8676 59.5216 59.5228 59.8696 0 
59.5012 59.9107 59.8727 59.9569 0 
59.486 59.7917 59.4853 59.5489 59.7745 59.7479 58.9941 58.4998 0 
59.4993 59.7911 59.8056 60.3286 60.4167 60.2058 60.5002 60.5008 0 
59.5174 59.2019 59.3986 59.2578 59.3007 59.9702 0 
59.4984 59.8077 59.027 59.0238 59.6647 59.3795 0 
59.5031 59.4751 59.7668 59.5194 59.8453 59.0077 59.4866 59.4999 0 
59.5072 59.2978 59.7357 59.9241 60.021 60.4796 0 
59.509 59.3992 59.0128 59.3917 59.8254 60.0772 60.5242 60.5242 59.5147 0 
59.5156 59.2611 59.5845 59.8612 59.5311 59.0154 0 
59.4961 59.4598 59.4908 59.6839 59.7192 59.8125 60.9621 0 
59.4752 59.9994 59.9259 59.9122 59.5312 59.1918 59.4274 0 
59.5142 59.4931 59.5106 59.9816 59.6682 58.9785 0 
59.4988 59.5946 59.4993 58.6385 59.3133 0 
59.4855 59.8135 59.737 59.4824 59.4814 59.4391 59.4141 59.3959 58.5247 0 
59.4979 58.7379 59.2322 59.2841 58.817 58.8218 0 
59.4959 59.457 59.7558 59.6926 59.1308 59.0969 57.9153 57.5104 0 
59.4927 59.2581 59.4926 59.1532 59.0743 0 
59.4917 59.4869 59.9393 59.7333 59.0907 0 
59.5074 59.8175 59.6265 59.8816 59.8696 59.6096 0 
59.4969 59.715 59.6782 59.3089 0 
59.4864 59.4901 58.6161 59.0402 58.6374 0 
59.4916 59.7152 59.6279 59.0686 59.0313 58.4503 57.9502 0 
59.5007 59.5826 59.8143 59.5489 59.8246 59.6303 0 
59.4599 59.1172 59.6491 59.7684 60.1912 60.1641 60.3416 0 
59.515 60.2594 59.952 59.9558 59.9935 59.9115 62.3343 62.501 0 
59.4885 59.4763 59.4933 59.4992 59.4062 59.6003 0 
59.4826 59.5224 59.9608 59.8352 59.9361 60.5423 59.431 0 
59.4891 59.452 59.121 59.143 59.3117 59.9761 60.326 0 
59.5164 59.4174 59.3191 58.8134 58.3855 58.3658 0 
59.4851 59.4734 59.4743 59.2261 59.0692 58.9997 59.4024 0 
59.4951 59.3315 59.4287 59.4595 59.4551 60.0266 0 
59.4557 59.8003 59.6792 59.6239 60.3119 59.2977 0 
59.4852 59.5666 59.484 59.5047 61.4003 61.4459 61.4441 61.4987 0 
59.5051 59.7636 59.9464 59.6001 59.8197 58.9278 0 
59.4964 59.1651 59.2408 58.9902 58.8328 58.4496 58.5129 59.2801 59.3377 0 
59.5095 59.1783 59.198 58.6258 0 
59.4758 59.5079 59.5818 59.2054 59.9406 59.7435 59.051 0 
59.5056 59.6217 59.6078 59.2346 58.3557 58.9183 0 
59.5046 59.3708 59.4821 59.2046 59.2213 59.8309 60.064 60.3202 0 
59.4957 59.8552 59.8773 59.9345 59.4773 59.7392 59.7437 60.2539 0 
59.4972 59.2387 59.4766 59.1169 59.5766 60.6393 0 
59.5097 59.5287 59.8004 59.8279 59.5491 59.7895 58.887 57.52 0 
59.4648 59.5175 59.606 59.9579 59.9466 0 
59.4966 59.6715 59.5382 59.9062 60.766 59.442 59.6263 59.5995 0 
59.5051 59.566 60.3131 60.1264 59.9488 60.5179 60.5709 0 
59.4968 59.5194 59.2714 59.5471 58.9964 0 
59.4907 59.498 59.4945 59.8839 59.3951 58.499 58.1138 0 
59.493 59.6744 59.6644 59.0453 59.1182 58.8156 59.4482 0 
59.4873 59.9196 59.688 59.1002 59.3625 59.4559 60.4944 60.5 0 
59.4811 59.5676 60.2455 59.8691 59.8779 59.7962 59.0425 57.5002 0 
59.4879 59.8618 59.6919 59.6341 59.4248 59.2383 57.8019 0 
59.4918 59.1694 59.2205 59.2989 59.2993 0 
59.4927 59.2084 59.6205 60.2587 60.4149 60.8481 0 
59.4757 59.757 60.0428 59.9421 59.9636 58.527 58.224 0 
59.48 59.1863 59.5858 59.8392 59.409 58.4732 58.5145 0 
59.5158 59.4627 59.4294 59.5246 59.3026 59.3621 58.8758 0 
59.503 59.5007 59.8836 59.5999 60.4687 60.5556 60.4883 0 
59.4962 59.762 59.767 59.841 60.1419 60.0785 0 
59.5043 59.4912 59.5752 59.8336 59.6311 59.1117 58.2457 0 
59.4874 59.5814 59.4453 59.4597 59.4426 59.5891 59.3233 59.5415 0 
59.5229 59.4681 59.4538 59.9124 58.3888 58.9977 0 
59.5132 59.0116 59.0492 59.0619 59.6704 60.9458 60.6124 0 
59.4798 59.6965 59.9357 59.8124 60.1265 59.6712 59.6493 59.6919 59.6207 0 
59.4973 59.3804 58.6006 58.2393 58.9683 59.0003 60.895 60.9108 60.9728 0 
59.4883 59.4847 59.8407 59.1193 58.8981 59.9209 59.0041 58.5051 0 
59.4579 59.4116 59.3632 59.493 59.5279 58.6455 59.2946 0 
