0.0106229 0.0144839 0.0159479 0.0145249 0.0106551 0.00515619 0 0 0 0 0 0 0 0 0 0 0 0 0 0 0 0 0 0 0 0 0 0.00514826 
0.0108205 0.0147533 0.0162445 0.014795 0.0108533 0.00525209 0 0 0 0 0 0 0 0 0 0 0 0 0 0 0 0 0 0 0 0 0 0.00524402 
0.0104466 0.0142434 0.0156831 0.0142837 0.0104782 0.00507059 0 0 0 0 0 0 0 0 0 0 0 0 0 0 0 0 0 0 0 0 0 0.00506279 
0.0102279 0.0139452 0.0153548 0.0139847 0.0102588 0.00496443 0 0 0 0 0 0 0 0 0 0 0 0 0 0 0 0 0 0 0 0 0 0.0049568 
0.00963584 0.013138 0.014466 0.0131752 0.00966503 0.00467708 0 0 0 0 0 0 0 0 0 0 0 0 0 0 0 0 0 0 0 0 0 0.00466989 
0.00922433 0.012577 0.0138482 0.0126126 0.00925228 0.00447734 0 0 0 0 0 0 0 0 0 0 0 0 0 0 0 0 0 0 0 0 0 0.00447046 
0.00818913 0.0111655 0.0122941 0.0111971 0.00821394 0.00397487 0 0 0 0 0 0 0 0 0 0 0 0 0 0 0 0 0 0 0 0 0 0.00396876 
0.00661558 0.00902004 0.00993178 0.00904558 0.00663562 0.00321109 0 0 0 0 0 0 0 0 0 0 0 0 0 0 0 0 0 0 0 0 0 0.00320616 
0.00481287 0.00656213 0.00722542 0.00658071 0.00482745 0.00233609 0 0 0 0 0 0 0 0 0 0 0 0 0 0 0 0 0 0 0 0 0 0.0023325 
0.00348422 0.00475058 0.00523077 0.00476403 0.00349478 0.00169119 0 0 0 0 0 0 0 0 0 0 0 0 0 0 0 0 0 0 0 0 0 0.00168859 
0.00131301 0.00179023 0.00197119 0.0017953 0.00131699 0.000637315 0 0 0 0 0 0 0 0 0 0 0 0 0 0 0 0 0 0 0 0 0 0.000636335 
0 0 0 0 0 0 0 0 0 0 0 0 0 0 0 0 0 0 0 0 0 0 0 0 0 0 0 0 
0 0 0 0 0 0 0 0 0 0 0 0 0 0 0 0 0 0 0 0 0 0 0 0 0 0 0 0 
0 0 0 0 0 0 0 0 0 0 0 0 0 0 0 0 0 0 0 0 0 0 0 0 0 0 0 0 
0 0 0 0 0 0 0 0 0 0 0 0 0 0 0 0 0 0 0 0 0 0 0 0 0 0 0 0 
0 0 0 0 0 0 0 0 0 0 0 0 0 0 0 0 0 0 0 0 0 0 0 0 0 0 0 0 
0 0 0 0 0 0 0 0 0 0 0 0 0 0 0 0 0 0 0 0 0 0 0 0 0 0 0 0 
0 0 0 0 0 0 0 0 0 0 0 0 0 0 0 0 0 0 0 0 0 0 0 0 0 0 0 0 
0 0 0 0 0 0 0 0 0 0 0 0 0 0 0 0 0 0 0 0 0 0 0 0 0 0 0 0 
0 0 0 0 0 0 0 0 0 0 0 0 0 0 0 0 0 0 0 0 0 0 0 0 0 0 0 0 
0 0 0 0 0 0 0 0 0 0 0 0 0 0 0 0 0 0 0 0 0 0 0 0 0 0 0 0 
0 0 0 0 0 0 0 0 0 0 0 0 0 0 0 0 0 0 0 0 0 0 0 0 0 0 0 0 
0 0 0 0 0 0 0 0 0 0 0 0 0 0 0 0 0 0 0 0 0 0 0 0 0 0 0 0 
0 0 0 0 0 0 0 0 0 0 0 0 0 0 0 0 0 0 0 0 0 0 0 0 0 0 0 0 
0 0 0 0 0 0 0 0 0 0 0 0 0 0 0 0 0 0 0 0 0 0 0 0 0 0 0 0 
0 0 0 0 0 0 0 0 0 0 0 0 0 0 0 0 0 0 0 0 0 0 0 0 0 0 0 0 
0 0 0 0 0 0 0 0 0 0 0 0 0 0 0 0 0 0 0 0 0 0 0 0 0 0 0 0 
0 0 0 0 0 0 0 0 0 0 0 0 0 0 0 0 0 0 0 0 0 0 0 0 0 0 0 0 
0 0 0 0 0 0 0 0 0 0 0 0 0 0 0 0 0 0 0 0 0 0 0 0 0 0 0 0 
0 0 0 0 0 0 0 0 0 0 0 0 0 0 0 0 0 0 0 0 0 0 0 0 0 0 0 0 
0 0 0 0 0 0 0 0 0 0 0 0 0 0 0 0 0 0 0 0 0 0 0 0 0 0 0 0 
0 0 0 0.000618487 0.00126887 0.00173719 0.00191143 0.00167986 0.00115676 0.000464514 -0.000171693 -0.000156207 -0.000114902 -5.5273e-05 0 0 0 0 0 0 0 0 0 0 0 0 0 0 
0 0 0 0.00162678 0.00333746 0.00456928 0.00502757 0.00440468 0.00301431 0.00118312 -0.000494221 -0.000449643 -0.000330746 -0.000159104 0 0 0 0 0 0 0 0 0 0 0 0 0 0 
0 0 0 0.00261237 0.00535946 0.00733756 0.00807351 0.00708135 0.00485711 0.0019226 -0.000768643 -0.000699313 -0.000514397 -0.000247449 0 0 0 0 0 0 0 0 0 0 0 0 0 0 
0 0 0 0.0030726 0.00630365 0.00863024 0.00949583 0.00829511 0.00564357 0.00216668 -0.00100835 -0.0009174 -0.000674816 -0.000324618 0 0 0 0 0 0 0 0 0 0 0 0 0 0 
0 0 0 0.0039735 0.00815192 0.0111607 0.0122801 0.0107636 0.00737266 0.0029036 -0.00119199 -0.00108448 -0.000797714 -0.000383737 0 0 0 0 0 0 0 0 0 0 0 0 0 0 
0 0 0 0.00452472 0.00928279 0.0127089 0.0139836 0.0122627 0.00840765 0.00332311 -0.00133893 -0.00121816 -0.000896048 -0.00043104 0 0 0 0 0 0 0 0 0 0 0 0 0 0 
0 0 0 0.00485131 0.0099528 0.0136262 0.0149929 0.0131417 0.00900203 0.00354593 -0.00145434 -0.00132316 -0.000973284 -0.000468194 0 0 0 0 0 0 0 0 0 0 0 0 0 0 
0 0 0 0.00507088 0.0104033 0.014243 0.0156715 0.0137315 0.00939911 0.00369225 -0.00153579 -0.00139727 -0.00102779 -0.000494416 0 0 0 0 0 0 0 0 0 0 0 0 0 0 
0 0 0 0.00536573 0.0110082 0.0150712 0.0165828 0.0145431 0.00997266 0.00394389 -0.00158436 -0.00144145 -0.0010603 -0.000510051 0 0 0 0 0 0 0 0 0 0 0 0 0 0 
0 0 0 0.00540787 0.0110946 0.0151895 0.016713 0.0146513 0.0100387 0.00395806 -0.00161532 -0.00146962 -0.00108102 -0.000520019 0 0 0 0 0 0 0 0 0 0 0 0 0 0 
0 0 0 0.00529639 0.0108659 0.0148764 0.0163685 0.0143343 0.00980101 0.00383446 -0.00162832 -0.00148145 -0.00108972 -0.000524204 0 0 0 0 0 0 0 0 0 0 0 0 0 0 
0 0 0 0.00529544 0.010864 0.0148737 0.0163655 0.0143348 0.00980565 0.00384251 -0.0016184 -0.00147242 -0.00108308 -0.000521009 0 0 0 0 0 0 0 0 0 0 0 0 0 0 
0 0 0 0.00505354 0.0103677 0.0141943 0.0156179 0.0136661 0.00932927 0.00362811 -0.00158731 -0.00144414 -0.00106227 -0.000511001 0 0 0 0 0 0 0 0 0 0 0 0 0 0 
0 0 0 0.00499929 0.0102564 0.0140419 0.0154503 0.0135321 0.0092551 0.00362467 -0.00153113 -0.00139302 -0.00102467 -0.000492914 0 0 0 0 0 0 0 0 0 0 0 0 0 0 
0 0 0 0.00490145 0.0100557 0.0137671 0.0151479 0.0134779 0.00950568 0.00414387 -0.00085078 -0.000774041 -0.000569365 -0.000273891 0 0 0 0 0 0 0 0 0 0 0 0 0 0 
0 0 0 0.00411663 0.00844556 0.0115627 0.0127224 0.0121774 0.00974131 0.00588306 0.00193348 0.00175909 0.00129394 0.000622445 0 0 0 0 0 0 0 0 0 0 0 0 0 0 
0 0 0 0.00345732 0.00709294 0.00971086 0.0106848 0.0110672 0.00990279 0.00729429 0.00421756 0.00383715 0.00282251 0.00135776 0 0 0 0 0 0 0 0 0 0 0 0 0 0 
0 0 0 0.00263869 0.00541346 0.0074115 0.00815486 0.00956412 0.00984816 0.00869775 0.0066692 0.00606765 0.00446321 0.00214701 0 0 0 0 0 0 0 0 0 0 0 0 0 0 
0 0 0 0.00185171 0.00379892 0.00520106 0.00572271 0.00803956 0.00963245 0.00982389 0.00878019 0.00798824 0.00587594 0.0028266 0 0 0 0 0 0 0 0 0 0 0 0 0 0 
0 0 0 0.00102182 0.00209633 0.00287006 0.00315792 0.00634433 0.00922561 0.0107662 0.0107361 0.0097677 0.00718487 0.00345625 0 0 0 0 0 0 0 0 0 0 0 0 0 0 
0 0 0 2.75261e-05 5.64717e-05 7.73147e-05 8.50691e-05 0.00436423 0.00884257 0.012038 0.0132367 0.0120428 0.00885834 0.00426127 0 0 0 0 0 0 0 0 0 0 0 0 0 0 
0 0 0 -0.000489887 -0.00100504 -0.00137598 -0.00151399 0.0031144 0.00819356 0.012085 0.0138605 0.0126103 0.00927581 0.00446209 0 0 0 0 0 0 0 0 0 0 0 0 0 0 
0 0 0 -0.000508396 -0.00104301 -0.00142797 -0.00157119 0.00324879 0.0085374 0.0125885 0.0144358 0.0131337 0.00966081 0.00464729 0 0 0 0 0 0 0 0 0 0 0 0 0 0 
0 0 0 -0.000521444 -0.00106978 -0.00146462 -0.00161152 0.00326176 0.00861221 0.0127143 0.0145889 0.013273 0.00976326 0.00469658 0 0 0 0 0 0 0 0 0 0 0 0 0 0 
0 0 0 -0.000524424 -0.0010759 -0.00147299 -0.00140534 0.00399236 0.00985039 0.0143103 0.0163165 0.0148745 0.0110117 0.00543697 0.000215699 0 0 0 0 0 0 0 0 0 0 0 0 0 
0 0 0 -0.000507072 -0.00104029 -0.00142426 -0.000284774 0.00647092 0.0135276 0.0188005 0.0210745 0.0193513 0.0146532 0.0078813 0.00128421 0 0 0 0 0 0 0 0 0 0 0 0 0 
0 0 0 -0.000487616 -0.00100037 -0.00136961 0.000712433 0.008967 0.0173959 0.0236096 0.0262025 0.0241465 0.0184865 0.0103336 0.00222266 0 0 0 0 0 0 0 0 0 0 0 0 0 
0 0 0 -0.000463835 -0.000951586 -0.00130281 0.00156222 0.0108235 0.0201392 0.0269492 0.0297319 0.0274651 0.0211812 0.0121338 0.00300009 0 0 0 0 0 0 0 0 0 0 0 0 0 
0 0 0 -0.000444196 -0.000911299 -0.00124765 0.00208562 0.0120036 0.0219047 0.0291081 0.0320152 0.0296066 0.0229075 0.0132646 0.00346348 0 0 0 0 0 0 0 0 0 0 0 0 0 
0 0 0 -0.000421186 -0.000864089 -0.00118302 0.00228207 0.0121506 0.0219636 0.0290877 0.0319472 0.029562 0.0229157 0.0133499 0.003589 0 0 0 0 0 0 0 0 0 0 0 0 0 
0 0 0 -0.000396443 -0.000813331 -0.00111352 0.00219729 0.0115725 0.0208896 0.0276512 0.0303626 0.0280979 0.0217861 0.0127019 0.00342752 0 0 0 0 0 0 0 0 0 0 0 0 0 
0 0 0 -0.000366627 -0.000752163 -0.00102977 0.00187153 0.0101903 0.0184709 0.024489 0.0269117 0.0249005 0.0192976 0.0112335 0.00300901 0 0 0 0 0 0 0 0 0 0 0 0 0 
0 0 0 -0.00033134 -0.000679767 -0.000930662 0.00125113 0.00815037 0.0150747 0.020128 0.0221838 0.0204979 0.0158209 0.00908753 0.00227847 0 0 0 0 0 0 0 0 0 0 0 0 0 
0 0 0 -0.000284628 -0.000583934 -0.000799456 0.000440739 0.00538762 0.0104375 0.0141568 0.0157046 0.0144709 0.0110758 0.0061851 0.00132232 0 0 0 0 0 0 0 0 0 0 0 0 0 
0 0 0 -0.000224213 -0.000459989 -0.000629765 -0.000479173 0.00207521 0.00481368 0.00688388 0.00780023 0.00712627 0.00531173 0.00269395 0.00021407 0 0 0 0 0 0 0 0 0 0 0 0 0 
0 0 0 -0.000135997 -0.000279008 -0.000381986 -0.000420299 0.000923549 0.00239545 0.00352011 0.00402985 0.00366637 0.00269689 0.00129733 0 0 0 0 0 0 0 0 0 0 0 0 0 0 
0 0 0 -2.66494e-05 -5.4673e-05 -7.48521e-05 -8.23596e-05 0.000247223 0.000605176 0.000875385 0.000994223 0.000904546 0.000665361 0.000320069 0 0 0 0 0 0 0 0 0 0 0 0 0 0 
0 0 0 0 0 0 0 0 0 0 0 0 0 0 0 0 0 0 0 0 0 0 0 0 0 0 0 0 
0 0 0 0 0 0 0 0 0 0 0 0 0 0 0 0 0 0 0 0 0 0 0 0 0 0 0 0 
0 0 0 0 0 0 0 0 0 0 0 0 0 0 0 0 0 0 0 0 0 0 0 0 0 0 0 0 
0 0 0 0 0 0 0 0 0 0 0 0 0 0 0 0 0 0 0 0 0 0 0 0 0 0 0 0 
0 0 0 0 0 0 0 0 0 0 0 0 0 0 0 0 0 0 0 0 0 0 0 0 0 0 0 0 
0 0 0 0 0 0 0 0 0 0 0 0 0 0 0 0 0 0 0 0 0 0 0 0 0 0 0 0 
0 0 0 0 0 0 0 0 0 0 0 0 0 0 0 0 0 0 0 0 0 0 0 0 0 0 0 0 
0 0 0 0 0 0 0 0 0 0 0 0 0 0 0 0 0 0 0 0 0 0 0 0 0 0 0 0 
0 0 0 0 0 0 0 0 0 0 0 0 0 0 0 0 0 0 0 0 0 0 0 0 0 0 0 0 
0 0 0 0 0 0 0 0 0 0 0 0 0 0 0 0 0 0 0 0 0 0 0 0 0 0 0 0 
0 0 0 0 0 0 0 0 0 0 0 0 0 0 0 0 0 0 0 0 0 0 0 0 0 0 0 0 
0 0 0 0 0 0 0 0 0 0 0 0 0 0 0 0 0 0 0 0 0 0 0 0 0 0 0 0 
0 0 0 0 0 0 0 0 0 0 0 0 0 0 0 0 0 0 0 0 0 0 0 0 0 0 0 0 
0 0 0 0 0 0 0 0 0 0 0 0 0 0 0 0 0 0 0 0 0 0 0 0 0 0 0 0 
0 0 0 0 0 0 0 0 0 0 0 0 0 0 0 0 0 0 0 0 0 0 0 0 0 0 0 0 
0 0 0 0 0 0 0 0 0 0 0 0 0 0 0 0 0 0 0 0 0 0 0 0 0 0 0 0 
0 0 0 0 0 0 0 0 0 0 0 0 0 0 0 0 0 0 0 0 0 0 0 0 0 0 0 0 
0 0 0 0 0 0 0 0 0 0 0 0 0 0 0 0 0 0 0 0 0 0 0 0 0 0 0 0 
0 0 0 0 0 0 0 0 0 0 0 0 0 0 0 0 0 0 0 0 0 0 0 0 0 0 0 0 
0 0 0 0 0 0 0 0 0 0 0 0 0 0 0 0 0 0 0 0 0 0 0 0 0 0 0 0 
0 0 0 0 0 0 0 0 0 0 0 0 0 0 0 0 0 0 0 0 0 0 0 0 0 0 0 0 
0 0 0 0 0 0 0 0 0 0 0 0 0 0 0 0 0 0 0 0 0 0 0 0 0 0 0 0 
0 0 0 0 0 0 0 0 0 0 0 0 0 0 0 0 0 0 0 0 0 0 0 0 0 0 0 0 
0 0 0 0 0 0 0 0 0 0 0 0 0 0 0 0 0 0 0 0 0 0 0 0 0 0 0 0 
0 0 0 0 0 0 0 0 0 0 0 0 0 0 0 0 0 0 0 0 0 0 0 0 0 0 0 0 
0 0 0 0 0 0 0 0 0 0 0 0 0 0 0 0 0 0 0 0 0 0 0 0 0 0 0 0 
0 0 0 0 0 0 0 0 0 0 0 0 0 0 0 0 0 0 0 0 0 0 0 0 0 0 0 0 
0 0 0 0 0 0 0 0 0 0 0 0 0 0 0 0 0 0 0 0 0 0 0 0 0 0 0 0 
0 0 0 0 0 0 0 0 0 0 0 0 0 0 0 0 0 0 0 0 0 0 0 0 0 0 0 0 
0 0 0 0 0 0 0 0 0 0 0 0 0 0 0 0 0 0 0 0 0 0 0 0 0 0 0 0 
0 0 0 0 0 0 0 0 0 0 0 0 0 0 0 0 0 0 0 0 0 0 0 0 0 0 0 0 
0 0 0 0 0 0 0 0 0 0 0 0 0 0 0 0 0 0 0 0 0 0 0 0 0 0 0 0 
0 0 0 0 0 0 0 0 0 0 0 0 0 0 0 0 0 0 0 0 0 0 0 0 0 0 0 0 
0 0 0 0 0 0 0 0 0 0 0 0 0 0 0 0 0 0 0 0 0 0 0 0 0 0 0 0 
0 0 0 0 0 0 0 0 0 0 0 0 0 0 0 0 0 0 0 0 0 0 0 0 0 0 0 0 
0 0 0 0 0 0 0 0 0 0 0 0 0 0 0 0 0 0 0 0 0 0 0 0 0 0 0 0 
0 0 0 0 0 0 0 0 0 0 0 0 0 0 0 0 0 0 0 0 0 0 0 0 0 0 0 0 
0 0 0 0 0 0 0 0 0 0 0 0 0 0 0 0 0 0 0 0 0 0 0 0 0 0 0 0 
0 0 0 0 0 0 0 0 0 0 0 0 0 0 0 0 0 0 0 0 0 0 0 0 0 0 0 0 
0 0 0 0 0 0 0 0 0 0 0 0 0 0 0 0 0 0 0 0 0 0 0 0 0 0 0 0 
0 0 0 0 0 0 0 0 0 0 0 0 0 0 0 0 0 0 0 0 0 0 0 0 0 0 0 0 
0 0 0 0 0 0 0 0 0 0 0 0 0 0 0 0 0 0 0 0 0 0 0 0 0 0 0 0 
0 0 0 0 0 0 0 0 0 0 0 0.000661279 0.00136318 0.001857 0.00203838 0.0018541 0.0013622 0.000667947 0 0 0 0 0 0 0 0 0 0 
0 0 0 0 0 0 0 0 0 0 0 0.0018029 0.00371656 0.00506291 0.00555742 0.005055 0.00371387 0.00182108 0 0 0 0 0 0 0 0 0 0 
0 0 0 0 0 0 0 0 0 0 0 0.00272155 0.00561027 0.00764264 0.00838911 0.0076307 0.00560622 0.00274899 0 0 0 0 0 0 0 0 0 0 
0 0 0 0 0 0 0 0 0 0 0 0.00365493 0.00753437 0.0102638 0.0112662 0.0102477 0.00752893 0.00369178 0 0 0 0 0 0 0 0 0 0 
0 0 0 0 0 0 0 0 0 0 0 0.00437011 0.00900867 0.0122721 0.0134708 0.012253 0.00900216 0.00441417 0 0 0 0 0 0 0 0 0 0 
0 0 0 0 0 0 0 0 0 0 0.000153666 0.00527506 0.0106718 0.0144727 0.0158645 0.0144486 0.010664 0.00532716 0.000150004 0 0 0 0 0 0 0 0 0 
0 0 0 0 0 0 0 0 0 0 0.00145213 0.00887928 0.0163873 0.0216909 0.0236087 0.0216493 0.0163744 0.0089485 0.00143282 0 0 0 0 0 0 0 0 0 
0 0 0 0 0 0 0 0 0 0 0.00450249 0.0166931 0.0284502 0.0367348 0.0397177 0.0366751 0.0284292 0.0167635 0.00449545 0 0 0 0 0 0 0 0 0 
0 0 0 0 0 0 0 0 0 0 0.00698416 0.0228801 0.0379116 0.04849 0.0522933 0.0484172 0.0378844 0.0229472 0.00699038 0 0 0 0 0 0 0 0 0 
0 0 0 0 0 0 0 0 0 0 0.00869128 0.0273823 0.0449286 0.0572696 0.0617047 0.0571867 0.0448967 0.0274503 0.00870604 0 0 0 0 0 0 0 0 0 
0 0 0 0 0 0 0 0 0 0 0.00950167 0.0292233 0.0476484 0.060602 0.0652563 0.0605168 0.0476151 0.0292873 0.00952296 0 0 0 0 0 0 0 0 0 
0 0 0 0 0 0 0 0 0 0 0.00942085 0.0289021 0.0470921 0.0598773 0.0644727 0.0597943 0.0470593 0.0289627 0.00944509 0 0 0 0 0 0 0 0 0 
0 0 0 0 0 0 0 0 0 0 0.00833392 0.0262509 0.0430663 0.0548831 0.0591361 0.0548076 0.0430364 0.0263094 0.00835804 0 0 0 0 0 0 0 0 0 
0 0 0 0 0 0 0 0 0 0 0.00651003 0.0217457 0.036196 0.0463495 0.0500121 0.046286 0.0361709 0.0218023 0.00653134 0 0 0 0 0 0 0 0 0 
0 0 0 0 0 0 0 0 0 0 0.00389873 0.014865 0.025473 0.0329285 0.0356271 0.0328824 0.0254551 0.0149169 0.0039119 0 0 0 0 0 0 0 0 0 
0 0 0 0 0 0 0 0 0 0 0.000763685 0.00674391 0.0128897 0.0172115 0.0187914 0.017186 0.0128806 0.00679263 0.000766645 0 0 0 0 0 0 0 0 0 
0 0 0 0 0 0 0 0 0 0 0 0.00445281 0.00917914 0.0125044 0.0137257 0.0124848 0.00917251 0.0044977 0 0 0 0 0 0 0 0 0 0 
0 0 0 0 0 0 0 0 0 0 0 0.00372062 0.00766978 0.0104482 0.0114687 0.0104319 0.00766424 0.00375813 0 0 0 0 0 0 0 0 0 0 
0 0 0 0 0 0 0 0 0 0 0 0.00291924 0.00601779 0.00819779 0.00899849 0.00818498 0.00601345 0.00294867 0 0 0 0 0 0 0 0 0 0 
0 0 0 0 0 0 0 0 0 0 0 0.00165176 0.00340498 0.00463846 0.00509151 0.00463121 0.00340252 0.00166841 0 0 0 0 0 0 0 0 0 0 
0 0 0 0 0 0 0 0 0 0 0 0.000735443 0.00151606 0.00206527 0.00226699 0.00206204 0.00151497 0.000742859 0 0 0 0 0 0 0 0 0 0 
0 0 0 0 0 0 0 0 0 0 0 0 0 0 0 0 0 0 0 0 0 0 0 0 0 0 0 0 
0 0 0 0 0 0 0 0 0 0 0 0 0 0 0 0 0 0 0 0 0 0 0 0 0 0 0 0 
0 0 0 0 0 0 0 0 0 0 0 0 0 0 0 0 0 0 0 0 0 0 0 0 0 0 0 0 
0 0 0 0 0 0 0 0 0 0 0 0 0 0 0 0 0 0 0 0 0 0 0 0 0 0 0 0 
0 0 0 0 0 0 0 0 0 0 0 0 0 0 0 0 0 0 0 0 0 0 0 0 0 0 0 0 
0 0 0 0 0 0 0 0 0 0 0 0 0 0 0 0 0 0 0 0 0 0 0 0 0 0 0 0 
0 0 0 0 0 0 0 0 0 0 0 0 0 0 0 0 0 0 0 0 0 0 0 0 0 0 0 0 
0 0 0 0 0 0 0 0 0 0 0 0 0 0 0 0 0 0 0 0 0 0 0 0 0 0 0 0 
0 0 0 0 0 0 0 0 0 0 0 0 0 0 0 0 0 0 0 0 0 0 0 0 0 0 0 0 
0 0 0 0 0 0 0 0 0 0 0 0 0 0 0 0 0 0 0 0 0 0 0 0 0 0 0 0 
0 0 0 0 0 0 0 0 0 0 0 0 0 0 0 0 0 0 0 0 0 0 0 0 0 0 0 0 
0 0 0 0 0 0 0 0 0 0 0 0 0 0 0 0 0 0 0 0 0 0 0 0 0 0 0 0 
0 0 0 0 0 0 0 0 0 0 0 0 0 0 0 0 0 0 0 0 0 0 0 0 0 0 0 0 
0 0 0 0 0 0 0 0 0 0 0 0 0 0 0 0 0 0 0 0 0 0 0 0 0 0 0 0 
0 0 0 0 0 0 0 0 0 0 0 0 0 0 0 0 0 0 0 0 0 0 0 0 0 0 0 0 
0 0 0 0 0 0 0 0 0 0 0 0 0 0 0 0 0 0 0 0 0 0 0 0 0 0 0 0 
0 0 0 0 0 0 0 0 0 0 0 0 0 0 0 0 0 0 0 0 0 0 0 0 0 0 0 0 
0 0 0 0 0 0 0 0 0 0 0 0 0 0 0 0 0 0 0 0 0 0 0 0 0 0 0 0 
0 0 0 0 0 0 0 0 0 0 0 0 0 0 0 0 0 0 0 0 0 0 0 0 0 0 0 0 
0 0 0 0 0 0 0 0 0 0 0 0 0 0 0 0 0 0 0 0 0 0 0 0 0 0 0 0 
0 0 0 0 0 0 0 0 0 0 0 0 0 0 0 0 0 0 0 0 0 0 0 0 0 0 0 0 
0 0 0 0 0 0 0 0 0 0 0 0 0 0 0 0 0 0 0 0 0 0 0 0 0 0 0 0 
0 0 0 0 0 0 0 0 0 0 0 0 0 0 0 0 0 0 0 0 0 0 0 0 0 0 0 0 
0 0 0 0 0 0 0 0 0 0 0 0 0 0 0 0 0 0 0 0 0 0 0 0 0 0 0 0 
0 0 0 0 0 0 0 0 0 0 0 0 0 0 0 0 0 0 0 0 0 0 0 0 0 0 0 0 
0 0 0 0 0 0 0 0 0 0 0 0 0 0 0 0 0 0 0 0 0 0 0 0 0 0 0 0 
0 0 0 0 0 0 0 0 0 0 0 0 0 0 0 0 0 0 0 0 0 0 0 0 0 0 0 0 
0 0 0 0 0 0 0 0 0 0 0 0 0 0 0 0 0 0 0 0 0 0 0 0 0 0 0 0 
0 0 0 0 0 0 0 0 0 0 0 0 0 0 0 0 0 0 0 0 0 0 0 0 0 0 0 0 
0 0 0 0 0 0 0 0 0 0 0 0 0 0 0 0 0 0 0 0 0 0 0 0 0 0 0 0 
0 0 0 0 0 0 0 0 0 0 0 0 0 0 0 0 0 0 0 0 0 0 0 0 0 0 0 0 
0 0 0 0 0 0 0 0 0 0 0 0 0 0 0 0 0 0 0 0 0 0 0 0 0 0 0 0 
0 0 0 0 0 0 0 0 0 0 0 0 0 0 0 0 0 0 0 0 0 0 0 0 0 0 0 0 
0 0 0 0 0 0 0 0 0 0 0 0 0 0 0 0 0 0 0 0 0 0 0 0 0 0 0 0 
0 0 0 0 0 0 0 0 0 0 0 0 0 0 0 0 0 0 0 0 0 0 0 0 0 0 0 0 
0 0 0 0 0 0 0 0 0 0 0 0 0 0 0 0 0 0 0 0 0 0 0 0 0 0 0 0 
0 0 0 0 0 0 0 0 0 0 0 0 0 0 0 0 0 0 0 0 0 0 0 0 0 0 0 0 
0 0 0 0 0 0 0 0 0 0 0 0 0 0 0 0 0 0 0 0 0 0 0 0 0 0 0 0 
0 0 0 0 0 0 0 0 0 0 0 0 0 0 0 0 0 0 0 0 0 0 0 0 0 0 0 0 
0 0 0 0 0 0 0 0 0 0 0 0 0 0 0 0 0 0 0 0 0 0 0 0 0 0 0 0 
0 0 0 0 0 0 0 0 0 0 0 0 0 0 0 0 0 0 0 0 0 0 0 0 0 0 0 0 
0 0 0 0 0 0 0 0 0 0 0 0 0 0 0 0 0 0 0 0 0 0 0 0 0 0 0 0 
0 0 0 0 0 0 0 0 0 0 0 0 0 0 0 0 0 0 0 0 0 0 0 0 0 0 0 0 
0 0 0 0 0 0 0 0 0 0 0 0 0 0 0 0 0 0 0 0 0 0 0 0 0 0 0 0 
0 0 0 0 0 0 0 0 0 0 0 0 0 0 0 0 0 0 0 0 0 0 0 0 0 0 0 0 
0 0 0 0 0 0 0 0 0 0 0 0 0 0 0 0 0 0 0 0 0 0 0 0 0 0 0 0 
0 0 0 0 0 0 0 0 0 0 0 0 0 0 0 0 0 0 0 0 0 0 0 0 0 0 0 0 
0 0 0 0 0 0 0 0 0 0 0 0 0 0 0 0 0 0 0 0 0 0 0 0 0 0 0 0 
0 0 0 0 0 0 0 0 0 0 0 0 0 0 0 0 0 0 0 0 0 0 0 0 0 0 0 0 
0 0 0 0 0 0 0 0 0 0 0 0 0 0 0 0 0 0 0 0 0 0 0 0 0 0 0 0 
0 0 0 0 0 0 0 0 0 0 0 0 0 0 0 0 0 0 0 0 0 0 0 0 0 0 0 0 
0 0 0 0 0 0 0 0 0 0 0 0 0 0 0 0 0 0 0 0 0 0 0 0 0 0 0 0 
0 0 0 0 0 0 0 0 0 0 0 0 0 0 0 0 0 0 0 0 0 0 0 0 0 0 0 0 
0 0 0 0 0 0 0 0 0 0 0 0 0 0 0 0 0 0 0 0 0 0 0 0 0 0 0 0 
0 0 0 0 0 0 0 0 0 0 0 0 0 0 0 0 0 0 0 0 0 0 0 0 0 0 0 0 
0 0 0 0 0 0 0 0 0 0 0 0 0 0 0 0 0 0 0 0 0 0 0 0 0 0 0 0 
0 0 0 0 0 0 0 0 0 0 0 0 0 0 0 0 0 0 0 0 0 0 0 0 0 0 0 0 
0 0 0 0 0 0 0 0 0 0 0 0 0 0 0 0 0 0 0 0 0 0 0 0 0 0 0 0 
0 0 0 0 0 0 0 0 0 0 0 0 0 0 0 0 0 0 0 0 0 0 0 0 0 0 0 0 
0 0 0 0 0 0 0 0 0 0 0 0 0 0 0 0 0 0 0 0 0 0 0 0 0 0 0 0 
0 0 0 0 0 0 0 0 0 0 0 0 0 0 0 0 0 0 0 0 0 0 0 0 0 0 0 0 
0 0 0 0 0 0 0 0 0 0 0 0 0 0 0 0 0 0 0 0 0 0 0 0 0 0 0 0 
0 0 0 0 0 0 0 0 0 0 0 0 0 0 0 0 0 0 0 0 0 0 0 0 0 0 0 0 
0 0 0 0 0 0 0 0 0 0 0 0 0 0 0 0 0 0 0 0 0 0 0 0 0 0 0 0 
0 0 0 0 0 0 0 0 0 0 0 0 0 0 0 0 0 0 0 0 0 0 0 0 0 0 0 0 
0 0 0 0 0 0 0 0 0 0 0 0 0 0 0 0 0 0 0 0 0 0 0 0 0 0 0 0 
0 0 0 0 0 0 0 0 0 0 0 0 0 0 0 0 0 0 0 0 0 0 0 0 0 0 0 0 
0 0 0 0 0 0 0 0 0 0 0 0 0 0 0 0 0 0 0 0 0 0 0 0 0 0 0 0 
0 0 0 0 0 0 0 0 0 0 0 0 0 0 0 0 0 0 0 0 0 0 0 0 0 0 0 0 
0 0 0 0 0 0 0 0 0 0 0 0 0 0 0 0 0 0 0 0 0 0 0 0 0 0 0 0 
0 0 0 0 0 0 0 0 0 0 0 0 0 0 0 0 0 0 0 0 0 0 0 0 0 0 0 0 
0 0 0 0 0 0 0 0 0 0 0 0 0 0 0 0 0 0 0 0 0 0 0 0 0 0 0 0 
0 0 0 0 0 0 0 0 0 0 0 0 0 0 0 0 0 0 0 0 0 0 0 0 0 0 0 0 
0 0 0 0 0 0 0 0 0 0 0 0 0 0 0 0 0 0 0 0 0 0 0 0 0 0 0 0 
0 0 0 0 0 0 0 0 0 0 0 0 0 0 0 0 0 0 0 0 0 0 0 0 0 0 0 0 
0 0 0 0 0 0 0 0 0 0 0 0 0 0 0 0 0 0 0 0 0 0 0 0 0 0 0 0 
0 0 0 0 0 0 0 0 0 0 0 0 0 0 0 0 0 0 0 0 0 0 0 0 0 0 0 0 
0 0 0 0 0 0 0 0 0 0 0 0 0 0 0 0 0 0 0 0 0 0 0 0 0 0 0 0 
0 0 0 0 0 0 0 0 0 0 0 0 0 0 0 0 0 0 0 0 0 0 0 0 0 0 0 0 
0 0 0 0 0 0 0 0 0 0 0 0 0 0 0 0 0 0 0 0 0 0 0 0 0 0 0 0 
0 0 0 0 0 0 0 0 0 0 0 0 0 0 0 0 0 0 0 0 0 0 0 0 0 0 0 0 
0 0 0 0 0 0 0 0 0 0 0 0 0 0 0 0 0 0 0 0 0 0 0 0 0 0 0 0 
0 0 0 0 0 0 0 0 0 0 0 0 0 0 0 0 0 0 0 0 0 0 0 0 0 0 0 0 
0 0 0 0 0 0 0 0 0 0 0 0 0 0 0 0 0 0 0 0 0 0 0 0 0 0 0 0 
0 0 0 0 0 0 0 0 0 0 0 0 0 0 0 0 0 0 0 0 0 0 0 0 0 0 0 0 
0 0 0 0 0 0 0 0 0 0 0 0 0 0 0 0 0 0 0 0 0 0 0 0 0 0 0 0 
0 0 0 0 0 0 0 0 0 0 0 0 0 0 0 0 0 0 0 0 0 0 0 0 0 0 0 0 
0 0 0 0 0 0 0 0 0 0 0 0 0 0 0 0 0 0 0 0 0 0 0 0 0 0 0 0 
0 0 0 0 0 0 0 0 0 0 0 0 0 0 0 0 0 0 0 0 0 0 0 0 0 0 0 0 
0 0 0 0 0 0 0 0 0 0 0 0 0 0 0 0 0 0 0 0 0 0 0 0 0 0 0 0 
0 0 0 0 0 0 0 0 0 0 0 0 0 0 0 0 0 0 0 0 0 0 0 0 0 0 0 0 
0 0 0 0 0 0 0 0 0 0 0 0 0 0 0 0 0 0 0 0 0 0 0 0 0 0 0 0 
0 0 0 0 0 0 0 0 0 0 0 0 0 0 0 0 0 0 0 0 0 0 0 0 0 0 0 0 
0 0 0 0 0 0 0 0 0 0 0 0 0 0 0 0 0 0 0 0 0 0 0 0 0 0 0 0 
0 0 0 0 0 0 0 0 0 0 0 0 0 0 0 0 0 0 0 0 0 0 0 0 0 0 0 0 
0 0 0 0 0 0 0 0 0 0 0 0 0 0 0 0 0 0 0 0 0 0 0 0 0 0 0 0 
0 0 0 0 0 0 0 0 0 0 0 0 0 0 0 0 0 0 0 0 0 0 0 0 0 0 0 0 
0 0 0 0 0 0 0 0 0 0 0 0 0 0 0 0 0 0 0 0 0 0 0 0 0 0 0 0 
0 0 0 0 0 0 0 0 0 0 0 0 0 0 0 0 0 0 0 0 0 0 0 0 0 0 0 0 
0 0 0 0 0 0 0 0 0 0 0 0 0 0 0 0.000653306 0.00133107 0.00182322 0.00199186 0.0018203 0.00134011 0.000643865 0 0 0 0 0 0 
0 0 0 0 0 0 0 0 0 0 0 0 0 0 0 0.00180446 0.00367646 0.00503579 0.00550159 0.00502775 0.00370143 0.00177838 0 0 0 0 0 0 
0 0 0 0 0 0 0 0 0 0 0 0 0 0 0 0.00288783 0.00588376 0.00805923 0.00880468 0.00804634 0.00592373 0.0028461 0 0 0 0 0 0 
0 0 0 0 0 0 0 0 0 0 0 0 0 0 0 0.00371304 0.00756507 0.0103622 0.0113207 0.0103456 0.00761646 0.00365938 0 0 0 0 0 0 
0 0 0 0 0 0 0 0 0 0 0 0 0 0 0 0.00439809 0.0089608 0.012274 0.0134093 0.0122544 0.00902168 0.00433453 0 0 0 0 0 0 
0 0 0 0 0 0 0 0 0 0 0 0 0 0 0.000277166 0.00576841 0.0114132 0.0154965 0.0169008 0.015475 0.0114848 0.00570014 0.000273752 0 0 0 0 0 
0 0 0 0 0 0 0 0 0 0 0 0 0 0 0.00141371 0.00879778 0.0161929 0.0214834 0.0233223 0.0214657 0.0162732 0.00874764 0.0013963 0 0 0 0 0 
0 0 0 0 0 0 0 0 0 0 0 0 0 0 0.00235561 0.0113695 0.0202787 0.0266156 0.0288305 0.026601 0.0203669 0.0113335 0.0023266 0 0 0 0 0 
0 0 0 0 0 0 0 0 0 0 0 0 0 0 0.00305355 0.0131474 0.0230459 0.0300622 0.0325225 0.0300501 0.0231383 0.0131237 0.00301594 0 0 0 0 0 
0 0 0 0 0 0 0 0 0 0 0 0 0 0 0.00346889 0.0144187 0.0251272 0.0327083 0.0353699 0.032697 0.025225 0.0143992 0.00342616 0 0 0 0 0 
0 0 0 0 0 0 0 0 0 0 0 0 0 0 0.00356264 0.0146318 0.0254467 0.0330996 0.0357876 0.0330887 0.0255446 0.0146144 0.00351876 0 0 0 0 0 
0 0 0 0 0 0 0 0 0 0 0 0 0 0 0.00332183 0.0141844 0.02483 0.0323737 0.0350198 0.0323611 0.0249288 0.0141603 0.00328092 0 0 0 0 0 
0 0 0 0 0 0 0 0 0 0 0 0 0 0 0.00284255 0.0127295 0.022453 0.0293539 0.0317709 0.0293406 0.0225457 0.0127004 0.00280754 0 0 0 0 0 
0 0 0 0 0 0 0 0 0 0 0 0 0 0 0.00207297 0.0106835 0.0192271 0.0253147 0.0274388 0.0252987 0.0193142 0.010642 0.00204744 0 0 0 0 0 
0 0 0 0 0 0 0 0 0 0 0 0 0 0 0.00112229 0.00814574 0.0152214 0.0202963 0.022056 0.0202771 0.0153012 0.00808914 0.00110847 0 0 0 0 0 
0 0 0 0 0 0 0 0 0 0 0 0 0 0 0 0.00507464 0.0103392 0.0141621 0.015472 0.0141394 0.0104095 0.0050013 0 0 0 0 0 0 
0 0 0 0 0 0 0 0 0 0 0 0 0 0 0 0.00448275 0.0091333 0.0125103 0.0136674 0.0124903 0.00919535 0.00441797 0 0 0 0 0 0 
0 0 0 0 0 0 0 0 0 0 0 0 0 0 0 0.00365661 0.00745008 0.0102047 0.0111486 0.0101884 0.0075007 0.00360376 0 0 0 0 0 0 
0 0 0 0 0 0 0 0 0 0 0 0 0 0 0 0.00280583 0.00571668 0.00783037 0.00855466 0.00781785 0.00575551 0.00276528 0 0 0 0 0 0 
0 0 0 0 0 0 0 0 0 0 0 0 0 0 0 0.00185811 0.00378577 0.00518553 0.00566518 0.00517724 0.00381149 0.00183126 0 0 0 0 0 0 
0 0 0 0 0 0 0 0 0 0 0 0 0 0 0 0.00080067 0.00163131 0.00223447 0.00244116 0.0022309 0.00164239 0.000789099 0 0 0 0 0 0 
0 0 0 0 0 0 0 0 0 0 0 0 0 0 0 0 0 0 0 0 0 0 0 0 0 0 0 0 
0 0 0 0 0 0 0 0 0 0 0 0 0 0 0 0 0 0 0 0 0 0 0 0 0 0 0 0 
0 0 0 0 0 0 0 0 0 0 0 0 0 0 0 0 0 0 0 0 0 0 0 0 0 0 0 0 
0 0 0 0 0 0 0 0 0 0 0 0 0 0 0 0 0 0 0 0 0 0 0 0 0 0 0 0 
0 0 0 0 0 0 0 0 0 0 0 0 0 0 0 0 0 0 0 0 0 0 0 0 0 0 0 0 
0 0 0 0 0 0 0 0 0 0 0 0 0 0 0 0 0 0 0 0 0 0 0 0 0 0 0 0 
0 0 0 0 0 0 0 0 0 0 0 0 0 0 0 0 0 0 0 0 0 0 0 0 0 0 0 0 
0 0 0 0 0 0 0 0 0 0 0 0 0 0 0 0 0 0 0 0 0 0 0 0 0 0 0 0 
0 0 0 0 0 0 0 0 0 0 0 0 0 0 0 0 0 0 0 0 0 0 0 0 0 0 0 0 
0 0 0 0 0 0 0 0 0 0 0 0 0 0 0 0 0 0 0 0 0 0 0 0 0 0 0 0 
0 0 0 0 0 0 0 0 0 0 0 0 0 0 0 0 0 0 0 0 0 0 0 0 0 0 0 0 
0 0 0 0 0 0 0 0 0 0 0 0 0 0 0 0 0 0 0 0 0 0 0 0 0 0 0 0 
0 0 0 0 0 0 0 0 0 0 0 0 0 0 0 0 0 0 0 0 0 0 0 0 0 0 0 0 
0 0 0 0 0 0 0 0 0 0 0 0 0 0 0 0 0 0 0 0.000801555 0.00164816 0.00224809 0.00245601 0.00223919 0.00164533 0.000797323 0 0 
0 0 0 0 0 0 0 0 0 0 0 0 0 0 0 0 0 0 0 0.00187026 0.00384562 0.00524544 0.00573057 0.00522467 0.00383902 0.00186038 0 0 
0 0 0 0 0 0 0 0 0 0 0 0 0 0 0 0 0 0 0 0.00297594 0.00611912 0.0083465 0.00911843 0.00831345 0.00610862 0.00296023 0 0 
0 0 0 0 0 0 0 0 0 0 0 0 0 0 0 0 0 0 0 0.00368595 0.00757905 0.0103378 0.0112939 0.0102969 0.00756604 0.00366649 0 0 
0 0 0 0 0 0 0 0 0 0 0 0 0 0 0 0 0 0 0 0.00445388 0.00915807 0.0124916 0.0136469 0.0124422 0.00914235 0.00443036 0 0 
0 0 0 0 0 0 0 0 0 0 0 0 0 0 0 0 0 0 0 0.00482578 0.00992278 0.0135347 0.0147865 0.0134811 0.00990575 0.00480031 0 0 
0 0 0 0 0 0 0 0 0 0 0 0 0 0 0 0 0 0 0 0.00526102 0.0108177 0.0147554 0.01612 0.014697 0.0107991 0.00523324 0 0 
0 0 0 0 0 0 0 0 0 0 0 0 0 0 0 0 0 0 0.000367635 0.00650411 0.0128985 0.0174228 0.0189988 0.0173591 0.0128736 0.0064729 0.000372116 0 
0 0 0 0 0 0 0 0 0 0 0 0 0 0 0 0 0 0 0 0.00583031 0.0119883 0.016352 0.0178644 0.0162873 0.0119677 0.00579953 0 0 
0 0 0 0 0 0 0 0 0 0 0 0 0 0 0 0 0 0 0.00208211 0.0109999 0.0199264 0.0262125 0.0284364 0.0261388 0.0198769 0.0109596 0.00210749 0 
0 0 0 0 0 0 0 0 0 0 0 0 0 0 0 0 0 0 0.00279649 0.0128734 0.0228552 0.0298755 0.0323693 0.0297975 0.0227953 0.0128292 0.00283058 0 
0 0 0 0 0 0 0 0 0 0 0 0 0 0 0 0 0 0 0.00330278 0.0140736 0.0246686 0.0321137 0.0347658 0.0320342 0.0246017 0.0140274 0.00334304 0 
0 0 0 0 0 0 0 0 0 0 0 0 0 0 0 0 0 0 0.00359134 0.0145821 0.0253412 0.0328971 0.0355939 0.0328187 0.0252711 0.0145357 0.00363512 0 
0 0 0 0 0 0 0 0 0 0 0 0 0 0 0 0 0 0 0 0.00562109 0.0115581 0.0157653 0.0172233 0.0157028 0.0115382 0.00559141 0 0 
0 0 0 0 0 0 0 0 0 0 0 0 0 0 0 0 0 0 0.00348968 0.0137826 0.0238286 0.0308812 0.0334013 0.0308092 0.0237618 0.0137395 0.00353222 0 
0 0 0 0 0 0 0 0 0 0 0 0 0 0 0 0 0 0 0.00307972 0.0123419 0.021396 0.0277536 0.0300239 0.0276881 0.0213365 0.0123029 0.00311726 0 
0 0 0 0 0 0 0 0 0 0 0 0 0 0 0 0 0 0 0.00249248 0.0104936 0.0183547 0.0238781 0.0258465 0.0238195 0.0183048 0.0104594 0.00252286 0 
0 0 0 0 0 0 0 0 0 0 0 0 0 0 0 0 0 0 0.00173937 0.00791342 0.014023 0.0183194 0.0198462 0.018272 0.0139861 0.00788643 0.00176058 0 
0 0 0 0 0 0 0 0 0 0 0 0 0 0 0 0 0 0 0.000831424 0.00483431 0.00886549 0.0117063 0.012709 0.011672 0.00884413 0.00481586 0.000841559 0 
0 0 0 0 0 0 0 0 0 0 0 0 0 0 0 0 0 0 0 0.00178298 0.00366616 0.00500066 0.00546314 0.00498085 0.00365987 0.00177357 0 0 
0 0 0 0 0 0 0 0 0 0 0 0 0 0 0 0 0 0 0 0.000440912 0.000906604 0.00123661 0.00135098 0.00123171 0.000905048 0.000438585 0 0 
0 0 0 0 0 0 0 0 0 0 0 0 0 0 0 0 0 0 0 0 0 0 0 0 0 0 0 0 
0 0 0 0 0 0 0 0 0 0 0 0 0 0 0 0 0 0 0 0 0 0 0 0 0 0 0 0 
0 0 0 0 0 0 0 0 0 0 0 0 0 0 0 0 0 0 0 0 0 0 0 0 0 0 0 0 
0 0 0 0 0 0 0 0 0 0 0 0 0 0 0 0 0 0 0 0 0 0 0 0 0 0 0 0 
0 0 0 0 0 0 0 0 0 0 0 0 0 0 0 0 0 0 0 0 0 0 0 0 0 0 0 0 
0.00102425 0.000491908 0 0 0 0 0 0 0 0 0 0 0 0 0 0 0 0 0 0 0 0 0 0.000495223 0.00101656 0.00139013 0.001529 0.00138783 
0.00395716 0.00190047 0 0 0 0 0 0 0 0 0 0 0 0 0 0 0 0 0 0 0 0 0 0.00191328 0.00392744 0.00537075 0.00590724 0.00536185 
0.00599498 0.00287916 0 0 0 0 0 0 0 0 0 0 0 0 0 0 0 0 0 0 0 0 0 0.00289856 0.00594995 0.00813651 0.00894929 0.00812303 
0.00774712 0.00372064 0 0 0 0 0 0 0 0 0 0 0 0 0 0 0 0 0 0 0 0 0 0.00374571 0.00768893 0.0105146 0.0115649 0.0104971 
0.00871297 0.0041845 0 0 0 0 0 0 0 0 0 0 0 0 0 0 0 0 0 0 0 0 0 0.0042127 0.00864753 0.0118254 0.0130067 0.0118058 
0.0101947 0.00489613 0 0 0 0 0 0 0 0 0 0 0 0 0 0 0 0 0 0 0 0 0 0.00492913 0.0101182 0.0138365 0.0152187 0.0138136 
0.0109281 0.00524835 0 0 0 0 0 0 0 0 0 0 0 0 0 0 0 0 0 0 0 0 0 0.00528372 0.010846 0.0148319 0.0163135 0.0148073 
0.0113524 0.00545213 0 0 0 0 0 0 0 0 0 0 0 0 0 0 0 0 0 0 0 0 0 0.00548887 0.0112672 0.0154077 0.0169469 0.0153822 
0.0120661 0.00579488 0 0 0 0 0 0 0 0 0 0 0 0 0 0 0 0 0 0 0 0 0 0.00583393 0.0119755 0.0163764 0.0180123 0.0163492 
0.0121324 0.00582672 0 0 0 0 0 0 0 0 0 0 0 0 0 0 0 0 0 0 0 0 0 0.00586598 0.0120413 0.0164663 0.0181112 0.0164391 
0.0124869 0.00599696 0 0 0 0 0 0 0 0 0 0 0 0 0 0 0 0 0 0 0 0 0 0.00603738 0.0123931 0.0169475 0.0186404 0.0169194 
0.011893 0.00571177 0 0 0 0 0 0 0 0 0 0 0 0 0 0 0 0 0 0 0 0 0 0.00575026 0.0118037 0.0161415 0.0177539 0.0161147 
0.011546 0.00554508 0 0 0 0 0 0 0 0 0 0 0 0 0 0 0 0 0 0 0 0 0 0.00558245 0.0114593 0.0156704 0.0172358 0.0156445 
0.0117717 0.0056535 0 0 0 0 0 0 0 0 0 0 0 0 0 0 0 0 0 0 0 0 0 0.00569159 0.0116833 0.0159768 0.0175728 0.0159503 
0.0112456 0.00540082 0 0 0 0 0 0 0 0 0 0 0 0 0 0 0 0 0 0 0 0 0 0.00543722 0.0111611 0.0152628 0.0167874 0.0152375 
0.0100116 0.00480821 0 0 0 0 0 0 0 0 0 0 0 0 0 0 0 0 0 0 0 0 0 0.00484061 0.00993646 0.013588 0.0149454 0.0135655 
0.00910062 0.00437068 0 0 0 0 0 0 0 0 0 0 0 0 0 0 0 0 0 0 0 0 0 0.00440013 0.00903227 0.0123516 0.0135854 0.0123311 
0.00752096 0.00361203 0 0 0 0 0 0 0 0 0 0 0 0 0 0 0 0 0 0 0 0 0 0.00363637 0.00746447 0.0102076 0.0112273 0.0101907 
0.0058953 0.00283129 0 0 0 0 0 0 0 0 0 0 0 0 0 0 0 0 0 0 0 0 0 0.00285036 0.00585102 0.00800123 0.00880049 0.00798797 
0.0042433 0.00203789 0 0 0 0 0 0 0 0 0 0 0 0 0 0 0 0 0 0 0 0 0 0.00205163 0.00421143 0.0057591 0.00633439 0.00574956 
0.0010738 0.000515704 0 0 0 0 0 0 0 0 0 0 0 0 0 0 0 0 0 0 0 0 0 0.00051918 0.00106573 0.00145738 0.00160296 0.00145497 
0 0 0 0 0 0 0 0 0 0 0 0 0 0 0 0 0 0 0 0 0 0 0 0 0 0 0 0 
0 0 0 0 0 0 0 0 0 0 0 0 0 0 0 0 0 0 0 0 0 0 0 0 0 0 0 0 
0 0 0 0 0 0 0 0 0 0 0 0 0 0 0 0 0 0 0 0 0 0 0 0 0 0 0 0 
0 0 0 0 0 0 0 0 0 0 0 0 0 0 0 0 0 0 0 0 0 0 0 0 0 0 0 0 
0 0 0 0 0 0 0 0 0 0 0 0 0 0 0 0 0 0 0 0 0 0 0 0 0 0 0 0 
0 0 0 0 0 0 0 0 0 0 0 0 0 0 0 0 0 0 0 0 0 0 0 0 0 0 0 0 
0 0 0 0 0 0 0 0 0 0 0 0 0 0 0 0 0 0 0 0 0 0 0 0 0 0 0 0 
0 0 0 0 0 0 0 0 0 0 0 0 0 0 0 0 0 0 0 0 0 0 0 0 0 0 0 0 
0 0 0 0 0 0 0 0 0 0 0 0 0 0 0 0 0 0 0 0 0 0 0 0 0 0 0 0 
0 0 0 0 0 0 0 0 0 0 0 0 0 0 0 0 0 0 0 0 0 0 0 0 0 0 0 0 
0 0 0 0 0 0 0 0 0 0 0 0 0 0 0 0 0 0 0 0 0 0 0 0 0 0 0 0 
0 0 0 0 0 0 0 0 0 0 0 0 0 0 0 0 0 0 0 0 0 0 0 0 0 0 0 0 
0 0 0 0 0 0 0 0 0 0 0 0 0 0 0 0 0 0 0 0 0 0 0 0 0 0 0 0 
0 0 0 0 0 0 0 0 0 0 0 0 0 0 0 0 0 0 0 0 0 0 0 0 0 0 0 0 
0 0 0 0 0 0 0 0 0 0 0 0 0 0 0 0 0 0 0 0 0 0 0 0 0 0 0 0 
0 0 0 0 0 0 0 0 0 0 0 0 0 0 0 0 0 0 0 0 0 0 0 0 0 0 0 0 
0 0 0 0 0 0 0 0 0 0 0 0 0 0 0 0 0 0 0 0 0 0 0 0 0 0 0 0 
0 0 0 0 0 0 0 0 0 0 0 0 0 0 0 0 0 0 0 0 0 0 0 0 0 0 0 0 
0 0 0 0 0 0 0 0 0 0 0 0 0 0 0 0 0 0 0 0 0 0 0 0 0 0 0 0 
0 0 0 0 0 0 0 0 0 0 0 0 0 0 0 0 0 0 0 0 0 0 0 0 0 0 0 0 
0 0 0 0 0 0 0 0 0 0 0 0 0 0 0 0 0 0 0 0 0 0 0 0 0 0 0 0 
0 0 0 0 0 0 0 0 0 0 0 0 0 0 0 0 0 0 0 0 0 0 0 0 0 0 0 0 
0 0 0 0 0 0 0 0 0 0 0 0 0 0 0 0 0 0 0 0 0 0 0 0 0 0 0 0 
0 0 0 0 0 0 0 0 0 0 0 0 0 0 0 0 0 0 0 0 0 0 0 0 0 0 0 0 
0 0 0 0 0 0 0 0 0 0 0 0 0 0 0 0 0 0 0 0 0 0 0 0 0 0 0 0 
0 0 0 0 0 0 0 0 0 0 0 0 0 0 0 0 0 0 0 0 0 0 0 0 0 0 0 0 
0 0 0 0 0 0 0 0 0 0 0 0 0 0 0 0 0 0 0 0 0 0 0 0 0 0 0 0 
0 0 0 0 0 0 0 0 0 0 0 0 0 0 0 0 0 0 0 0 0 0 0 0 0 0 0 0 
0 0 0 0 0 0 0 0 0 0 0 0 0 0 0 0 0 0 0 0 0 0 0 0 0 0 0 0 
0 0 0 0 0 0 0 0 0 0 0 0 0 0 0 0 0 0 0 0 0 0 0 0 0 0 0 0 
0 0 0 0 0 0 0 0 0 0 0 0 0 0 0 0 0 0 0 0 0 0 0 0 0 0 0 0 
0 0 0 0 0 0 0 0 0 0 0 0 0 0 0 0 0 0 0 0 0 0 0 0 0 0 0 0 
0 0 0 0 0 0 0 0 0 0 0 0 0 0 0 0 0 0 0 0 0 0 0 0 0 0 0 0 
0 0 0 0 0 0 0 0 0 0 0 0 0 0 0 0 0 0 0 0 0 0 0 0 0 0 0 0 
0 0 0 0 0 0 0 0 0 0 0 0 0 0 0 0 0 0 0 0 0 0 0 0 0 0 0 0 
0 0 0 0 0 0 0 0 0 0 0 0 0 0 0 0 0 0 0 0 0 0 0 0 0 0 0 0 
0 0 0 0 0 0 0 0 0 0 0 0 0 0 0 0 0 0 0 0 0 0 0 0 0 0 0 0 
0 0 0 0 0 0 0 0 0 0 0 0 0 0 0 0 0 0 0 0 0 0 0 0 0 0 0 0 
0 0 0 0 0 0 0 0 0 0 0 0 0 0 0 0 0 0 0 0 0 0 0 0 0 0 0 0 
0.00100511 0.00137042 0.00150895 0.0013743 0.00100816 0.000487865 0 0 0 0 0 0 0 0 0 0 0 0 0 0 0 0 0 0 0 0 0 0.000487115 
0.00331307 0.00451722 0.00497381 0.00453001 0.0033231 0.00160811 0 0 0 0 0 0 0 0 0 0 0 0 0 0 0 0 0 0 0 0 0 0.00160564 
0.00504286 0.00687572 0.00757071 0.00689518 0.00505814 0.00244772 0 0 0 0 0 0 0 0 0 0 0 0 0 0 0 0 0 0 0 0 0 0.00244396 
0.006765 0.00922377 0.0101561 0.00924988 0.00678549 0.00328362 0 0 0 0 0 0 0 0 0 0 0 0 0 0 0 0 0 0 0 0 0 0.00327857 
0.00813708 0.0110945 0.012216 0.0111259 0.00816173 0.0039496 0 0 0 0 0 0 0 0 0 0 0 0 0 0 0 0 0 0 0 0 0 0.00394353 
0.00874041 0.0119172 0.0131217 0.0119509 0.00876689 0.00424245 0 0 0 0 0 0 0 0 0 0 0 0 0 0 0 0 0 0 0 0 0 0.00423593 
0.00970856 0.0132372 0.0145752 0.0132747 0.00973797 0.00471238 0 0 0 0 0 0 0 0 0 0 0 0 0 0 0 0 0 0 0 0 0 0.00470513 
0.0101672 0.0138625 0.0152637 0.0139018 0.010198 0.004935 0 0 0 0 0 0 0 0 0 0 0 0 0 0 0 0 0 0 0 0 0 0.00492741 
0.0105051 0.0143233 0.0157711 0.0143638 0.010537 0.00509902 0 0 0 0 0 0 0 0 0 0 0 0 0 0 0 0 0 0 0 0 0 0.00509118 
0.0107126 0.0146061 0.0160825 0.0146474 0.010745 0.0051997 0 0 0 0 0 0 0 0 0 0 0 0 0 0 0 0 0 0 0 0 0 0.00519171 
