0 0 0 0 0 0 0 0 0 0 0 0 1 1 51 
0 0 0 0 0 0 0 0 0 0 0 0 0 0 0 0 0 0 0 0 0 0 0 0 51 
0 0 0 2 2 0 0 0 0 0 0 0 0 0 1 2 0 0 0 1 1 1 1 1 1 1 2 0 0 0 0 0 0 2 51 
0 0 0 0 0 0 0 0 0 0 0 0 0 0 0 0 0 0 0 0 0 0 1 1 1 1 1 1 0 0 51 
0 0 0 0 0 0 0 0 0 0 0 0 0 0 0 0 0 0 0 51 
0 0 0 0 0 0 0 0 0 0 0 0 0 0 0 0 0 0 0 51 
0 0 0 0 0 0 0 0 0 1 0 0 0 0 0 0 0 1 0 0 0 0 0 0 0 0 0 0 0 0 0 0 0 51 
0 0 0 0 0 0 0 0 0 0 0 0 0 0 0 0 0 0 51 
0 0 0 0 0 0 0 0 0 0 0 0 0 0 0 0 0 0 0 0 0 0 51 
51 
0 0 0 0 0 0 0 0 0 0 0 0 0 0 0 0 0 0 0 0 0 0 0 0 0 0 0 0 0 0 0 0 0 0 0 0 0 0 0 0 0 0 0 0 0 0 0 0 0 0 0 0 0 0 0 0 0 0 0 0 0 0 0 0 0 0 0 0 0 0 0 0 0 0 0 0 0 0 0 0 0 0 0 0 0 0 0 0 0 0 0 0 0 0 0 0 0 0 0 0 0 0 0 0 0 0 0 0 51 
0 0 0 0 0 0 51 
