29.5 29.5 29.5 29.5 29.5 29.5 29.5 29.5 29.5 29.5 29.5 29.5 33 33 33 33 0 
29.5 29.5 29.5 29.5 29.5 29.5 29.5 29.5 29.5 29.5 29.5 29.5 29.5 31.5 31.5 31.5 31.5 31.5 31.5 31.5 31.375 31.375 31.375 0 
29.5 29.5 28 28 28 28 28.1667 28.1667 28.75 30 30 30 30 0 
29.5 29.5 29.5 29.5 29.5 29.5833 29.5833 29.5833 29.5833 29.5833 29.5833 29.5833 29.5833 29.5833 31.2778 32.5 32.5 32.5 32.5 32.5 32.5 32.5 32.5 32.5 32.5 32.5 32.5 32.5 32.5 32.5 32.5 32.5 32.5 32.5 32.5 31.5 31.5 31.5 31.5 31.5 31.5 31.5 31.5 31.5 31.5 31.5 31.5 31.5 31.5 31.5 31.5 31.5 31.5 31.5 31.5 31.5 31.5 31.5 31.5 31.5 31.5 0 
29.5 29.5 29.5 29.5 29.5 29.5 29.5 29.5 31 31 31 31 31 31 30 31 31 31 30.5 30.5 30.5 30.5 0 
29.5 29.5 29.5 29.5 29.5 29.5 29.5 29.5 29.5 29.5 29.5 29.5 29.5 29.5 29.5 29.5 29.5 29.5 29.5 30.5 30.5 30.5 30.5 30.5 30.5 30.5 30.5 28.5 29 29 29 29 29 29 29 29 0 
29.5 29.5 29.5 29.5 29.5 29.5 29.5 29.5 29.5 31 31 31 30.5 30.5 30.5 30.5 30.5 31 31 31 31 31 31 31 31 31 32.5 32.5 32.5 0 
29.5 29.4167 29.4167 26.5 26.5 26 26 26 26 26 26 26 26 26 26 26 26 26 26 26 26 25.5 25.5 25.5 25.5 25.5 25.5 25.5 25.5 25.5 25.5 25.5 25.5 25.5 25.5 25.5 25.5 25.5 25.5 25.5 25.5 25.5 25.5 25.5 25.5 25.5 25.5 25.5 0 
29.5 31 31 30.9444 30.9444 30.9444 30.9444 30.9444 30.9444 30.375 30.375 30.375 30.375 30.375 30.375 30.375 30.375 30.375 30.375 30.375 30.375 28.5 28.5 28.5 28.5 28.5 28.5 28.5 28.5 28.5 28.5 0 
29.5 29.5 29.5 29.5 29.5 29.5 29.5 29.5 29.5 29.5 29.5 29.5 29.4167 29.4167 29.4167 29.4167 29.4167 29.4167 29.4167 29.4167 29.4167 29.4167 29.4167 29.4167 26.5 26.5 26.5 26 26 26 26 26 26 26 26 26 26 26 26 0 
29.5 28.5 28.5 28.5 28.4 28.4 28.4 28.4 28.4 28.4 28.4 28.4 28.4 28.4 28.4 28.4 28.4 28.4 28.4 28.4 28.4 28.4 28.4 28.4 28.4 28.4 27.8333 26 26 26 26 26 26 26 26 26 26 26 26 26 26 26 26 26 26 26 26 26 26 26 25.5 25.5 25.5 25.5 25.5 25.5 25.5 25.5 0 
29.5 29.5 29.5 29.5 29.5 29.5 29.5 29.5 29.5 29.5 29.5 29.5 29.5 29.5 29.5 29.5 29.5 29.5 29.5833 32.5 32.5 32.5 32.5 32.5 32.5 32.5 32.5 32.5 32.5 32.5 32.5 32.5 32.5 32.5 32.5 32.5 32.5 0 
29.5 30.5 30.5 30.5 30.5 30.5 30.5 30.5 30.5 32 32 32 32 32 32 32 32 32 32 32 32 32 32 32 32 32 32 32 32 32 32 32 32 32 32 31.9286 31.9286 31.9286 31.9286 31.9286 31.9286 0 
29.5 29.4167 29.4167 33.5 0 
29.5 29.5 29.5 29.5 29.5 29.5 29.5 29.5 29.5 29.5 29.5 29.5 29.5 29.5 29.5 32 32 32 32 32 32 31.9286 31.9286 31.9286 31.9286 31.9286 31.9286 31.9286 31.9286 31.9286 31.9286 31.9286 31.9286 31.9286 31.9286 31.9286 31.9286 31.9286 31.9286 31.9286 0 
29.5 29.5 29.5 29.5 29.5 29.5 29.5 29.5 30.5 30.5 30.5 31 31 31 31 31 31 31 31 31 31 31 31 30 30 30 29.5 0 
29.5 29.5 29.5 29.5 29.5 29.5 29.5 29.5 29.5 29.5 32 32 32 32 32 32 32 32 32 32 32 32 32 32 32 32 32 32 32 32 31.5 31.5 31.5 31.5 31.5 31.5 31.5 31.5 31.5 31.5 31.5 31.5 31.5 31.5 31.5 31.5 31.5 0 
29.5 29.5 29.5 29.5 29.5 29.5 29.5 29.5 29.5 29.5 26 26 26 26 26 26 26 26 26 26.5 26.5 26.5 26.5 26.5 26.5 26.5 26.5 26.5 26.5 26.5 26.5 26.5 26.5 26.5 26.5 26.5 26.5 26.5 26.5 26.5 26.5 26.5 26.5 26.5 26.5 26.5 0 
29.5 29.5 29.5 29.5 29.5 29.5 29.5 29.5 29.5 29.5 29.5 29.5 29.5 29.5 29.4167 29.4167 29.4167 31.625 31.625 31.625 31.625 31.625 31.625 0 
29.5 29.5 29.5 29.5 29.5 29.5 31 31 31 31 31 31 31 31 31 31 31 31 31 31 32.5 32.5 32.5 32.5 32.5 32.5 32.5 32.5 32.5 32.5 32.5 32.5 32.5 32.5 32.5 32.5 32.5 32.5 32.5 32.5 32.5 32.5 32.5 32.5 32.5 32.5 32.5 33.5 33.5 33.5 33.5 33.5 33.5 33.5 33.5 33.5 33.5 33.5 33.5 33.5 33.5 33.5 33.5 33.5 33.5 33.5 33.5 33.5 33.5 33.5 33.5 0 
29.5 28 28 28 28 28 28 28 28 28 28 28 29 29 29 29 29 29 29 29 29 29 28.5 28.5 28.5 27.5 27.5 27.5 27.5 27.5 27.5 27.5 27.5 27.5 0 
29.5 29.5 29.5 29.5 29.5 29.5 29.5 29.5 29.5833 27.375 27.375 27.375 27.375 27.375 27.375 27.375 27.375 27.375 27.375 27.375 25.5 25.5 25.5 25.5 25.5 25.5 25.5 25.5 25.5 25.5 25.5 25.5 0 
29.5 29.5 29.5 29.5 29.5 29.5 29.5 29.5 29.5 29.5 29.5 29.5 29.5 29.5 29.5 29.5 29.5 29.5 29.5 29.5 29.5 29.5 31 31 31 29.5 29.5 29.5 29.5 29.5 30 30 30 30 30 29.5 29.5 29.5 29.5 29.5 0 
29.5 29.5 29.5 29.5 29.5 29.5 29.5 29.5 29.5 29.5 29.5 29.5 29.5 29.5 29.5 29.5 29.5 29.5 29.5 29.5 29.5 29.4167 29.4167 29.4167 29.4167 29.4167 29.4167 29.4167 29.4167 29.4167 29.4167 31.625 31.625 31.625 31.625 31.625 31.625 31.625 31.625 31.625 31.625 31.625 31.625 31.625 31.625 31.625 31.625 0 
29.5 29.5 31.5 31.5 31.5 31.5 31.5 31.5 31.5 31.5 31.5 31.5 33 33 33 0 
29.5 29.5 29.5 28.5 28.5 28.5 28.5 28.5 28.5 30.5 30.5 30.5 30.5 30.5 30.5 30.5 30.5 30.5 30.5 30.5 30.5 30.5 30.5 30.5 30.5 30.5 30.5 30.5 30.5 30.5 30.5 30.5 30.5 30.5 30.5 30.5 29.5 29.5 29.5 29.5 29.5 29.5 29.5 29.5 29.5 29.5 29.5 29.5 0 
29.5 29.5 28 26.5 26.5 26.5 27 27 27 27 27 27 27 27 0 
29.5 29.5 29.5 29.5 29.5 29.5 29.5 29.5 29.5833 31.875 0 
29.5 29.5 29.5 29.5 29.5 29.5 29.5 29.5 29.5 29.5 29.5 29.5 29.5 29.5 29.5 28.5 28.5 28.5 28.5 28.5 28.5 28.6 28.6 28.6 31 31 31 31 31 31 31 31 31 31 31 31 0 
29.5 28 28.0556 28.0556 30.5 30.5 30.5 30.5 30.5 30.5 30.5 30.5 30.5 30.5 0 
29.5 29.5 29.5 29.5 29.5 29.5 31 31 31 31 32.5 32.5 0 
29.5 29.5 29.5 29.5 29.5 29.5 27 27 27 27 27 27.5 27.5 27.5 27.5 27.5 27.5 27.5 27.5 27.5 28.5 28.5 28.5 28.5 28.5 28.5 28.5 28.5 28.5 28.5 28.5 28.5 28.5 28.5 28.5 28.5 28.5 28.5 28.5 28.5 28.5 28.5 28.5 28.5 28.5 28.5 28.5 28.5 0 
29.5 29.5 29.5 29.5 29.5 29.5 31 31 31 31 31 31 31 31 31 31 31 31 31 32 32 32 32 32 32 32 32 32 32 32 32 33 33 33 33 33 33 33 33 0 
29.5 29.5 29.5 29.5 29.5 29.5 29.5 29.5 30.5 32.5 32.5 32.5 32.5 32.5 32.5 32.5 32.5 32.5 0 
29.5 29.5 29.5 29.5 29.5 29.5 29.5 29.5 29.5 29.5 29.5 27.5 27.5 27.5 27.5 27.5 27.5 27.5 27.5 27.5 27.5 27.5 27.5 28.5 28.5 28.5 28.5 28.5 28.5 28.5 28.5 28.5 28.5 28.5 28.5 28.5 28.5 28.5 0 
29.5 29.5 29.5 29.5 29.5 29.5 29.5 29.5 29.5 29.5 29.5 29.5 29.5 29.5 29.5 29.5 29.5 29.5 29 27 27 27 27 27 27 27 27 27 25.5 25.5 25.5 25.5 25.5 25.5 25.5 0 
29.5 29.5 29.4167 29.4167 29.4167 29.4167 29.4167 29.4167 29.4167 26 26 26 26 26 26 26 26 26 26 26 26 0 
29.5 29.5 29.5 29.5 31.5 31.5 31.5 30.5 30.5 30.5 30.5 30.5 30.5 30.5 30.5 30.5 30.5 30.5 30.5 30.5 30.5 30.5 30.5 30.5 30.5 30.5 30.5 30.5 30.5 30.5 30.5 30.5 30.5 30.5 30.5 30.5 30.5 30.5 30.5 30.5 30.5 30.5 30.5 30.5 30.5 30.5 30.5 30.5 30.5 30.5 30.5 30.5 0 
29.5 29.5 29.5 29.5 29.5 29.5 29.5 29.5 28.4 0 
29.5 29.5 29.5 29.5 29.5833 29.5833 29.5833 29.5833 29.5833 29.5833 29.5833 29.5833 29.5833 29.5833 29.5833 29.5833 29.5833 29.5833 29.5833 29.5833 29.5833 28.5 28.5 28.5 28.5 28.5 28.5 31.5 31.5 31.5 31.5 31.5 31.5 0 
29.5 29.5 30.5 32 32 32 32 32 32 32 32 32 32 32 32 32 32 32 32 32 32 32 32 32 32 32 32 32 32 32 32 32 32 32 32 32 32 32 32 33 33 33 33 33 33 33 0 
29.5 29.5 31 31 31 31 31 31 31 31 31 31 31 32 33 33 33 33 33 33 33 33 33 33 33 33 33 33 33 33 33 33 33 33 33 33 33 33.5 33.5 33.5 33.5 33.5 33.5 33.5 33.5 33.5 33.5 0 
29.5 29.5 28 28 28 28 28 27.5 27.5 26.5 26.5 26.5 26.5 27 27 27 27 27 27 0 
29.5 29.5 29.5 29.5 29.5 29.5 29.5 29.5 27.5 27.5 27.5 27.5 27.5 27.5 27.5 27.5 27.5 27.5 27.5 27.5 27.5 27.5 27.5 28 28 28 27.5 27.5 27.5 27.5 27.5 27.5 27.5 27.5 27.5 27.5 28.5 28.5 28.5 28.5 28.5 28.5 0 
29.5 29.5 29.5 29.5 29.5 29.5 29.5 29.5 30.5 30.5 30.5 32 32 32 32 32 31.5 31.5 31.5 31.5 31.5 31.5 31.5 31.5 31.5 31.5 31.5 31.5 31.5 31.5 31 31 31 31 31 31 31 31 31 31 31 31 31 31 31 31 31 31 31.5 31.5 31.5 31.5 31.5 31.5 31.5 31.5 31.5 31.5 31.5 31.5 31.5 31.5 31.5 0 
29.5 29.5 29.5 29.5 29 28 28 28 28 28 28 28 28 27.9444 27.9444 27.9444 27.9444 27.9444 27.9444 27.9444 27.9444 0 
29.5 29.5 29.5 29.5 29.5 29.5 29.5 29.5 29.5 29.5 28 28 28 28 28 28 27 27 27 27 27 27 27 27 27.0714 27.0714 27.0714 0 
29.5 29.5833 32.5 32.5 32.5 32.5 32.5 32.5 32.5 32.5 32.5 32.5 32.5 32.5 0 
29.5 29.5833 29.5833 32.5 32.5 32.5 32.5 32.5 32.5 32.5 32.5 32.5 32.5 0 
29.5 29.5 28.5 28.5 28.5 29.5 28.5 28.5 28.5 28.5 28.5 28.5 28.5 28.5 28.5 28.5 28.5 28.5 28.5 28.5 29.5 29.5 29.5 29.5 29.5 29.5 29.5 29.5 29.5 29.5 29.5 29.5 29.5 29.5 29.5 29.5 29.5 0 
29.5 29.5 29.5 29.5 29.5 29.5 29.5 29.5 29.5 29.5 29.5 29.5833 29.5833 29.5833 29.5833 29.5833 29.5833 29.5833 29.5833 32.5 32.5 32.5 32.5 32.5 32.5 32.5 31.5 31.5 31.5 31.5 31.5 31.5 0 
29.5 29.5 29.5 29.5 29.5 29.5 29.5 29.5 29.5 29.5 29.5 29.5 29.5 29.5 29.5 33 0 
29.5 29.5 29.5 29.5 29 29 29 30.5 30.5 30.5 30.5 30.5 30.5 30.5 30.5 30.5 30.5 30.5 30.5 30.5 30.5 30.5 30.5 30.5 31 30.5 30.5 30.5 30.5 30.5 30.5 30.5 30.5 30.5 30.5 30.5 30.5 30.5 30.5 0 
29.5 29.5 29.5 29.5 29.5 29.5 29.5 29.5 29.5 29.5 29.5 29.5 29.5 29.5 29.5 29.5 29.5 29.5 29.5 29.5 29.5 29.5 28.5 28.5 28.5 28.5 28.5 28.5 28.5 28.5 28.5 28.5 28.5 27 27 27 27 27.5 27.5 27.5 27.5 27.5 27.5 0 
29.5 29.5 29.5 29.5 29.5 29.5 29.5 29.5 29.5 29.5 29.5 29.5 29.5 29.5 29.5 29.5 29.5 29.5 29.5 29.5 29.5 29.5 29.5 33 33 33 33 33 33 33 33 33 33 33 33 33 33 33 33 33 33 0 
29.5 29.5 29.5 31.5 31.5 31.5 31.5 32.5 32.5 32.5 32.5 32.5 33 33 33 33 33 33 33.5 33.5 33.5 33.5 33.5 33.5 33.5 33.5 33.5 33.5 33.5 33.5 33.5 33.5 33.5 33.5 33.5 33.5 33.5 33.5 33.5 33.5 33.5 33.5 33.5 33.5 33.5 33.5 0 
29.5 29.5 29.5 29.5 29.5 29.5 30.5 30.5 32.5 32.5 32.5 32.5 32.5 32.5 32.5 0 
29.5 27.5 27.5 27.5 27.5 27.5 27.5 27.5 27.5 27.5 27.5 27.5 27.5 27.5 27.5 28 28 28 28 28 28 28 28 28 28 28 28 28 28 28 28 28 28.0714 28.0714 28.0714 0 
29.5 29.5 29.5 28.5 28.5 28.5 28.5 28.5 30 30 30 30 30 30 30 30 30 29.5 29.5 0 
29.5 29.5 30.5 30.5 30.5 30.5 30.5 31 31 31 31 30.5 29 29 29 29 29 29 29 29 29 29 29 29 29 29 29 29 29 29 29 0 
29.5 29.5 27 27 28 28 28.5 28.5 28.5 28.5 28.5 28.5 28.5 0 
29.5 29.5 29.5 29.5 29.5 29.5 29.5833 29.5833 29.5833 29.5833 29.5833 29.5833 29.5833 32.5 32.5 32.5 32.5 32.5 32.5 32.5 32.5 32.5 32.5 32.5 0 
29.5 29.5 29.5 29.5 29.5 29.5 29.5 29.5 29.4167 29.4167 29.4167 29.4167 29.4167 26.5 26.5 26.5 26.5 26.5 26.5 0 
29.5 29.5 29.5 29.5 29.5 29.5 29.5 29.5 30.5 30.5 30.5 30.5 30.5 30.5 30.5 30.5 30.5 30.5 30.5 30.5 30.5 30.5 30.5 30.5 30.5 30.5 30.5 31.5 31.5 30.5 30.5 30.5 30.5 30.5 30.5 30.5 30.5 31.5 31.5 31.5 31.5 31.5 31.5 31.5 0 
29.5 28 28 28 28 28 28.5 28.5 28.5 28.625 28.625 28.625 28.625 28.625 28.625 28.625 28.625 28.625 28.625 28.625 28.625 28.625 28.625 28.625 28.625 28.625 28.625 28.625 28.625 28.625 28.625 28.625 28.625 28.625 28.625 28.625 28.625 28.625 28.625 28.625 28.625 28.625 28.625 28.625 28.625 28.625 28.625 28.625 28.625 0 
29.5 29.5833 29.5833 29.5833 29.5833 29.5833 29.5833 29.5833 29.5833 29.5833 29.5833 29.5833 29.5833 32.5 32.5 32.5 32.5 32.5 32.5 31.5 31.5 31.5 31.5 0 
29.5 29.5 29.5 29.5 30 30 31.5 31.5 31.5 31.5 31.5 31.5 31.5 31.5 31.375 31.375 31.375 31.375 31.375 0 
29.5 29.5 29.5 29.5 29.5 29.5 29.5 29.5 29.5 29.5 29.5 29.5 29.5 29.5 29.5 29.5 29.5 27 27 27 27 27 27 27 27 27 27 27.5 27.5 27.5 27.5 28 28 28 28 28 28 28 28 28 28 28 28 28 28 28 28.5 28.5 28.5 0 
29.5 27 27 27 27 27 27 27 27 27 25.5 25.5 25.5 25.5 25.5 25.5 0 
29.5 29.5 29.5 29 29 29 29 29 29 29 29 29 29 29 29 29 29 30 30 30 30 30 30 30 30 30 30 30 30 30 32 32 0 
29.5 29.5 29.5 29.5 29.5 28 28 28 28 28 29.5 29.5 29.5 29.5 29.5 29 29 29 29 29 29 29 29 29 29 29 29 29 29 0 
29.5 29.5 29.5 29.5 29.5 28 28 28.1667 30 30 0 
29.5 29.5 29.5 29.5 29.5 29.5 29.5 29.5 29.5 29.5 29.5 29.5 29.5 29.5 29.5 29.5 29.5 31.5 31.5 31.5 31.5 31.5 31.5 31.5 31.5 31.5 31.5 31.5 31.5 31.5 31.5 31.5 31.5 31.5 31.5 31.5 31 31 31 31 31 31.0714 31.0714 31.0714 31.0714 31.0714 0 
29.5 29.5 29.5 29.5 29.5 29.5 29.5 29.4167 29.4167 29.4167 29.4167 29.4167 29.4167 29.4167 26 26 26 26 26 26 26 26 26 26 26 26 26 26 26 26 26 26 26 26 26 26 26 26 26 25.5 25.5 25.5 25.5 25.5 25.5 25.5 25.5 25.5 25.5 25.5 25.5 25.5 25.5 25.5 25.5 25.5 25.5 25.5 25.5 25.5 25.5 25.5 0 
29.5 29.5 29.5 29.5 29.5 29.5 29.5 27 25.5 25.5 25.5 25.5 25.5 25.5 25.5 25.5 0 
29.5 29.5 30 30 30 30 30 30 30 30 30 29.3 27.5 27.5 27.5 27.5 27.5 27.5 27.5 27.5 27.5 27.5 0 
29.5 29.5 29.5 29.5 30.5 30.5 30.5 30.5 30.5 30.5 30.5 30.5 30.5 30.5 30.5 30.5 30.5 30.5 30.5 29 29 28 28 28 28 27.5 27.5 27.5 27.5 27.5 27.5 27.5 27.5 27.5 27.5 27.5 27.5 27.5 27.5 27.5 27.5 27.5 27.5 0 
29.5 29.5 29.5 29.5 29.5 29.5 29.5 29.4167 31.0556 31.0556 31.0556 31.0556 31.0556 31.0556 33.5 33.5 33.5 33.5 33.5 33.5 33.5 33.5 33.5 33.5 33.5 33.5 33.5 33.5 33.5 33.5 33.5 0 
29.5 29.5 29.5 29.5 29.5 29.5 29.5 29.5 29.5 29.5 29.5 29.4167 26.5 26.5 26.5 26.5 26.5 26.5 26.5 26.5 26.5 26.5 26.5 26.5 26.5 26.5 26.5 27.5 27.5 27.5 27.5 27.5 27.5 27.5 27.5 27.5 27.5 27.5 27.5 27.5 27.5 27.5 27.5 27.5 0 
29.5 29.5 31.5 31.5 31.5 31.5 31.5 31.5 31.5 31.5 31.5 31.5 31.5 31.5 31.5 31.5 31.5 31.5 31.5 31.5 31.5 31.5 31.5 31.5 31.5 31.5 31.5 31.5 31.5 31.5 31.5 31.5 31.5 31.625 31.625 31.625 31.625 31.625 31.625 31.625 31.625 31.625 31.0714 31.0714 0 
29.5 29.5 29.5 29.5 29.5 29.5833 27.9444 27.9444 27.9444 27.9444 27.9444 0 
29.5 29.5 29.5 29.5 29.5833 29.5833 29.5833 27.9444 27.9444 0 
29.5 29.5 29.5 31 31 31 31 31 31 31 31 31 31 31 31 31 31 31 31 31 31 31 31 31 30 29 29 29 29 29 0 
29.5 29.5 29.5 29.5 29.5 29.5 29.5 29.5 29.5 29.5 29.5 29.5 29.5 29.5 29.5 29.5833 29.5833 29.5833 29.5833 29.5833 32.5 32.5 32.5 33 33 33 33 33 33 33 33 0 
29.5 29.5 29.5 29.5 29.5 29.5 29.5 29.5 29.5 29.5 29.5 29 29 29 29 29 29 29 29 29 29 29 30.875 31.5 0 
29.5 29.5 29.5 29.5 29.5 29.5 29.5 26 26 26 26 26 26 26 26 26 26 26.5 26.5 26.5 26.5 26.5 26.5 26.5 26.5 26.5 26.5 0 
29.5 29.5 29.5 29.5 29.5 29.5 29.5 29.5 29.5 29.5 29.5 29.5 29.5 29.5 29.5 29.5 29.5 29.5 29.5 29.5 29.5 27.5 28 28 28 28 28 28 28 28 28 28 28 28 28 28.0714 28.0714 28.0714 28.0714 28.0714 28.0714 28.0714 28.0714 0 
29.5 29.5 29.5 29.5 29.5 29.5 29.5 29.5 29.5 29.5 29.5 29.5 29.5 29.5 29 29 29 29 29 29 29 29 29 29 29 29 29.0455 29.0455 28.5 28.5 28.5 31.5 31.5 31.5 31.5 31.5 31.5 31.5 31.5 31.5 31.5 31.5 31.5 31.5 0 
29.5 29.5 29.5 29.5 29.5 29.5 29.5 29.5 29.5 29.5 29.5 29.5 29.5 29.5 29.5 29.5833 29.5833 29.5833 29.5833 32.5 32.5 32.5 32.5 32.5 32.5 32.5 33 33 33 33 33 33 33 33 33 33 33 33 33 33 33 33 33 33 33 33 33 33 0 
29.5 28 28 28 28 26 26 26 26 26 26 26 0 
29.5 29.5833 25.5 25.5 25.5 25.5 25.5 25.5 25.5 25.5 25.5 25.5 25.5 25.5 25.5 25.5 25.5 25.5 25.5 25.5 25.5 25.5 25.5 25.5 25.5 25.5 25.5 25.5 0 
29.5 29.5 29.5 29.5 29.5 27 27 27 27 27.5 27.5 27.5 27.5 27.5 27.5 27.5 27.5 27.5 27.5 27.5 27.5 27 0 
29.5 29.5 29.5 29.5 29.5 29.5 29.5 29.5 29.5 29.5 29.5 29.5 29.5 29 29 29 29 29 29 29 29 29 29 29 28.5 28.5 28.5 28.5 28.5 28.5 30.5 30.5 30.5 30.5 0 
29.5 29.5 29.5 29.5 29.5 29.5 29.5 29.5 29.5 29.5 29.5 29.5 29.5 29.5 29.5 29.5 29.5 29.5 27.5 26.5 0 
29.5 29.5 29.5 29.5 29.5 29.5 29.5 29.5 29.5 30 30 30 30 30 30 30 30 30 30 30 30 30 30 30 30 30 30 30 30 30 30 30 30 30 30.0455 30.0455 30.0455 30.0455 30.0455 30.0455 30.0455 30.0455 30.0455 30.0455 30.0455 30.0455 30.0455 26.5 26.5 26.5 26.5 26.5 0 
29.5 29.5 32 32 32 32 32 32 32 32 32 32 32 32 32 32 33.5 33.5 33.5 33.5 33.5 33.5 33.5 33.5 33.5 33.5 33.5 33.5 33.5 33.5 33.5 33.5 0 
29.5 29.4167 29.4167 29.4167 29.4167 29.4167 29.4167 29.4167 29.4167 29.4167 29.4167 29.4167 29.4167 29.4167 29.4167 29.4167 29.4167 29.4167 29.4167 29.4167 29.4167 29.4167 29.4167 29.4167 29.4167 29.4167 29.4167 29.4167 29.4167 29.4167 26.5 26.5 26.5 26.5 26.5 25.5 0 
29.5 29.5 29.5 29.5 31.5 32 32 32 32 32 32 32 32 32 32 32 32 32 32 32 31.9286 31.9286 31.9286 31.9286 31.9286 31.9286 31.9286 31.9286 31.9286 31.9286 31.9286 0 
29.5 29.5 29.5 29.5 29.5 29.5 29.5 29.5 29.5 29.5 29.5 29.5 29.5 29.5 29.5 29.5 29.5 29.5 29.5 29.5 31 32 32 32 32 33.5 33.5 33.5 33.5 33.5 33.5 33.5 33.5 33.5 33.5 33.5 33.5 33.5 33.5 33.5 33.5 33.5 33.5 33.5 33.5 0 
29.5 29.5 29 29 29 29 29 29 29 29 29 29 29 29 29 28.5 28.6 28.6 28.6 28.6 28.6 28.6 28.6 28.6 31 31 31 31 31 31 31 31 31 31 31 31 31 31 31 31 31 31 31 31 31 31 31 31 31 31 31 31 31 31 31 0 
29.5 29.5 29.5 29.5 29.5 30.5 30.5 30.5 30.4 28 28.5 28.5 28.5 28.5 28.5 28.5 28.5 28.5 28.5 28.5 28.5 28.5 28.5 28.5 0 
29.5 29.5 29.5 29.5 29.5 29.5 29.5 29.5 29.5 29.5 29.5 29.5 29.5 29.5 29.5 29.5 29.5 29.5 29.5 29.5 27 27 27 27 27 27 27.0714 27.0714 27.0714 27.0714 0 
29.5 29.5 31.5 31.5 31.5 31.625 31.625 31.625 31.625 31.625 31.625 31.625 31.625 0 
29.5 29.5 29.5 29.5 29.5 29.5 29.5 29.5 29.5833 27.375 27.375 27.375 27.375 27.375 27.375 27.375 27.375 27.375 27.375 27.375 27.375 27.375 27.375 27.375 27.375 27.375 27.375 0 
29.5 29.5 28.5 28.5 28.5 28.5 28.5 28.5 28.5 28.5 28.5 28.5 28.6 28.6 28.6 28.6 0 
29.5 29.5 29.5 29.5 29.5 29.5 29.5 29.5 29.5 27.5 27.5 27.5 27.5 27.5 27.5 27.5 27.5 27.5 27.5 27.5 27.5 27.5 27.5 27.5 27.5 27.5 27.5 27.5 27.5 27.5 27.5 27.5 27.5 27.5 27.5 27.5 27.5 27.5 27.5 0 
29.5 29.5 29.5 29.5 29.5 29.5 29.5 29.5 29.5 29.5 29.5 29.5 29.5 29.5 29.5 29.5 29.5 29.5 29.5 29.5 29.5 29.5 29.5 29.5 29.5 29.5 29.5 29.5 29.5 30.5 30.5 30.5 30.5 30.5 30.5 30.5 30.5 30.5 30.5 30.5 30.5 30.5 30.5 32 33 33 33 33 33 33 33 33 33 33 33 33 33 33 33 33 33 33 33 33 33 33 33 33 33 33 33 32.5 32.5 32.5 0 
29.5 29.5 29.5 29.5 29.5 29.5 29.5 29.5 29.5 29.5 29.5 29.5 29.5 29.5 29.5 29.5 30 30 30 30 30 30 30 30 30 30 29.5 29.5 29.5 29.5 29.5 29.5 30 30 29.5 28.5 0 
29.5 29.5833 33.5 33.5 0 
29.5 29.5 29.5 29.5 29.5 29.5 31.5 31.5 31.5 31.5 31.5 31.5 31.5 31.5 31.5 31.5 31.5 31.5 31.5 31.5 32.0714 32.0714 32.0714 32.0714 32.0714 32.0714 32.0714 32.0714 32.0714 0 
29.5 29.5 29.5 29.5 29.5 29.5 29.5 29.5 29.5 29.5 29.5 29.5 29.5 29.5 29.5 29.5 26 26 26 26 26 26 26 26 26 26 26 0 
29.5 29.5 28 26 26 26 26 26.5 26.5 26.5 26.5 26.5 26.5 26.5 26.5 26.5 26.5 26.5 26.5 26.5 26.5 26.5 26.5 26.5 26.5 26.5 26.5 26.5 26.5 26.5 26.5 26.5 0 
29.5 29.5 29.5 29.5 29.5 29.5 29.5 29.5 29.5 29.5 29.5 29.5 29.5833 27.375 27.375 27.375 27.375 27.375 27.375 27.375 27.375 27.375 27.375 27.375 27.375 27.375 27.375 27.375 27.375 27.375 27.375 27.375 27.375 27.375 27.375 27.375 27.375 27.375 27.375 27.375 27.375 0 
29.5 29.5 29.5 29.5 29.5 29.5 29.5 29.5 29.5 29.5 29.5 29.5 29.5 29.5 29.5 29.5 29.5 29.5 29.5 29.5 29.5 29.5 29.5 29.5 29.5 29.5 29.5 29.5 29.5833 29.5833 32.5 32.5 32.5 32.5 32.5 32.5 0 
29.5 29.5 29.5 29.5 30.5 30.5 30.5 30.5 30.5 30.5 30.5 30.5 30.5 30.5 30.4 30.4 0 
29.5 29.5 29.5 29.5 29.5 31.5 31.5 31.5 31.5 31.5 31.5 32 32 33.5 33.5 33.5 33.5 33.5 33.5 0 
29.5 29.5 29.5 29.5 29.5 29.5 29.5 31 31 31 31 31.0556 31.0556 31.0556 31.0556 31.0556 31.0556 31.0556 31.0556 31.0556 31.0556 31.0556 31.0556 31.0556 31.0556 31.0556 31.0556 31.0556 31.0556 31.0556 31.0556 31.0556 31.0556 31.0556 31.0556 31.0556 31.0556 0 
29.5 29.5 29.5 29.5 29.5 29.5 29.5 29.5 28 28 28 28 28 28 28 30 30 30 30 30 30 30 30 30 30 30 30 30 30 30 30 30 30 30 30 30 30 30 0 
29.5 29.5 29.5 29.5 29.5 29.5 29.5 29.5 29.5 29.5 29.5 29.5 26 26 26 26 26 26 26 26 26 26 26 26 26 26 0 
29.5 29.5 29.5 29.5 29.5 29.5 29.5 29.5 29.5 29.5 29.5 29.5 29.5 29.5 29.5 29.5 29.5 31 31 31 31 31 31 31 30 30 30 30 30 30 30 30 30 30 30 30 30 30 30 30 30 30 30 30 30 30 30.5 30.5 30.5 30.5 0 
29.5 29.5833 29.5833 29.5833 29.5833 29.5833 29.5833 29.5833 33.5 33.5 33.5 33.5 33.5 33.5 33.5 33.5 33.5 33.5 33.5 33.5 33.5 33.5 33.5 33.5 33.5 33.5 33.5 33.5 33.5 33.5 33.5 33.5 33.5 0 
29.5 29.5 29.5 29.5 29.5 29.5 29.5 29.5 29.5 29.5 31.5 31.5 31 31 29.5 29.5 29.5 29.5 29.5 29.5 29.5 29.5 29.5 29.5 29.5 29.5 29.5 0 
29.5 29.5 29.5 29.5 29.5 28.5 28.5 28.5 28.5 28.5 28.5 28.5 28.5 28.5 28.5 28.5 28.5 28.5 28.5 28.5 28.5 28.5 28.5 28.5 28.5 28.5 28 28 28 28 28 28 28 28 28 28 28 28 29 29 29 29 29 29 29 29 28 28 28 28 28 28 28 28 28 28.5 28.5 28.5 28.5 28.5 28.5 28.5 28.5 28.5 28.5 28.5 0 
29.5 29.5 29.5 29.5 29.5 29.5 29.5 29.5 30.5 30.5 30.5 30.5 30.5 30.5 30.5 30.5 30.5 30.5 30.5 30.5 30.5 30.5 30.5 30.5 30.5 31 29 0 
29.5 29.5 29.5 29.5 29.5 29.5 29.5 29.5 29.5 29.5 32 32 32 32 32 32 31.5 31.5 31.5 31.5 30.5 30.5 30.5 30.5 30.5 30.5 30.5 30.5 30.5 30.5 30.5 30.5 30.5 30.5 30.5 30.5 30.5 30.5 30.5 0 
29.5 29.5 29.5 29.5 29.5 29.5 29.5 29.5 29.5833 29.5833 29.5833 32.5 32.5 32.5 32.5 32.5 32.5 32.5 32.5 32.5 32.5 32.5 32.5 0 
29.5 29.5 29.5 29.5 29.5 29.5 29.5 29.5 29.5 29.5 29.5 30.5 31.5 31.5 31.5 31.5 31.5 31.5 31.5 31.5 31.5 31.5 31.5 31.5 31.5 31.5 31.5 31.5 31.5 31.5 31.5 31.5 31.5 31.5 31.5 32 32 32 30.5 30.5 30.5 30.5 30.5 30.5 30.5 30.5 30.5 30.5 30.5 30.5 30.5 30.5 30.5 30.5 30.5 30.5 30.5 30.5 30.5 30.5 30.5 30.5 30.5 30.5 30.5 30.5 30.5 30.5 30.5 30.5 30.5 30.5 30.5 30.5 30.5 30.5 30.5 30.5 30.5 0 
29.5 29.5 32 32 32 32 32 32 32 32 32 32 32 32 32 32 33.5 33.5 33.5 33.5 33.5 33.5 33.5 33.5 33.5 33.5 33.5 33.5 33.5 33.5 33.5 33.5 33.5 33.5 33.5 33.5 33.5 33.5 33.5 33.5 33.5 33.5 33.5 33.5 33.5 33.5 33.5 33.5 33.5 0 
29.5 29.5 29.5 29.5 29.5 29.5 29.5 29.5 29.5 29.5 29.5 29.5833 29.0455 29.0455 29.0455 29.0455 29.0455 29.0455 29.0455 29.0455 29.0455 29.0455 29.0455 29.0455 32 32 32 32 31.5 31.5 31.5 31.5 31.5 31.5 31.5 31.5 31.5 31.5 31.5 31.5 31.5 31.5 31.5 31.5 31.5 31.5 31.5 31.5 31.5 31.5 31.5 31.5 31.5 31.5 0 
29.5 29.5 29.5 29.5 29.5 29.5 29.5 29.5 29.5 29.5 29.5 29.5 29.5 29.5 29.5 29.5 29.5 29.5 29.5 29.5 29.5 29.5 29.5 29.5 29.5 29.5 29.5 29.5 29.5 29.5 29.5 29.5 29.5 29.5 29.5 29.5 29.5 29.5 29.5 29.5 29.5 29.5 29.5 29.5 29.5 29.5 29.5 29.5 29.5 29.5 29.5 29.5 29.5 29.5833 29.5833 32.5 32.5 0 
29.5 30.5 30.5 30.5 30.5 30.5 30.5 30.5 30.5 30.5 30.5 30.5 30.5 30.5 30.5 30.5 30.5 30.5 30.5 30.5 30.5 30.5 30.5 30.5 30.5 30.5 30.5 30.5 30.5 30.5 29 29 29 29.5 29.5 29.5 29.5 29.5 29.5 29.5 0 
29.5 29.5 29.5 29.5 29.5 29.5 29.5 29.5 29.5 29.5 29.5 29.4167 29.4167 29.4167 29.4167 29.4167 29.4167 29.4167 29.4167 26.5 26.5 26.5 26.5 26.5 26.5 26.5 26.5 26.5 26.5 26.5 26.5 26.5 26.5 0 
29.5 29.5 29.5 29.5 29.5 29.5 29.5 29.5 29.5 29.5833 29.5833 29.5833 29.0455 32 32 32 32 32 32 32 32 32 32 32 32 32 32 32 32 32 32 32 32.5 32.5 0 
29.5 29.5 29.5 29.5 29.5 29.5 29.5 29.5 29.5 29.5 29.5 29.5 29.5 29.5 29.5 29.5 29.5 27.5 27.5 27.5 27.5 27.5 27.5 27.5 27.5 27.5 27.5 27.5 27.5 27.5 27.5 29 29 29 0 
29.5 29.5 29.5833 32.5 32.5 32.5 32.5 32.5 32.5 32.5 32.5 32.5 32.5 32.5 32.5 32.5 32.5 32.5 32.5 32.5 32.5 32.5 32.5 0 
29.5 29.5 29.5 29.5 29.5 29.5 29.5 29.5 29.5 29.5 29.5 29.5 29.5833 32.5 32.5 32.5 32.5 32.5 32.5 32.5 32.5 32.5 32.5 32 32 32 0 
29.5 29.5 29.5 29.5 29.5 29.5 29.5 32 32 32 32 32 32 32.0714 32.0714 32.0714 32.0714 32.0714 32.0714 32.0714 32.0714 32.0714 32.0714 32.0714 32.0714 32.0714 32.0714 32.0714 32.0714 32.0714 32.0714 32.0714 32.0714 32.0714 32.0714 32.0714 0 
29.5 29.5 29.5 29.5 29.5 29.5 29.5 29.5 29.5 29.5 29.5 29.5 29.5 29.5 29.5 29.5 29.5 29.5 29.5 29.5 29.5 29.5 31.5 31.5 31.5 31.5 31.5 31.5 31.5 31.5 31.5 31.5 31.5 31.5 31.5 31.5 30.5 30.5 30.5 30.5 30.5 30.5 30.5 30 30 29.5 29.5 29.5 29.5 29.5 29.5 29.5 0 
29.5 29.5 29.5 29.5 27 27 27 27 27 27 27 27 27 27 27 27 27 27 27.5 27.5 27.5 27.5 27.5 27.5 0 
29.5 29.5 31 31 31 31 31 31 31 31 31 31 31 31 31 31 31 31 31 31 31 31 31 31 31 31 31 31 31 31 31 31 31 31 31 31 31 31 31 31 31 31 31 32.5 32.5 32.5 32.5 32.5 32.5 32.5 32.5 32.5 32.5 32.5 31.5 31.5 31.5 31.5 0 
29.5 29.5 31 31 31 31 31 32 32 32 31 31 31 31 31 31 31 31 31 31 31 31 31 31 31 31 31 31 31 31 31 31 31 31 0 
29.5 29.5 29.5 29.5 29.5 29.5 29.5 29.5 29.5 29.5 29.5 29.5 29.5 33 33 33 33 33 33 33 0 
29.5 28 29.5 29.5 29.5 29.5 0 
29.5 29 29 29 29 29 29 29 29 29 29 29 29 29 29 29 29 29 29 29 29 29 29 29 29 29 29 29 29 29 29 29 29 29 29 29 29 29 29 31 31 31 31 31 31 30.9286 30.9286 30.9286 30.9286 30.9286 30.9286 30.9286 30.9286 30.9286 0 
29.5 29.5 29.5 29.5 29.5 29.5 29.5 29.5 29.5 29.5 29.5 29.5 32 32 32 32 32 32 32 32 32 32 32 32 32 32 32 32 32 32 32 32 32 32.0714 32.0714 32.0714 32.0714 32.0714 32.0714 32.0714 0 
29.5 29.5 29.5 29.5 29.4167 29.4167 29.4167 29.4167 26.5 26.5 26.5 26.5 26.5 26.5 26.5 26.5 26.5 26.5 26.5 26.5 26.5 26.5 26.5 26.5 26.5 0 
29.5 29.5 29.5 29.5 29.5 29.5 29.5 29.5 29.5 29.5 29.5 29.5 29.5 29.5 29.5 29.5 29.5 31.5 31.5 31.5 31 31 31 31 31 29.5 29.5 29.5 29.5 29.5 29.5 0 
29.5 29.5 29.5 29.5 29.5 29.5 29.5 29.5 29.5 29.5 29.5 29.5 29.5 29.5 29.5 29.5 29.5 29.5 29.5 29.5 29.5 29.5 29.5 29.5 29.5 29.5 29.5 29.5 27 27 27 27 27 27 27 27 27 27 27 27 27 28 28 28 28 28 0 
29.5 29.5 29.5 29.5 29.5 29.5 29.5 29.5 29.5 29.5 29.5 29.5 29.5 29.5 29.5 29.5 29.5 29.5 29.5 30.5 30.5 30.5 30.5 30.5 30.5 29.5 29.375 29.375 0 
29.5 29 29 29 29 29 29 28 28 29.5 29.5 29.5 29.5 29.5 29.5 29.5 29.5 29.5 29.5 29.5 29.5 29.5 29.5 29.5 29.5 29.5 29.5 29.5 29.5 29.5 29.5 29.5 29.5 29.5 29.5 29.5 29.5 29.5 29.5 29.5 29.5 29.5 29.5 0 
29.5 29.5 29.5 31 33 33 32.5 32.5 32.5 0 
29.5 31.5 31.5 31.5 31.5 31.5 31.625 31.625 31.625 31.625 31.625 33.5 33.5 0 
29.5 29.5 29.5 29.5 29.5 29.5 29.5 29.5 29.5 29.5 29.5 29.5 29 29 29 29 31.5 31.5 31.5 31.5 31.5 0 
29.5 29.5 27.5 28.5 28.5 28.5 28.5 28.5 28.5 29 29 29 29 29 29 29 29 29 29 29 29 29 29 29 29 29 29 29 0 
29.5 29.5 29.5 29.5 29.5 29.5 29.5 31.5 31.5 31.5 31.5 31.5 31.5 31.5 31.5 31.375 31.375 31.375 31.375 0 
29.5 29.5 29.5 29.5833 29.5833 29.5833 29.5833 29.5833 29.5833 29.5833 29.5833 29.5833 29.0455 29.0455 29.0455 29.0455 29.0455 29.0455 29.0455 29.0455 29.0455 29.0455 29.0455 29.0455 29.0455 27.375 27.375 27.375 27.375 27.375 27.375 27.375 27.375 27.375 27.375 27.375 27.375 27.375 27.375 27.375 27.375 27.375 27.375 25.5 25.5 25.5 25.5 25.5 25.5 25.5 25.5 25.5 25.5 25.5 25.5 25.5 25.5 25.5 25.5 25.5 25.5 25.5 0 
29.5 29.5 29.5 29.5 29.5 29.5 29.5 29.5 29.5 29.5 29.5 29.5 29.5 29.5 29.5 29.5 29.5 29.5 29.5 29.5 29.5 29.5 29.5 29.5 29.5 30.5 30.5 30.5 30.5 30.5 30.5 30.5 30.5 30.5 30.5 30.5 30.5 30.5 30.5 30.5 30.5 30.5 30.5 30.5 30.5 30.5 30.5 30.5 30.5 28.5 28.5 28.5 28.5 28.5 29.5 29.5 29.5 29.5 29.5 29.5 29.5 29.5 0 
29.5 29.5 29.5 29.5 29.5 29.5 29.5 29.5 29.5 29.5 30 30 30 30.0455 30.0455 30.0455 30.0455 30.0455 30.0455 30.0455 30.0455 30.0455 30.0455 30.0455 30.0455 30.0455 30.0455 30.0455 30.0455 30.0455 30.0455 30.0455 30.0455 30.0455 30.0455 30.0455 29.5 29.5 29.5 32.5 32.5 32.5 32.5 32.5 32.5 32.5 32.5 32.5 32.5 32.5 0 
29.5 27.5 27.5 27.5 27.5 27.5 27.5 27.5 29 29 29 0 
29.5 29.5 29.5 29.5 32 32 32 32 32 32 32 32 32 32 32 32 32 32 32 32 32 32 32 32 32 32 32 32 32 32 32 32 32 32 32 32 32 32 32 32 32 32 32 32 32 32 32 31 31 0 
29.5 29.5 29.5 29.5 29.4167 29.4167 29.4167 29.4167 29.4167 29.4167 29.4167 29.4167 29.4167 29.4167 29.4167 29.4167 29.4167 29.4167 29.4167 29.4167 30.5 30.5 29.9444 29.9444 29.9444 29.9444 29.9444 30.5 30.5 30.5 30.5 30.5 30.5 30.5 30.5 30.5 30.5 30.5 30.5 30.5 30.5 30.5 30.5 30.5 30.5 30.5 30.5 30.5 0 
29.5 29.5833 28.5 28.5 28.5 28.5 28.5 28.5 28.5 28.5 28.5 28.5 27.9444 27.9444 27.9444 27.9444 27.9444 27.9444 27.9444 27.9444 27.9444 0 
29.5 29.5 29.5 29.4167 29.4167 29.4167 31.625 31.625 31.625 33.5 33.5 33.5 0 
29.5 29.5 29.5 29.5 29.5 29.5 29.5 30 30.5 30.5 30.5 30.5 31 31 31 31 31 31 32 32 32 32 32 31.9286 31.9286 31.9286 31.9286 31.9286 31.9286 31.9286 31.9286 31.9286 31.9286 31.9286 31.9286 31.9286 31.9286 31.9286 31.9286 31.9286 31.9286 31.9286 31.9286 31.9286 31.9286 31.9286 31.9286 0 
29.5 32 32 32 32 32 32 32 32 32 32 32 32 32 32 32 32 32 32 32 32 32 32 32 32 31.9286 31.9286 0 
29.5 29.5 29.5 29.5 31.5 31.5 32.5 32.5 32.5 32.5 32.5 32.5 32.5 32.5 32.5 32.5 32.5 32.5 32.5 32.5 32.5 32.5 32.5 32.5 32.5 32.5 32.5 32.5 0 
29.5 29.5 29.5 28 28 28 28 28 28 28 28 28 28 28 28 28 28 28 28 30 30 30 0 
29.5 29.5 29.5 29.5 29.5 29.5 29.5 29.5 29.5 29.5 31.5 31.5 33 33 33 33 33 33 33 33 33 33 33 33 33 33 33 33 33 33 33 33 33 33 0 
29.5 27 27 27 27 27 27 27 27 27 27 27 27 27 27 27 27 26.5 26.5 25.5 25.5 25.5 25.5 25.5 25.5 25.5 25.5 25.5 25.5 25.5 25.5 25.5 25.5 25.5 25.5 25.5 25.5 25.5 25.5 25.5 25.5 25.5 25.5 25.5 25.5 25.5 25.5 25.5 25.5 25.5 25.5 25.5 25.5 25.5 25.5 25.5 25.5 25.5 25.5 25.5 25.5 25.5 25.5 25.5 25.5 25.5 25.5 25.5 25.5 25.5 25.5 25.5 25.5 25.5 25.5 25.5 25.5 25.5 25.5 25.5 25.5 25.5 0 
29.5 29.5 29.5 29.5 29.5 29.5 29.5 29.5 29.5 29.5 29.5 29.5 29.5 29.5 29.5 29.5 29.5 29.5 29.5 29.5 29.5 28 28 28.1667 30 30 30 30 30 30 30 30 30 30 30 30 30 30 30 30 30 0 
29.5 29.5 29.5 29.5 29.5 29.5 29.5 29.5 29.5 29.4167 29.4167 29.4167 29.4167 29.4167 29.4167 29.4167 29.4167 29.4167 29.4167 29.4167 30.5 30.5 30.5 30.5 30.5 30.5 27.5 0 
29.5 29.5 29.5 29.5 29.5 27.5 27.5 26 26 26 26 26 26 26 26 26 26 26 26 26 26 26 26 26 26 26 26 26 26 26 26 26 26 25.5 25.5 25.5 0 
29.5 29.5 29.5 29.5 27 27 27 27 27 27 27 27 27 27 27 26 0 
29.5 29.5 29.5 29.5 29.5 29.5 29.5 29.5 29.5 29.5 29.5 29.5 29.5 29.5 29.5 29.5 30 31.875 32.5 32.5 32.5 32.5 32.5 32.5 32.5 32.5 32.5 32.5 32.5 32.5 32.5 32.5 32.5 32.5 32.5 32.5 33.5 33.5 33.5 33.5 33.5 33.5 33.5 33.5 33.5 33.5 33.5 33.5 33.5 33.5 33.5 33.5 33.5 33.5 33.5 33.5 33.5 33.5 33.5 33.5 0 
29.5 29.5 29.5 31 31 31 31 31 31 31 29 29 29 29 29 29 29 29 29 29 29 29 29 29 29 29 29 29 29 29 29 29 29 29 29 29 29 29 29 29 29 29 29 29 29 29 29 29 29 29 29 29 29 29 29 29 29 29 29 29 29 29 29 29 29 29 29 29 29 29 29 29.5 0 
29.5 29.5 28.5 28.5 28.5 28.5 28.5 28.5 28.5 28.5 28.5 29 29 29 29 29 30.5 30.5 30.5 30.5 0 
29.5 29.5 29.5 29.5 29.5 31.5 31.5 31.5 31.5 31.5 31.5 31.5 31.5 31.5 31 31 32.5 32.5 32.5 32.5 32.5 32.5 32.5 32.5 32.5 32.5 32.5 32.5 32.5 32.5 32.5 32.5 0 
29.5 29.5 31.5 31.5 31.5 31.5 31.5 31.5 31.5 31.5 31.5 31.5 31.5 31.5 31.5 31.5 31.5 31.5 31.5 31.5 31.5 31.5 31.5 31.5 31.5 31.5 30.5 30.5 30.5 30.5 30.5 30 30 30 30 30 30 30 30 30 30 0 
29.5 29.5 29.5 29.5833 28.5 28.5 28.5 28.5 28.5 28.5 28.5 28.5 28.5 28.5 28.5 25.5 25.5 25.5 25.5 25.5 25.5 25.5 0 
29.5 29.5 29.5 29.5 29.5 29.5 29.5 29.5 29.5 28.5 28.5 28.5 28.5 28.5 28.5 28.5 28.5 28.5 28.5 28.5 28.5 28.5 28.5 28.5 28.5 28.5 28.5 28.5 28.5 28.5 28.5 30.5 30.5 30.5 30.5 30.5 30.5 0 
29.5 29.5 29.5 29.5 29.5 29.5 29.5 29.5 29.5 29.5 31 31 31 31.1667 32.3571 0 
29.5 29.5 29.5 29.5 29.5 29.5 29.5 29.5 29.5 29.5 29.5 29.5 29.5 29.5 29.5 29.5 29.5 29.5 29.5 29.5 29.5 29.5 29.5 29.5 29.5 29.5 29.5 27.5 27.5 27.5 27.5 27.5 27.5 27.5 27.5 27.5 27.5 27.5 27.5 27.5 27.5 27.5 27.5 29 29 29 29 29 29 29 29 29 0 
29.5 29.5 29.5 29.5 31 31 31 32.5 32.5 32.5 32.5 32.5 32.5 32.5 32.5 32.5 32.5 32.5 32.5 32.5 32.5 32.5 32.5 32.5 32.5 32.5 32.5 32.5 32.5 32.5 32.5 32.5 32.5 32.5 32.5 32.5 32.5 32.5 32.5 32.5 32.5 32.5 32.5 32.5 32.5 32.5 33 33 0 
29.5 29.5 29.5 29.5 29.5 29.5 29.5 29.5 29.5 29.5 27 27.5 27.5 27.5 27.5 26.5 26.5 26.5 26.5 26.5 26.5 26.5 26.5 26.5 26.5 26.5 0 
29.5 29.5 29.5 29.5 29.5 29.5 29.5 29.5 29.5 29.5 29.5 29.5 29.5 29.5 29.5 32 32 32 32 32 32 31.9286 31.9286 31.9286 31.9286 31.9286 31.9286 31.9286 31.9286 31.9286 31.9286 31.9286 31.9286 31.9286 31.9286 31.9286 31.9286 31.9286 31.9286 31.9286 31.9286 31.9286 0 
29.5 29.5 29.5 29.5 29.5 29.5 29.5 28.5 28.5 28.5 28.5 28.5 28.5 28.5 28.5 28.5 28.5 28.5 28.5 29.5 29 29 29 29 29 29 29 29 28.5 28.5 28.5 28.5 28.5 0 
29.5 29.5 29.5 30.5 30.5 30.5 30.5 30.5 29.5 29.5 29.625 29.625 29.625 29.625 29.625 29.0714 0 
29.5 29.5 29.5 29.5 29.5 29.5 29.5 29.5 29.5 29.5 29.5 29.5 29.5 29.5 29.5 27.5 27.5 27.5 27.5 27.5 27.5 27.5 26 26 0 
29.5 29.5 29.5 29.5 29.5 29.5 29.5 29.5 27.5 27.5 27.5 27.5 27.5 27.5 27.5 27.5 27.5 27.5 27.5 27.5 27.5 27.5 27.5 27.5 27.5 27.625 27.625 27.625 27.625 27.625 27.625 0 
29.5 29.5 29.5 29.5 29.5 29.5 29.5 29.5 29.5 32 32 32 32 32 32 32 32 32 32 32 32 32 32 32 32 32 32 32 32 32 33 0 
29.5 29.5 29.5 29.5 29.5 29.5 29.5 29.5 29.5 29.5 29.5 29.5 29.5 29.5 29.5 29.5 29.5 29.5 29.5 29.5 29.5 29.5 30 29.5 29.5 29.5 31.5 31.5 31.5 31.5 31.5 31.5 31.5 31.5 31.5 31.5 31.5 31.5 31.5 31.5 31.5 31.5 31.5 32.5 32.5 32.5 32.5 32.5 32.5 32.5 32.5 0 
29.5 29.5 29.5 29.5 29.5 29.5 29.4167 29.4167 29.4167 29.4167 29.4167 29.4167 29.4167 29.4167 29.4167 29.4167 26.5 26.5 26.5 26.5 26.5 26.5 26.5 26.5 26.5 26.5 26.5 26.5 26.5 26.5 26.5 26.5 0 
29.5 29.5 29.5 29.5833 29.5833 29.5833 29.5833 29.5833 29.5833 29.5833 29.5833 29.5833 29.5833 29.5833 29.5833 29.5833 29.5833 29.5833 29.5833 29.5833 29.5833 29.5833 29.5833 29.5833 29.5833 33.5 33.5 33.5 33.5 33.5 0 
29.5 29.5 29.5 29.5 29.5 29.5 29.5 29.5 29.5 29.5 29.5 29.5 29.5 29.5 29.5 29.5 29.5 29.5 29.5 29.5 29.5 29.5 29.5 29.5 29.5 29.5 29.5 29.5 29.5 29.5 29.5 29.5 29.5 28.5 28.5 28.5 28.5 28.5 28.5 28.5 28.5 28.5 28.5 28.5 29 29 29 29 29 30 31 31 31 31 31 31 31 31 0 
29.5 29.5 29.5 29.5 29.5 29.5 29.5 29.5 29.5 29.5 29.5 28.5 28.5 28.5 28.5 25.5 25.5 0 
29.5 29.5 29.5 29.5 29.5 29.5 29.5 29.5 29.5 29.5 29.5 28.5 28.5 30 30 30 30 30.0714 30.0714 30.0714 30.0714 30.0714 30.0714 30.0714 30.0714 30.0714 0 
29.5 29.5 29.5 29.5 29.5 29.5 29.5 31.5 31.5 31.5 31.5 31.5 31.5 31.5 31.5 31.5 31.5 31.625 31.625 31.625 31.625 31.625 31.625 31.625 31.625 31.625 31.625 31.625 31.625 31.625 31.625 31.625 31.625 31.625 31.625 31.625 0 
29.5 29.5 29.5 29.5 32 32 32 32 32 32 32 32 32.5 32.5 32.5 32.5 32.5 32.5 32.5 32.5 32.5 32.5 32.5 32.5 32.5 32.5 32 32 32 32 32 32 32 32 32 32 32 32 32 32 32 32 32 32 32 32 32 32 32 32 32 31.5 0 
29.5 29.5 29.5 29.5 29.5 29.5 29 29 29 29 27 27 27 27 27 27 27 27 27 27 27 27 27 27 27 27.0714 27.0714 27.0714 27.0714 27.0714 27.0714 27.0714 27.0714 27.0714 27.0714 27.0714 27.0714 27.0714 27.0714 0 
29.5 29.5 29.5 31.5 31.5 31.5 31.5 31.5 31.5 31.5 31.5 31.5 31.5 31.5 31.5 31.5 31.5 31.5 31.5 31 31 31 30.5 30.5 30.5 30.5 30.5 30.5 30.5 30.5 30.5 30.5 31 31 31 31 31 31 31 31 31 31 31 31 31 31 31 31.5 31.5 31.5 31.5 31.5 31.5 31.5 31.5 31.5 31.5 31.5 31.5 31.5 31.5 31.5 31.5 31.5 31.5 31.5 31.5 31.5 31.5 31.5 31.5 31.5 31.5 31.5 31.5 31.5 31.5 31.5 31.5 31.5 31.5 0 
29.5 29.5 29.5 31 31 31 31 29.5 29.5 29.5 29.5 29.5 29.5 29.5 29.5 29.5 29.5 29.5 29.5 0 
29.5 29.5 29.5 29.5 29.5 29.5 29.5 29.5 29.5 29.5 29.5 29.5 29.5 29.5 29.5 29.5 29.5 29.5 29.5 29.5 29.5 29.5 29.5 29.5 29.5 26 26 26 26 26 26 26 26 26 26 26 26 26 25.5 25.5 0 
29.5 29.5 29.5 29.5 29.5 32 32 32 32 32 32 32 32 32 32 32 32 32 33 33 33 33 33 33 33 33.5 33.5 33.5 33.5 33.5 0 
29.5 27.5 27.5 27.5 27.5 27.5 27.5 27.5 27.5 27.5 27.5 27.5 27.5 28 28 28 28 28 28 28 28 28 28 28.0714 28.0714 0 
29.5 29.5 29.5 29.5 31.5 31.5 31.5 31.5 31.5 31.5 31.5 31.5 31.5 31.5 31.5 31.5 31.5 31 31 31 31 31 31 31 31 31 31 31 31 31 31 31 31.0714 31.0714 31.0714 31.0714 31.0714 31.0714 31.0714 0 
29.5 28 27 27 27 27 27 27 26.9286 26.9286 26.9286 26.9286 26.9286 26.9286 26.9286 26.9286 0 
29.5 29.5 29.5 29.5 27.5 27.5 27.5 27.5 27.5 27.5 27.5 27.5 27.5 27.5 27.5 27.5 27.5 27.5 27.5 27.5 27.5 27.5 0 
29.5 29.5 29.5 29.5 29.5 29.5 29.5 30.5 30.5 33.5 33.5 33.5 0 
29.5 30.5 30.5 30.5 30.5 30.5 30.5 30.5 30.5 30.5 30.5 30.5 30.5 30.5 30.5 30.5 30.5 30.5 30.5 30.5 30.5 30.5 30.5 30.5 30.5 33.5 33.5 33.5 33.5 33.5 0 
29.5 29.5 29.5 29.5 29.5 29.5 29.5 29.5 29.5 29.5 29.5 29.5 29.5 29.5833 29.5833 28.5 29.0556 29.0556 31.5 0 
29.5 29.5 29.5 26 26 26 26 26 26 26 26 0 
29.5 29.5 29.5 29.5 29.5 29.5 29.5 29.5 29.5 29.5 29.5 29.5 29.5 29.5 27.25 26 26 26 26 26 26 26 26 26 26 26 26 26 26 26 0 
29.5 29.5 29.5 29.5 30 30 27.5 27.5 27.5 0 
29.5 29.5 29.5 29.5 29.5 27 27 27 27 27 27 27 27 27 27 27 27 27 27 27.0714 27.0714 0 
29.5 29.5 29.5 29.5 29.5 29.5 29.5 29.5 29.5 29.5 29.5 29.5 29.5 29.5 29.5 29.5 29.5 29.5 29.5 29.5 29.5 27.5 27.5 27.5 27.5 27.5 27.5 27.5 27.625 27.625 27.625 27.625 27.625 27.625 27.625 27.625 27.625 0 
29.5 29.5 29.5 29.5 29.5 29.5 29.5 29.5 29.5 30 30 30 30 30 30 30 30 30 30 30 31.5 31.5 31.5 31.5 31.5 31.5 31.5 31.5 31.5 31 31 31 31 31 31 31 31 31 31 31 31 31 31 31 31 31 30 30 30 30 30 30 30 30 0 
29.5 29.5 29.5 29.5 29.5 29.5 29.5 29.5 29.5 29.5 29.5 29.5 30.0455 30.0455 30.0455 33 33 33 33 33 33 33 33 33 33 33 33 33 33 33 0 
29.5 29.5 29.5 31 31 31 31 31 31 31 31 29.6429 29 29 29 29 29 29 29 29 29 29 29 29.5 29.5 29.5 29.5 29.5 29.5 29.5 29.5 29.5 29.5 29.5 29.5 29.5 29.5 29.5 29.5 29.5 29.5 29.5 29.5 29.5 29.5 0 
29.5 29.5 29.5 29.5 29.5 29.5 29.5 27.5 27.5 27.5 27.5 27.5 27.5 27.5 27.5 28 26.5 26.5 26.5 26.5 0 
29.5 29.5 29.5 29.5 29.5 29.5 29.5 29.5 27 28.5 28.5 28.5 28.5 28.5 28.5 28.5 28.5 28.5 28.5 28.5 28.5 28.5 28.5 28.5 28.5 28.5 28.5 28.5 28.5 28.5 28.5 28.5 28.5 28.5 28.5 28.5 28.5 28.5 28.5 28.5 28.5 28.5 28.5 0 
29.5 29.5 29.5 29.5 29.5 29.5 29.5 29.5 29.5 29.5 29.4167 29.4167 29.4167 29.4167 29.4167 29.4167 29.4167 29.4167 29.4167 29.4167 29.4167 29.4167 29.4167 25.5 0 
29.5 29.5 29.5 29.5 29.5 29.5 29.5 29.5 32 32 32 32 32 32 32 32 32 32 32 32 32.5 32.5 32.5 32.5 32.5 32.5 32.5 32.5 32.5 32.5 32.5 32.5 32.5 32.5 32.5 32.5 32.5 32.5 32.5 32.5 32.5 32.5 32.5 32.5 32.5 32.5 32.5 32.5 32.5 32.5 32.5 32.5 32.5 32.5 32.5 32 32 32 32 32 32 32 32 32 32 32 0 
29.5 29.5 29.5 29.5 29.5 29.5 29.5 29.5 29.5 29.5 29.5 29.5 29.5 31.5 31.5 31.5 31.5 31.5 31.5 31.5 31.5 31.5 32 32 32 32 33.5 33.5 33.5 33.5 33.5 33.5 33.5 0 
29.5 29.5 29.5 29.5 29.5 29.5 29.5 29.5 29.5 29.5 29.5 29.5 29.5 29.5 29.5 29.5 29.5 29.5 29.5 29.5 29.5 29 29 29 29 29 27.5 27.5 27.5 27.5 27.5 27.5 27.5 27.5 27.5 27.5 27.5 27.5 27.5 27.5 27.5 27.5 28.5 28.5 28 28 28 28 28 28 28 28 28 28 28 28 28 28 28 28 28 28 28 28 28 28 28 28 28 28 28 28 28 28 28 0 
29.5 30.5 32.5 32.5 32.5 0 
29.5 29.5 29.5 29.5 29.5 29.5 29.5 29.5 29.5 29.5 28 26 26 26 26 26 26 26 26 26 26 26 26 26 26 26 26.5 26.5 26.5 26.5 26.5 26.5 26.5 26.5 26.5 26.5 26.5 26.5 26.5 26.5 26.5 26.5 26.5 26.5 26.5 26.5 26.5 26.5 0 
29.5 29.5 29.5 29.5 29.5 29.5 29.5 29.5 29.5 29.5 29.5 29.5 29.5 29.5 29.5 29.5 29.5 29.5 29.5 29.4167 29.4167 29.4167 29.4167 29.4167 29.4167 29.4167 29.4167 29.4167 25.5 25.5 25.5 25.5 25.5 25.5 25.5 25.5 0 
29.5 29.5 29.5 29.5 29.5 29.5 29.5 33 33 0 
29.5 29.5 29.5 29.5 29.5 29.5 29.5 29.5 29.5 29.5 29.5 29.5 29.5 29.5 29.5 29.5 29.5 29.5 29.5 29.5 29.5 29.5 29.5 31 31 31 31 31 31 31 31 31 31 31 31 31 31 31 31 31 29.5 29 0 
29.5 29.5 29.5 29.5 29.5 29.5 29.5 29.5 29.5 29.5 29.5 29.5 28.5 28.5 28.5 28.5 28.5 28.5 28.5 28.5 28.5 29.5 29.5 29.5 29.5 29.5 29.5 29.5 29.5 29.5 29.5 29.5 28 28 28 28 28 28 28 0 
29.5 29.5 29.5 29.5 29.5 29.5 29.5 29.5 29.5 29.5 29.5 29.5 29.5 29.5 29.5 29.5 29.5 29.5 29.5 29.5 29.5 29.5 29.5 29.5 29.5 29.5 29.5 29.5 29.5 31.5 31.5 31.5 31.5 31.5 30.5 30.5 30.5 29.5 29.5 29.5 29.5 29.5 29.5 29.5 29.5 29.5 29.5 29.5 29.5 0 
29.5 29.5 29.5 29.5 30 29 29 29 29 29 29 29 29 29 29 29 29 29 29 29 29 29 29 29 29 29 29 29.5 29.375 0 
29.5 29.5 29.5 29.5 29.5 29.5 29.5 29.5833 29.5833 29.5833 29.5833 29.5833 29.5833 29.5833 28.5 28.5 28.5 28.5 28.5 25.5 25.5 25.5 25.5 25.5 25.5 25.5 25.5 25.5 25.5 25.5 25.5 25.5 25.5 25.5 25.5 25.5 25.5 25.5 25.5 25.5 25.5 25.5 25.5 25.5 25.5 25.5 25.5 25.5 25.5 25.5 25.5 25.5 25.5 25.5 25.5 25.5 25.5 25.5 25.5 25.5 25.5 25.5 25.5 25.5 0 
29.5 29.5 29.5 29.5 29.5 29.5 29.5 31 31 31 31 31.1667 33 33 0 
29.5 29.5 29.5 31 31 31 31 31 31 31 31 31 31 31 31 31 31 31 31 31 31 31 31 31 31 31 31 31 31 31 31 32 31.5 31.5 31.5 31.5 31.5 31.5 31.5 31.5 32 32 32 32 32 31.5 31.5 31.5 31.5 31.5 31.5 31.5 31.5 31.5 31.5 0 
29.5 29.5 29.5 29.5 29.5 29.5 29.5 31.5 31.5 31.5 31.5 31.5 31.5 31.5 31.5 31.5 31.5 31.5 31.5 31.5 31.5 31 31 31 31 31 31 31 31 31 31.5 31.5 31.5 31.5 0 
29.5 29.5 29.5 29.5 29.5 32 32 31 31 31 31 31 31 31 31 31 31 31 31 31 31 31 31 31 31 0 
29.5 29.5 29.5 29.5 29.5 31.5 31.5 31.5 31.5 31.5 31.5 31.5 31.5 31.5 31.5 31.5 31.5 31.5 31.5 31.5 31.5 31.5 31.5 31.5 31.5 31.5 31.5 31.5 31.5 31.5 31.5 31.5 31.5 0 
29.5 29.5 29.5 29.5 29.5 29.5 29.5 29.5 29.5 29.5 29.5 29.5 29.5 27 27 27 27 27 27 27 27 26 26 0 
29.5 29.5 29.5 29.5 29.5 29.5 29.5 29.5 29.5 29.5 29.5 29 29 29 29 29 29 29 29 29 29 29 29 29 29 31.5 31.5 31.5 31.5 31.5 31.5 31.5 31.5 31.5 31.5 30.5 30.5 30.5 0 
29.5 29.5 29.5 29.5 29.5 29.5 30 29 29 29 29 29 29 29 29 29 29 29 29 29 29 29 29 29 29 29 29 29 29 29 29 29 29 29 29 29 29 30 30 30 30.0714 30.0714 30.0714 0 
29.5 29.5 29.5 29.5 29.5 29.5 29.5 29.5 29.5 29.5 29.5 29.5 29.5 29.5 29.5 29.5 29.5 29.5 29.5 29.5 29.5 29.5 29.5 29.5 29.5 29.5 29.5 27.25 26 26 26 26 26 26 26 26 26 26 26 26 0 
29.5 27.5 27.5 27.5 28 28 28 28 28 28 28 28 28 28 28 28 28 28 28 28 28 28 29 29 29 0 
29.5 29.5 29.5 29.5 29.5 29.5 29.5 29.5 29.5 29.5 30.5 30.5 30.5 30.5 30.5 30.5 30.5 32.5 32.5 0 
29.5 29.5 29.5 29.5 29.5833 29.5833 29.5833 29.5833 29.5833 29.5833 29.5833 28.5 28.5 28.5 28.5 28.5 28.5 28.5 28.5 28.5 28.5 28.5 28.5 28.5 28.5 28.5 29.0556 29.0556 29.0556 29.0556 0 
29.5 29.5 29.5 29.5 29.5 29.5 29.5 29.5 29.5 29.5 29.5 28 28 28 28 28 28 28.75 30 0 
29.5 29.5 29.5 29.5 27.5 27.5 27.5 27.5 27.5 27.5 27.5 27.5 28 28 28 28 28 28 28 28 28 28 26.5 26.5 26.5 0 
29.5 29.5 29.5 29.5 29.5 29.5 28 28 28 28 28 28 28 28 28.0556 28.0556 28.0556 28.0556 28.0556 28.0556 28.0556 28.0556 28.625 28.625 28.625 28.625 28.625 28.625 28.625 28.625 28.625 28.625 30.5 30.5 30.5 30.5 30.5 30.5 30.5 0 
29.5 29.5 29.5 28.5 28.5 28.5 28.5 28.5 28.5 30.5 30.5 30.5 30 30 30 30 30 30 30 30 30 30 30 30 30 0 
29.5 29.5 29.5 29.5 29.5 29.5 29.5 29.5 29.5 29.5 29.5 29.5 29.5 29.5 29.5 29.5 29.5 29.5 29.5 29.5 29.5 29.5 29.5 29.5 29.5 29.5 29.5 29.5 29.5 29.5 29.5 29.5 29.5 29.5 26 26 26 26 26 26 26 0 
29.5 29.5 29.5 29.5 29.5 30.5 30.5 30.5 30.5 30.5 32 32 32 32 32 32 31.5 31.5 31.5 31.5 31.5 31.5 31.5 31.5 0 
29.5 27 27 27 27 28 28 28 28 28 28 28 28.5 28.5 28.5 28.5 28.5 28.5 28.5 28.5 28.5 28.5 28.5 28.5 28.5 28.5 28.5 28.5 28.5 0 
29.5 29.5 29.5 29.5 29.5 29.5 29.5 29.5 29.5 29.5 29.5 29.5 29.5 29.5 29.5 29.5 29.5 29.5 29.5 29.5 29.5 29.5 29.5 29.5 27.5 27.5 27.5 27.5 27.5 27.5 27.5 27.5 27.5 27.5 27.5 27.5 27.5 27.5 27.5 28.5 28.5 28.5 28.5 28.5 28.5 28.5 28.5 28.5 28.5 28.5 28.5 28.5 28.5 28.5 28.5 28.5 28.5 28.5 28.5 28.5 28.5 28.5 28.5 28.5 28.5 28.5 0 
29.5 29.5 29.5 29.5 29.5 29.5 29.5 29.5 30.5 30.4 30.4 30.4 28 28 28 28 28 28 28 28 28 28 28 28 28 28 28 28 28 28 28 28 28.5 28.5 28.5 28.5 28.5 28.5 28.5 28.5 28.5 0 
29.5 29.5 29.5 31.5 31.5 31.5 31.5 30.5 30.5 30.5 30.5 30.5 30.5 30.5 30.5 0 
29.5 29.5 29.5 29.5 29.5 29.5 29.5 29.5 26 26 26 26 26 26 26 26 26 26 26 26 26 26 26 26 26 26 26 26 26 26 26 26 26 26 26 26 25.5 25.5 0 
29.5 29.5 29.5 29.5 29.5 29.5 29.5 29.5 29.5 29.5 29.5 29.5 29.5833 32.5 0 
29.5 29.5 29.5 29.5 29.5 29.5 29.5 29.5 30.0455 30.0455 30.0455 30.0455 30.0455 30.0455 30.0455 33 33 33 33 33 33 33 33 33 33 33 33 33 33 33 33 0 
29.5 29.5 29.5 29.5 29.5 29.5 29.5 29.5 29.5 29.5 29.5 29.5 29.5 29.5 29.5 29.5 29.5 29.5 29.5 29.5 29.5 29.5 29.5 29.5 29.5 29.5 29.5 29.5 29.5 29.5 29.5 29.5 29.5 29.5 27 27 27 27 27 27 27 27 27 27 27 27 27 27 27 27 27 27 27 26 26 26 26 26 25.5 25.5 25.5 0 
29.5 28.5 28.5 29.5 29.5 29.5 29.5 29.5 29.5 30 29.9286 29.9286 29.9286 29.9286 29.9286 29.9286 29.9286 29.9286 29.9286 29.9286 29.9286 29.9286 29.9286 29.9286 29.9286 29.9286 29.9286 29.9286 29.9286 0 
29.5 29.5 29.5 29.5 29.5 29.5 30.5 30.5 30.5 32.5 32.5 32.5 32.5 32.5 32.5 32.5 32.5 32.5 32.5 32.5 32.5 32.5 32.5 32.5 32.5 32.5 32.5 32.5 32.5 32.5 32.5 32.5 32.5 32.5 31.5 31.5 0 
29.5 29.5 29.5 29.5 29.5 29.5 29.5 29.5 29.5 29.5 29.5 29.5 29.5 29.5 28.5 28.5 28.5 28.5 28.5 28.5 28.5 28.5 28.5 28.5 28.5 28.5 28.5 28.5 28.5 28.5 28.5 28.5 28.5 28.5 28.5 28.5 28.5 28.5 28.5 28.5 28.5 28.5 26.5 26.5 26.5 26.5 26.5 26.5 0 
29.5 29.5 29.5 29.5 29.5 29.5 29.5 29.5 29.5 29.5 29.5 29.5 27 27 27 27 27 27 27 27 27 27 26.9286 26.9286 26.9286 26.9286 26.9286 26.9286 26.9286 26.9286 26.9286 26.9286 26.9286 26.9286 26.9286 26.9286 26.9286 0 
29.5 29.5 29.5 29.5 29.5 29.5 29.5 29.5 29.5 29.5 29.5 29.5 29.5 29.5 31.5 31.5 31.5 31.5 31.5 31.5 31.5 30 30 30 30 30 30 30 30 30 30 30 30 30 30 30 30 30 30 30 30 30 30 30 30 30 30 30 30 30 30 30 30 30 30 30 30 30 30 0 
29.5 28.5 28.5 28.5 28.5 28.5 28.5 28.5 28.5 28.5 28.5 28.5 28.5 28.5 29.625 29.625 29.625 0 
29.5 29.5 29.5 29.5 29.5 29.5 29.5 29.5 29.5 29.5 29.5 29.5 29.5 29.5 28.4 28.4 28.4 28.4 28.4 28.4 28.4 28.4 28.4 28.4 28.4 28.4 28.4 28.4 28.4 28.4 28.4 29.5 28.9286 28.9286 28.9286 28.9286 28.9286 28.9286 28.9286 28.9286 28.9286 0 
29.5 29.5 29.5 29.5 29.5 28 28 27.25 26 26 26 26 26 26 0 
29.5 29.5 29.5 29.5 29.5 29.5 29.5 29.5 29.5 29.5 29.5 27.5 27.5 27.5 27.5 27.5 27.5 27.5 27.5 27.5 27.5 27.5 27.5 27.5 27.5 27.5 28 28 28 28 28 28 28 28 28 28 28 28 28 28 28 28 28 28 28 28 28 28 28 28 28 28 28 28 29 29 0 
29.5 29.5 29.5 29.5 29.5 29.5 29.5 29.5 29.5 29.5 29.5 29.5 29.5 29.5 29.5 29.5 29.5 29.5 27 27 27 27 27 27 27 27 27.0714 27.0714 27.0714 27.0714 27.0714 27.0714 27.0714 27.0714 27.0714 0 
29.5 29.5 29.5 29.5 29.5 29.5 29.5 29.5 29.5 29.5 29.5 29.5 29.5 29.5 29.5 29.5 29.5 29.5 29.5 29.5 29.5 29.5 29.5 29.5 29.5 29.5 29.5 29.5 29.5 29.5 29.5 29.5 29.5 29.5 29.5 29.5 29.5 29.5 29.5 29.5 33 33 33 33 33 0 
29.5 29.5 29.5 29.5 29.5 29.5 29.5 29.5 29.5 29.5 29.5 29.5 29.5 29.5 29.5 30.5 30.5 30.5 30.5 30.5 29 29 29 27.5 27.5 27.5 27.5 27.5 27.5 27.5 27.5 27.5 27.5 27.5 27.5 27.5 0 
29.5 29.5 31 31 31 31 31 31 31 31 31 31 31 31 31 31 31 30.5 30.5 30.5 30.5 30.5 30.5 30.5 30.5 30.5 30.5 0 
29.5 29.5 29.5 29.5 29.5 29.5 29.5 29.5 29.5 33 33 33 33 33 33 33 33.5 33.5 33.5 33.5 33.5 33.5 33.5 33.5 33.5 33.5 33.5 33.5 33.5 33.5 33.5 33.5 33.5 33.5 33.5 33.5 33.5 33.5 33.5 33.5 33.5 33.5 0 
29.5 29.5 29.5 29.5 29.5 29.5 29.5 29.5 29 29 30 30 30 30 30 30 30 30 30 30 30 30 29.9444 29.9444 29.9444 29.9444 29.9444 29.9444 29.9444 29.9444 29.9444 29.9444 29.9444 29.9444 29.9444 30.5 30.5 30.5 30.5 30.5 30.5 30.5 0 
29.5 29.5 27 27 27 26.9286 26.9286 0 
29.5 29.5 29.5 29.5 29.5 29.5 29.5 29.5 29.5 29.5 29.5 29.5 29.5 30 30 30 30 30 30 30 30 30 32.5 32.5 32.5 32.5 32.5 33.5 0 
29.5 29.5 29.5 29.5 29.5 29.5 29.5 29.5 30.5 30.5 30.5 30.5 30.5 30.5 30.5 30.5 30.5 30.5 30.5 29 29 29 29 29 29 29 29 29 29 29 29 29 29 30 30 30 0 
29.5 29.5 30.5 30.5 30.5 30.5 30.5 30.5 31.5 31.5 31.5 31.5 31.5 31.5 31.5 31.5 31.5 31.5 31.5 31.5 31.5 31.5 31.5 31.5 32 32 32 32 32 32 32 32 32 32 32 33.5 33.5 33.5 33.5 33.5 33.5 33.5 33.5 33.5 33.5 33.5 0 
29.5 29.5 29.5 27.5 27.5 27.5 27.5 27.5 27 27 27 27 27 27 27 27 27 27 27 27 27 27 28.5 28.5 0 
29.5 29.5 29.5 29.5 29.5 29.5 29.4167 29.4167 29.4167 29.4167 29.4167 29.4167 29.4167 29.4167 29.4167 29.4167 29.4167 29.4167 29.4167 29.4167 31.0556 31.0556 31.0556 0 
29.5 29.5 29.5 29.5 29.5 29.5 29.5 29.5 29.5 29.5 29.5 29.5 28 28 28 28 28 28 28 28 28 28 28 28 28 28 28 28 28 28 28 28 28.0556 28.0556 28.0556 28.0556 28.0556 28.0556 26.9286 0 
29.5 29.5833 29.5833 29.5833 29.5833 29.5833 29.5833 29.5833 29.5833 29.5833 29.5833 29.5833 29.5833 33 33 33 33 33 33 33 33 33 33 33 33 33 33 33 33 33 33 33 33 33 33 33 33 33 33 33 33 33 33 33 33 33 33 33 33 33 33 33 0 
29.5 27.5 26.5 26.5 26.5 26.5 26.5 26.5 27.5 27.5 27.5 27.5 27.5 27.5 27.5 27.5 27.5 27.5 27.5 27.5 27.5 27.5 27.5 27.5 27.5 27.5 27.5 27.5 27.5 27.5 27.5 27.5 27.5 27.5 27.5 27.5 27.5 27.5 27.5 27.5 27.5 27.5 27.5 27.5 27.5 27.5 27.5 27.5 27.5 27.5 27.5 27.5 27.5 27.5 27.5 27.5 27.5 27.5 27.5 27.5 27.5 0 
29.5 29.5 29.5 29.5 32 32 30.5 30.5 30.5 30.5 30.5 30.5 30.5 30.5 0 
29.5 29.5 29.5 29.5 29.5 29.5 28 28 28 28 28 28 28 28 28 28 28 28 28 28 28 28 28 28 28 28 28 28 28 28 29 29 29 29 29 29 29 29 30.5 30.5 30.5 30.5 30.5 30.5 30.5 30.5 30.5 30.5 30.5 30.5 30.5 30.5 30.5 30.5 30.5 30.5 30.5 30.5 30.5 30.5 30.5 30.5 0 
29.5 29.5 29.5 29.5833 29.0455 29.0455 29.0455 29.0455 29.0455 29.0455 29.0455 29.0455 29.0455 29.0455 29.6 29.6 29.6 29.6 29.6 29.6 0 
29.5 29.5 28 28 28 28 28 28 28 28 28 28 28 28 28 28 28 28 28 28 28 28 28 28 28 28 28 28 28 27 27 27 27 27 27 27 27 27 27 27 27 27 27 28 28 28 27.5 27.5 27.5 27.5 27.5 0 
29.5 29.5 29.5 29.5 31.5 31.5 31.5 30.5 30.5 30.5 30.5 30.5 30.5 30.5 30.5 30.5 30.5 30.5 30.5 30.5 30.5 30.5 30.5 30.5 30.5 30.5 30.5 30.5 30.5 30.5 30 30 30 30 30.5 30.5 30.5 30.5 30.5 30.5 30.5 30.5 0 
29.5 29.5 29.5 29.5 29.5 29.5 29.5 29.5 29.5 31.5 31.625 31.625 31.625 31.625 31.625 31.625 31.625 31.625 31.625 31.625 31.625 31.625 31.625 31.625 31.625 31.625 31.625 31.625 31.625 31.625 31.625 31.625 31.625 31.625 31.625 31.625 31.625 31.625 31.625 31.625 31.625 31.625 31.625 31.625 31.625 31.625 31.625 31.625 31.625 31.625 31.625 31.625 31.625 33.5 0 
29.5 29.5 29.5 29.5 29.5 29.5 29.5 30.5 30.5 30.5 30.5 30.5 30.5 30.5 30.5 30.5 30.5 30.5 30.5 30.5 30.5 30.5 30.5 30.5 30.5 30.5 30.5 30.5 30.5 30.5 30.5 30.5 30.5 30.5 31 31 31 31 31 31 31 31 31 32.3571 33 33 33 33 33 33.5 33.5 33.5 33.5 33.5 33.5 33.5 33.5 33.5 33.5 33.5 33.5 0 
29.5 29.5 29.5 29.5 29.5 29.5 29.5833 32.5 32.5 32.5 32.5 32.5 32.5 32 32 32 32 32 32 32 32 32 32 32 32 32 32 32 32 32 32 32 32 32 32 32 32 32 32 32 32 32 32 32 32 32 32 32 32 32 32 32 32 32 32 32 32 32 32 0 
29.5 29.5 29.5 29.5 29.5 29.5 29.5 29.5 29.5 29.5 29.5 29.5 29.5 29.5 29.5 29.5 29.5 29.5 29.5 29.5 29.5 29.4167 29.4167 29.4167 29.4167 26.5 26.5 26.5 26.5 26.5 26.5 26.5 26.5 26.5 26.5 26.5 26.5 26 26 26 26 26 26 26 26 26 26 26 26 26 26 26 26 26 25.5 0 
29.5 29.5 29.5 29.5 29.5 29.5 29.5 29.5 29.5 29.5 29.5 33 0 
29.5 32 32 32 32 32 32 32 32 32 32 32 32 32 33.5 33.5 33.5 33.5 33.5 33.5 33.5 33.5 33.5 33.5 0 
29.5 29.5 29.5 29.5 31 31 30.5 30.5 30.5 30.5 30.5 30.5 30.5 30.5 30.5 30.5 30.5 30.5 30.5 30.5 30.5 30.5 29 28.5 28.5 28.5 28.5 28.5 28.5 28.5 28.5 28.5 28.5 28.5 28.5 28.5 28.5 28.5 0 
29.5 29.5 29.5 29.5 29.5 29.5 29.5 29.5 29.5 29.5 29.5 29.5 29.5 31 31 31 31 31 31 31.1667 33 33 33 33 33 0 
29.5 29.5 29.5 31.5 31.5 31.5 31.5 31.5 31.5 31.5 31.5 31.5 31.5 31.5 31.5 31.5 31.5 31.5 31.5 0 
29.5 29.5 29.5 29.5 29.5 29.5 29.5 29.5 29.5 29.5 29.5 29.5 29.5 29.4167 29.4167 29.4167 31.0556 31.0556 31.0556 31.0556 31.0556 31.0556 31.0556 31.0556 31.0556 31.0556 29.9286 29.9286 29.9286 29.9286 29.9286 29.9286 29.9286 29.9286 29.9286 29.9286 29.9286 29.9286 29.9286 29.9286 29.9286 29.9286 0 
29.5 29.5 29.5 29.5 29.5 29.5 29.5 29.5 29.5 29.5 29.5 29.5 29.5 29.5 29.5 29.5 29.5 29.5 29.4167 29.4167 26.5 26.5 26.5 26.5 26.5 26.5 26 26 26 26 26 26 26 26 26 26 26 26 26 26 26 26 26 25.5 25.5 0 
29.5 29.5 29.5 29.5 29.5 27.5 27.5 27.5 27.5 27.5 27.5 27.5 27.5 27.5 27.5 27.5 27.5 27.5 27.5 27.5 27.5 27.5 27.5 27.5 27.5 27.5 27.5 27.5 27.5 27.5 27.5 27.5 27.5 27.5 27.5 27.5 27.5 27.375 27.375 27.375 27.9286 27.9286 27.9286 27.9286 0 
29.5 29.5 29.5 29.5 29.5 29.5 29.5 29.5 29.5 29.5 29.5 29.5 31 29.5 29.5 29.5 29.5 29.5 29.5 29.5 29.5 29.5 29.5 29.5 29.5 29.5 29.5 29.5 29.5 29.5 0 
29.5 29.5 29.5 29.5 29.5 31.5 31.5 31.5 31.5 31.5 31.5 31.5 31.5 31.5 31.5 31.5 30.5 30.5 30.5 30.5 30.5 30.5 31.5 31.5 31.5 31.5 31.5 31.5 31.5 31.5 31.5 31.5 31.5 31.5 31.5 31.5 31.5 31.5 31.5 31.5 31.5 31.5 31.5 31.5 31.5 31.5 31.5 0 
29.5 29.5 29.5 30 30 30 30 30 30 30 30 30 30 30 30 30 30 30 30 30 30 30 30 30 30 30 30 30 30 30 30 30 30 30 32 32 32.5 32.5 32.5 32.5 32.5 33 0 
29.5 29.5 29.5 28 28 28 28 28 28 28 28 28 28 28 28 28 28 28 28.5 28.5 28.5 28.5 28.5 28.5 28.5 28.5 28.5 28.5 28.5 28.5 30 30 30 30 30 30 0 
29.5 29.5 29.5 29.5 30.5 30.5 30.5 30.5 30.5 30.5 30.5 30.5 30.5 32 32 32 32 32 32 32 32 32 32 32 30.5 30.5 30.5 30.5 30.5 30.5 30.5 30.5 30.5 30.5 30.5 30.5 30.5 30.5 30.5 30.5 30.5 30.5 30.5 30.5 30.5 30.5 30.5 30.5 0 
29.5 27 27 27 27 27 27 27 27 27 27 27 27 27 27 27 27 27 27 27 27 27 27 27 27 27 27 26.9286 26.9286 0 
29.5 29.5 29.5 29.5 29.5 29.5 29.5 29.5 29.5 29.5 29.5 29.5 29.5 29.5 29 29 29 29 29 29 29 29 29 29 29 29 29 29 29 31 31 30 30 0 
29.5 29.5 29.5 29.5 28 28 28 28 28 28 28.5 28.625 30.5 30.5 30.5 30.5 30.5 30.5 30.5 30.5 30.5 30.5 30.5 30.5 30.5 30.5 30.5 30.5 30.5 30.5 30.5 30.5 30.5 30.5 30.5 30.5 30.5 0 
29.5 29.5 29.5 29.5 29.5 26 26 26 26 26 0 
29.5 29.5 28 28 28 28 28 28 28 28 26 26 26 26 26 26 26 26 26 26 26 26 26 26 26 26 26 26 26 26 26 26 0 
29.5 29.5 29.5 29.5 29.5 29.5 29.5 29.5 29.5 29.5 29.5 28.5 28.5 27.5 27.5 27.5 27.5 27.5 27.5 26 26 26 26 0 
29.5 29.5 29.5 29.5 28 28 28 28 28 28 28 28 28 28 28 29.3571 30 30 30 30 30 30 30 30 30 30 30.5 30.5 30.5 30.5 30.5 30.5 30.5 30.5 30.5 30.5 30.5 30.5 30.5 30.5 30.5 30.5 30.5 0 
29.5 29.5 29.5 29.5 29.5 29.5 29.5 29 29 29.0455 29.0455 29.0455 29.0455 29.0455 29.0455 29.0455 29.0455 29.0455 29.0455 32.5 32.5 32.5 32.5 32.5 32.5 32.5 32.5 32.5 0 
29.5 29.5 29.5 29.5 29.5 29.5 28.5 28.5 28.5 28.5 28.5 28.5 28.5 28.5 28.5 28.5 28.5 29 29 29 29 29 29 29 29 29 29 29 29 29 29 29 29 29 29 29 29 29 30 30 30 30 30 31.5 31.5 0 
29.5 29.5 29.5 29.5 29.5 29.5 29.5 29.5 29.5 29.5 29.5 29.5 29.5 29.5 29.5 29.5 29.5 29.5 29.5 29.5 29.5 29.5 29.5 29.5 29.5 29.5 29.5 29.5 29.5 29.5 29.5 29.5 29.5 29.5 29.5 29.5 29.5 29.5 29.5 29.5 29.5 29.5 29.5 29.5 29.5 29.5 29.5 29.5 29.5 29.5 29.5 29.5 29.5 29.5 29.5 33 0 
29.5 29.5 29.5 29.5 29.5 29.5 26 26 26 26 26 26 26 26 26 26 26 26 26 26 26.5 26.5 26.5 0 
29.5 29.5 29.5 29.5 29.5 29.5 29.5 29.5 29.5 29.5 29.5 29.5 29.5 29.5 29.5 29.5 29.5 29.5 29.5 29.5 28 28 28 28 28 28 28 28 28 27.5 27.5 27.5 27.5 27.5 29 29 29 29 0 
29.5 29.5 29.5 29.5 29.5 29.5 29.5 29.5 29.5 29.5 29.5 29.5 29.5 26 26 26 26 26 26 26 0 
29.5 29.5 29.5 29.5 29.5 29.5 29.5 29.5 29.5 29.5 29.5 29.5 29.5 29.5 31 31 31 31 31 31 31 31 31 31 31 31.0556 31.0556 31.0556 31.0556 31.0556 29.9286 29.9286 29.9286 29.9286 29.9286 29.9286 29.9286 29.9286 29.9286 29.9286 29.9286 29.9286 29.9286 0 
29.5 28 28 28 27.8333 26 26 26 0 
29.5 29.5 29.5 29.5 29.5 29.5 29.5 30.5 30.5 30.5 30.5 30.5 30.5 30.5 31.0556 31.0556 31.0556 31.0556 31.0556 31.0556 31.0556 31.0556 31.0556 33.5 33.5 33.5 33.5 33.5 0 
29.5 29.5 29.5 29.5 30 30 30 30 30 30 29.5 29.5 29.5 29.5 29.5 29.5 29.5 29.5 29.5 29.5 30 30 30 29.5 29.5 29.5 29.5 29.5 29.5 29.5 29.5 29.5 28 28 28 28 28 28.5 28.5 0 
29.5 29.5 29.5 29.5 27 27 27 27 27 27 26.9286 26.9286 26.9286 26.9286 26.9286 26.9286 0 
29.5 29.5 29.5 29.5 29.5 29.4167 29.4167 29.4167 29.4167 29.4167 29.4167 29.4167 33.5 33.5 33.5 33.5 33.5 33.5 33.5 0 
29.5 29.5 29.5 29.5 29.5 29.5 29.5 29.5 29.5 29.5 31.5 31.5 31.5 31.5 31.5 31.5 31.5 31.5 31.5 31.5 31.5 31.5 31.5 31.5 31.5 31.5 32 32 32 33 33 33 33 33 0 
29.5 29.5 29.5 29.5 29.5 29.5 29.5 29.5 29.5 29.5 29.5 29.5 29.5 29.5 29.5 29.5 29.5 27.25 25.5 25.5 25.5 25.5 25.5 25.5 25.5 25.5 25.5 25.5 25.5 25.5 25.5 0 
29.5 29.5 29.5 29.5 29.5 29.5 29.5 29.5 29.5 29.5 29.5 29.5 27 27 27 27 27 27 27 27.0714 27.0714 27.0714 27.0714 27.0714 0 
29.5 29.5 29.5 29.5 29.5 29.5 29.5 29.5 29.5 29.5 29.5 29.5 31.5 31.5 31.5 31.5 31.5 32.0714 32.0714 32.0714 0 
29.5 29.5 29 29 29 29 29 29 29 29 29 29 29 29 29 29 29 29 29 29 29 29 29 29 29 29 29 29 29 29 28.5 28.5 28.5 28.5 28.5 28.5 28.5 30 30 30 30 29.5 29.5 29.5 29.5 29.5 29.5 28.5 28.5 28.5 28.5 28.5 28.5 28.5 28.5 28.5 28.5 28.5 28.5 28.5 28.5 28.5 28.5 28.5 28.5 28.5 28.5 0 
29.5 29.5 29.5 29.5 29.5 29.5 29.5 29.5 29.5 30.6 30.6 30.6 30.6 30.6 30.6 30.6 30.6 30.6 30.6 30.6 30.6 30.6 30.6 30.6 30.6 33 33 33 33 0 
29.5 29.5 29.5 29.5 29.5 29.5 29.5 29.5 29.5 29.5 29.5 29.5 29.5 29.5 29.5 29.5 32 32 32 32 32 32 32.0714 32.0714 32.0714 0 
29.5 29.5 29.5 29.5 29.5 29.5 29.5 29.5 31 31 31 31 31 31 31 31 31 31 32 32 32 32.5 32.5 32.5 0 
29.5 29.5 29.5 29.5 27.5 27.5 27.5 27.5 27.5 27.5 27.5 27.5 0 
29.5 29.5 29.5 29.5 29.5 29.5 29.5 29.5 29.5 29.5 29.5 29.5 29.5 29.5 29.5 29.5 29.5 28.5 28.5 28.5 28.5 28.5 29.5 29.5 29.5 29.5 29.5 29.5 29.5 29.5 29.5 29.5 29.5 29.5 29.5 29.5 29.5 29.5 29.5 29.5 29.5 29.5 29.5 29.5 29.5 29.5 29.5 29.5 29.5 29.5 29.5 29.5 29.5 29.5 30 30 30 30 30 30 30 30 30 30 30.0714 30.0714 30.0714 30.0714 30.0714 30.0714 30.0714 30.0714 30.0714 30.0714 30.0714 30.0714 30.0714 30.0714 30.0714 30.0714 30.0714 30.0714 0 
29.5 29.5833 28.5 28.5 28.5 28.5 29.625 31.5 31.5 31.5 31.5 31.5 31.5 31.5 0 
29.5 29.5 29.5 29.5 29.5 29.5 29.5 29.5 29.5 29.5 30.5 30.5 30.5 30.5 30.5 30.5 30.5 30.5 30.5 30.5 30.5 30.5 31 31 29.5 29.5 29.5 29.5 29.5 29.5 29.5 29.5 0 
29.5 29.5 29.5 29.5 29.5 29.5 29.5 27.5 27.5 27.5 27.5 27.5 27.5 27.5 27.5 27.5 27.375 27.375 27.375 27.375 27.375 27.375 27.375 27.375 27.375 27.375 27.375 27.375 27.375 27.375 27.375 27.375 27.375 27.375 27.375 27.375 27.9286 27.9286 27.9286 27.9286 27.9286 27.9286 27.9286 27.9286 27.9286 27.9286 27.9286 0 
29.5 29.5 29.5 29.5 29.5 29.5 29.5 31.5 31.5 31.5 31.5 31.5 31.5 31.5 31.5 31.5 31.5 31.5 31.5 31.5 31.5 31.5 31.5 31.5 31.5 31.375 31.375 31.375 31.375 31.375 31.375 31.375 31.375 0 
29.5 29.5 29.5 29.5 29.5 29.5 29.5 29.5 29.5 30.6 30.6 30.6 30.6 30.6 30.6 30.6 30.6 30.6 30.6 30.6 30.6 30.6 30.6 30.6 33.5 33.5 33.5 33.5 0 
29.5 29.5 29.5 31 31 31.75 33 33 33 33 33 33 33 33 33 33 33 33 33 33 33 33 33 33 33 33 33 33 33.5 33.5 33.5 33.5 33.5 33.5 33.5 33.5 33.5 33.5 33.5 33.5 33.5 33.5 33.5 33.5 33.5 33.5 33.5 33.5 33.5 33.5 33.5 33.5 33.5 33.5 33.5 33.5 33.5 33.5 33.5 33.5 33.5 0 
29.5 29.5 28.5 28.5 28.5 28.5 28.5 28.5 28.5 28.5 28.5 28.5 28.5 28.5 25.5 25.5 25.5 25.5 25.5 25.5 25.5 25.5 25.5 25.5 25.5 25.5 25.5 25.5 25.5 25.5 25.5 25.5 25.5 25.5 25.5 25.5 25.5 25.5 25.5 25.5 25.5 25.5 25.5 25.5 25.5 25.5 25.5 25.5 25.5 25.5 25.5 0 
29.5 29.5 29.5 29.5 29.5 29.5 29.5 29.5 29.5 26 26.5 26.5 0 
29.5 27.5 27.5 27.5 27.5 27.5 27.5 27.5 27.5 27.5 27.5 27.5 27.5 27.5 27.5 27.5 26 26 26 26 26 26 26 26 26 26 26 26 26 26 26 26 26 0 
29.5 29.5 29.5 29.5 29.5 29.5 29.5 29.5 29.5 29.5 29.5 29.5 29.5 27 27 27 27 27 27 27 27 27 27 27 27 27 27 27 27 27 27 27 27 27 27 27 27 27 27 27 27 27 27 27 27 27 28 28 28 28 28 28 28 28 0 
29.5 29.5 29.5 29.5 29.5 29.5 29.5 29.5 29.5 29.5 29.5 30 30 30 30 30 30 30 30 30 30 30 29.9545 33.5 33.5 33.5 33.5 33.5 33.5 33.5 33.5 33.5 33.5 0 
29.5 29.5 29.5 28.5 28.5 28.5 28.5 28.5 28.5 28.5 27 27 28 28 28 28 28 28 28 28 28 28 28 28 28 28 28 28 28 28 28 28 28 28 28 28 28 28 28 0 
29.5 29.5 29.5 29.5 29.5 29.5 29.5 29.5 32 32 32 32 32 32 32 32 32 32 32 32 32.0714 32.0714 32.0714 32.0714 32.0714 32.0714 32.0714 32.0714 32.0714 32.0714 32.0714 32.0714 32.0714 32.0714 32.0714 0 
29.5 29.5 29.5 29.5 29.5 29.5 29.4167 29.4167 29.4167 29.4167 29.4167 29.4167 29.4167 29.4167 29.4167 29.4167 29.4167 29.4167 29.4167 29.4167 29.4167 29.4167 25.5 25.5 25.5 25.5 25.5 25.5 25.5 25.5 25.5 0 
29.5 29.5 29.5 29.5 29.5 29.5 29.5 29.5 29.5 26 26 26 26 26 26 26 0 
29.5 29.5 29.5 29.5 29.5 29.5 29.5 29.5 29.5 29.5 29.5 29.5 29.5 29.5 29.5 29.5 29.5 29.5 29.5 30.5 30.5 30.5 30.5 30.5 30.5 30.5 30.5 30.5 30.5 30.5 30.5 33.5 33.5 33.5 33.5 33.5 33.5 33.5 33.5 33.5 33.5 33.5 33.5 33.5 33.5 33.5 33.5 33.5 33.5 33.5 33.5 33.5 0 
29.5 29.5 29.5 29.5 29.5 29.5 29.5 27.5 27.5 27.5 27.5 27.5 27.5 27.5 27.5 27.5 27.5 27.5 27.5 27.5 27.5 27.5 27.375 27.375 27.375 27.375 27.375 27.375 27.375 27.375 27.375 27.375 25.5 25.5 25.5 25.5 25.5 25.5 25.5 25.5 25.5 25.5 25.5 25.5 25.5 25.5 25.5 25.5 25.5 25.5 25.5 25.5 25.5 25.5 25.5 25.5 25.5 25.5 25.5 25.5 25.5 25.5 25.5 25.5 25.5 25.5 25.5 25.5 25.5 25.5 0 
29.5 29.5 29.5 29.5 29.5 29.5 33 33 33 33 33 33 33 33 33 33 33 33 33 33 33 33 33 33 0 
29.5 29.5 29.5 30.5 30.5 30.5 29.5 29.5 29.5 29.5 29.5 29.5 29.5 29.5 29.5 29.5 29.5 29.5 29.5 29.5 29.5 29.5 29.5 29.5 29.5 29 29 29 29 29 29 29 29 29.0714 29.0714 29.0714 29.0714 29.0714 29.0714 29.0714 29.0714 29.0714 29.0714 29.0714 29.0714 29.0714 29.0714 29.0714 29.0714 29.0714 29.0714 29.0714 0 
29.5 29.5 29.5 29.5 29.5 29.5 29.5 29.5 29.5 29.5 29.5 29.5 29.5 29.5 29.5 29.5 29.5 29.5 29.5 29.5 29.5 29.5 29.5 33 33 33 33 33 33 0 
29.5 29.5 29.5 29.5 29.5 29.5 29.5 29.5 29.5 29.5 29.5 28 26.5 26.5 26.5 26.5 26.5 26.5 0 
29.5 29.5 29.5 29.5 32 32 32 32 32 32 32 33 33 33 33 33 33 33 33 33 33 33 33 33 33 33 33 33 33 33 33 33 33 33 33 33 33 33 33 33 33 33 33 33 33 33 33 33 33 33 33 33 0 
29.5 29.5 29.5 29.5 29.5 29.5 29.5 29.5 29.5 29.5 29.5 29.5 29.5 29.5 30 30 30 29 29 29 29 29 29 29.1667 31 31 31 31 31 30.5 30.5 30.5 30.5 30.5 30.5 30.5 30.5 30.5 30.5 30.5 30.5 30.5 30.5 30.5 30.5 30.5 30.5 30.5 30.5 30.5 30.5 30.5 30.5 0 
29.5 29.5 27 27 27 27 27 27 27 27 27 27 27 27 27 27 27 27 27 27 28.5 28.5 28.5 28.5 28.5 28.5 28.5 28.5 28.5 28.5 28.5 28.5 28.5 28.5 28.5 28.5 28.5 28.5 28.5 28.5 28.5 28.5 28.5 28.5 28.5 28.5 28.5 28.5 28.5 28.5 28.5 28.5 28.5 28.5 28.5 28.5 28.5 28.5 28.5 28.5 28.5 28.5 28.5 28.5 28.5 28.5 28.5 28.5 28.5 28.5 28.5 28.5 0 
29.5 29.5 31.5 31.5 31.5 31.5 31.5 31.5 31.5 31.5 31.625 31.625 31.625 31.625 31.625 31.625 31.625 31.625 31.625 31.625 31.625 31.625 31.625 31.625 31.625 31.625 31.625 31.625 31.625 0 
29.5 28.5 28.5 28.5 28.5 28.5 28.5 28.5 28.5 26.5 26.5 26.5 26.5 25.5 25.5 25.5 25.5 25.5 25.5 25.5 25.5 25.5 25.5 0 
29.5 29.5 29.5 30 30 30 30 30 30 30 30 30 30 30 29.5 29.5 29.5 30 30 30 30 30 30 30 30 30 30 30 30 30 30 30 30 30 30 29.5 29.5 29.5 30.5 30.5 30.5 30.5 30.5 0 
29.5 29.5 29.5 29.5 29.5 29.5 29.5 30 30 30 30 30 30 30 30 28 26.5 26.5 26.5 26.5 26.5 26.5 26.5 26.5 26.5 0 
29.5 29.5 29.5 29.5 29.5 29.5 29.5 29.5 29.5 29.5 29.5 29.5 29.5 29.5 29.5 29.5 29.5 29.5 29.5 29.5 29.5 29.5 29.5 29.5 29.5 29.5 29.5 29.5 29.5 29.5 29.5 29.5 29.5 29.5 27 27 27 27 27 27 27 27 27 27 27 27 28.5 0 
29.5 29.5 29.5 29.5 29.5 29.5 29.5 29.5 29.5833 29.5833 29.5833 32.5 32.5 32.5 32 32 32 32 32 32 32 0 
29.5 29.5 29.5 29.5 29.5 29.5 29.5 30.5 30 30 30 30 30 30 30 30 30 30 30 30 30 30 30 30 28.5 0 
29.5 29.5 29.5 29.5 29.5 29.5 29.5 28.5 28.5 28.5 28.5 29 29 30.3571 31 31 31 31 31 31 31 31 31 31 31 31 31 31 31 31 31 31 0 
29.5 29.5 29.5 29.5 29.5 29.5 29.5 29.5 29.5 29.5 29.5 29.5 29.5 29.5 29.5 29.5 29.5 28.9545 28.9545 28.9545 26 26 0 
29.5 29.5 29.5 29.5 29.5 29.5 29.5 29.5 29.5 29 29 29 29 29 29 29 29 31 31 31 31 31 31 31 31 31 31 31 31 31 32 32 32 32 32 32 32 32 32 32 32 32 31.5 31.5 31.5 31.5 31.5 31.5 31.5 31.5 31.5 31.5 31.5 31.5 31.5 31.5 31.5 31.5 31.5 31.5 31.5 31.5 31.5 31.5 0 
29.5 29.5 29.5 32 32 32 32 32 32 32 32 32 33 33 33 33 33 33 33 33 33 33 0 
29.5 29.5833 29.5833 29.5833 29.5833 29.5833 29.5833 29.5833 29.5833 29.5833 29.5833 29.5833 29.0455 29.0455 29.0455 29.0455 29.0455 29.0455 29.0455 29.0455 29.0455 27.375 27.375 27.375 27.375 27.375 27.375 27.375 27.375 27.375 27.375 27.375 27.375 27.375 27.375 27.375 27.375 27.375 27.375 27.375 27.375 27.375 25.5 25.5 25.5 25.5 25.5 25.5 25.5 25.5 25.5 25.5 25.5 25.5 25.5 25.5 25.5 25.5 25.5 0 
29.5 29.5 29.5 29.5 30 29.5 29.5 29.5 29.5 29.5 29.5 29.4 29.4 29.4 29.4 29.4 29.4 29.4 29.4 29.4 29.4 29.4 29.4 29.4 29.4 29.4 29.4 29.4 27 27 27 27 27 27 27 27 27 27 27 27 27 27 0 
29.5 29.5 29.5 29.5 29.5 29.5 29.5 29.5 29.5 29.5 29.5 29.5 29.5 29.5 29.5 29.5 29.5 29.5 29.5 29.5 29.5 29.5 29.5 29.5 29.5 29.5 29.5 29.5 29.5 29.4167 29.4167 29.4167 29.4167 29.4167 29.4167 29.4167 29.4167 29.4167 26 26 26 26 26 26 26 26 26 26.5 0 
29.5 29.5 29.5 29.5 29.5 29.5 29.5833 29.5833 29.5833 29.5833 29.5833 29.5833 29.5833 29.5833 29.5833 29.5833 29.5833 29.5833 29.5833 29.5833 29.5833 29.5833 29.5833 29.5833 29.5833 29.5833 29.5833 29.5833 32.5 32.5 32.5 32.5 32.5 32.5 0 
29.5 29.5 28.5 28.5 28.5 28.5 28 28 28 28 28 28 28 28 28 28 28 28 26.5 26.5 26.5 26.5 26.5 26.5 26.5 26.5 26.5 26.5 26.5 26.5 26.5 26.5 26.5 26.5 26.5 26.5 26.5 27.5 27.5 27.5 27.5 27.5 27.5 27.5 27.5 27.5 27.5 27.5 27.5 0 
29.5 29.5 29.5 29.5 27.5 27.5 27.5 27.5 27.5 27.5 27.5 27.5 26.5 26.5 27 27 27 27 27 27 27 27 27 27 27 27 27 27 27 27 27 27 27 27 27 27 0 
29.5 29.5 31 31 31 31 31 31 31 31 31 31 31 31 31 31 31 31 31 31 31 31 31 31 31 31 32 32 32 32 32 32 32 32 31.5 31.5 31.5 31.5 31.5 31.5 31.5 31.5 31.5 0 
29.5 29.5 29.5 29.5 29.5 29.5 30 30 30 30 30 30 27.5 27.5 27.5 27.5 27.5 27.5 26.5 0 
29.5 29.5 29.5 31 31 31 31 31 31 31 31 31 31 31 30.9444 30.9444 30.9444 30.9444 30.9444 30.9444 30.9444 30.9444 28.5 28.5 28.5 28.5 28.5 28.5 28.5 0 
29.5 31 31 31 31 31 31 31 31 31 31 31 31 32 32 32 32 32 32 32 32 32 32 32 32 32 32 32 32 32 32 32 32 32 32 32 32 32 32 32 32 32 32 32 32 33 0 
29.5 29.5 29.5 29.5 29.5 29.5 29.5 29.5 32 32 32 32 32 32 32 32 32 32 31.5 31.5 31.5 31.5 31.5 31.5 31.5 31.5 31.5 31 31 31 31 31 31 31 31 0 
29.5 29.5 28.5 28.5 28.5 28.5 28.5 28.5 28.5 28.5 28.5 28.5 28.5 28.5 28.5 31.5 31.5 0 
29.5 29.5 29.5 29.4167 29.4167 29.9545 29.9545 29.9545 29.9545 29.9545 29.9545 29.9545 29.9545 29.9545 29.9545 29.9545 29.9545 29.9545 29.9545 29.9545 29.9545 29.9545 29.9545 29.9545 29.9545 29.9545 29.9545 29.9545 29.9545 29.9545 29.9545 29.9545 29.9545 29.9545 29.9545 29.9545 29.4 29.4 29.4 29.4 29.4 29.4 29.4 29.4 0 
29.5 28 28 28 28 28 28 28 28 28 28 28 28 28 28 29.5 29.5 30.5 30.5 30.5 30.5 30.5 30.5 30.5 30.5 30.5 0 
29.5 29.5 29.5 29.5 29.5 29.5 29.4167 29.9545 29.9545 29.9545 29.9545 29.9545 29.9545 29.9545 29.9545 29.9545 29.9545 29.9545 29.9545 29.9545 29.9545 29.9545 29.9545 29.9545 29.9545 31.0556 31.0556 31.0556 31.0556 31.625 31.625 31.625 31.625 31.625 31.625 0 
29.5 29.5 29.5 29.5 29.5 31 31 31 31 31 31 31 31 31 31 31 31 31 31 31 31 30 30 30 30 30 30 30 30 30 30 30 30 30 30 30 30 30 30 30 30 30 30 30 30 30 30.0714 30.0714 30.0714 30.0714 30.0714 0 
29.5 29.5833 32.5 32.5 32.5 32.5 32.5 32.5 32.5 32.5 32.5 32.5 32.5 32.5 32.5 32.5 32.5 32.5 32.5 32.5 32.5 32.5 0 
29.5 29.5 29.5 29.5 29.5 29.5 29.5 29.5 29.5 29.5 29.5 29.5 29.5 29.5 29.5 29.5 29.5 29.5 29.5 29.5 29.5 29.5 29.5 29.5 30 30 30 30 30 30 30 30 28.5 28.5 28.5 28.5 28.5 28.5 28.5 28.5 28.5 0 
29.5 29.5 29.5 29.5 29.5 29.5 29.5 29.5 32 32 32 32 32 32 32 32 32 32 32 32 32 32 32 32 32 32 32 32 32 32 32 32 32 32 32 32 32 32 32 33.5 33.5 33.5 33.5 33.5 33.5 33.5 33.5 33.5 0 
29.5 28 28.75 30 30 30 30 30 30 30 30 30 30 30 30 30 30 30 30 0 
29.5 29.5 29.5 29.5 29.5 29.5 29.5 29.5 29.5 29.5 29.5 29.5 29.5 29.5 31.75 33 33 33 33 33 33 33 33 33 33 33 33 0 
29.5 29.5 27.5 27.5 27.5 27 27 27 27 27 27 26.9286 26.9286 26.9286 0 
29.5 29.5 29.5 29.5833 29.5833 29.5833 29.5833 29.5833 29.5833 29.5833 29.5833 29.5833 29.5833 29.5833 27.9444 27.9444 27.9444 27.9444 27.9444 27.9444 27.9444 27.9444 27.9444 27.9444 27.9444 27.9444 27.9444 27.9444 27.375 27.375 27.375 27.375 27.375 27.375 27.375 27.375 27.375 27.375 27.375 27.375 27.375 27.375 27.375 27.375 27.375 27.375 0 
29.5 29.5 29.5 29.5 32 32 32 32 32 32 32 32 32 32 32 32 32 32 32 32 32 32 31.5 31.5 31.5 31.5 31.5 31.5 31.5 0 
29.5 29.5 29.5 29.5 29.5 29.5 29.5 29.5 29.5 29.5 29.5 29.5 29.5 29.5 29.5 29.5 29.5 29.5 29.5 29.5 29.5 29.5 29.5 29.5 29.5 29.5 29.5 29.5 29.5 29.5 29.5 29.5 29.5 29.5 29.5 29.5 29.5 33 33 33 33 33 33 33 33 33 0 
29.5 29.5 29.5 29.5 29.5 29.5 29.5 29.5 29.5 29.5 29.5 29.5 29.5 29.5 29.4167 29.4167 29.4167 29.4167 29.4167 29.4167 29.4167 26 26 26 26 26 26 26 26 0 
29.5 29.5 29.5 29.5 29.5 29.5 29.5 29 29 29 29 29 29 29 29 29 29 29 29 29 29 29 29 29 29 29 29 29 29 29 30.5 30.5 30.5 30.5 30.5 29.5 29.5 29.5 29.5 29.5 29.5 29.5 29.5 29.5 28.5 28.5 28.5 28.5 28.5 28.5 28.5 28.5 28.5 28.5 28.5 28.5 0 
29.5 29.5 29.5 29.5 29.5 29.5 29.5 29.5 29.5 29.5 29.5 29.5 29.5 29.5 29.5 29.5 31.5 31.5 31.5 31.5 31.5 31.5 31.5 31.5 31.5 31.5 31.5 31.5 31.5 31.5 31.5 31.5 31.5 31.5 31 31 31 31 31 31 31 31 31 31 31 31 32.5 32.5 32.5 32.5 32.5 32.5 32.5 32.5 32.5 32.5 32.5 0 
29.5 29.5 29.5 29.5 29.5 29.5 29.5 29.4167 26.5 26.5 26.5 26.5 26.5 26.5 26.5 26.5 26.5 26.5 27.5 27.5 27.5 27.5 27.5 27.5 27.5 27.5 27.5 27.5 27.5 27.5 27.5 27.5 27.5 27.5 27.5 27.5 27.5 27.5 27.5 27.5 27.5 27.5 27.5 27.5 0 
29.5 29.5 29.5 29.5 29.5 29.5 29.5 29.5 29.5 29.5 29.5 29.5 29.5 29.5 29.5 29.5 29.5 29.5 29.5 29.5 29.5 27 26.5 26.5 26.5 26.5 26.5 26.5 26.5 26.5 26.5 26.5 26.5 26.5 0 
29.5 28 28 28 28 28 26 26 26 26 26 26 26 26 26 26 26 26 26 26 26 26 26 26 26 26 26 0 
29.5 29.5 29.5 29.5 29.5 29.5 29.5 29.5 29.5 29.5 29.4167 29.4167 29.4167 29.4167 29.4167 29.4167 29.4167 29.4167 29.4167 29.4167 29.4167 29.4167 29.4167 29.4167 29.4167 29.4167 29.4167 29.4167 29.4167 29.4167 29.4167 29.4167 33.5 33.5 33.5 33.5 33.5 33.5 33.5 33.5 33.5 33.5 33.5 33.5 33.5 33.5 33.5 33.5 33.5 33.5 0 
29.5 29.5 29.5 29.5 29.5 29.5 29.5 29.5 29.5 29.5 28.5 28.5 28.5 28.5 29.5 29.5 29.5 29.5 29.5 29.5 28.5 28.5 28.5 28.5 28.5 28.5 28.5 28.5 28.5 28.5 28.5 28.5 28.5 28.5 0 
29.5 29.5 29.5 29.5 29.5 29.5 29.5 29.5 29.5 29.5 29.5 29.5 28.5 28.5 28.5 28.5 29.5 29.5 29.5 29.5 29.5 29.5 29.5 29.5 29.5 29.5 29.5 29.5 29.5 29.5 29.5 29.5 29.5 29.5 29.5 29.5 0 
29.5 29.5 29.5 29.5 29.5 29.5 29.5 29.5 29.5 29.5 29.5 29.5 29.5 27.5 27.5 27.5 27.5 27.5 27.5 27.5 27.5 27.625 27.625 0 
29.5 29.5 29.5 29.5 29.5 29.5 29.5 29.5 29.5 29.5 29.5 29.5 29.5 29.5 29.5 32 32 32 32 32 32 30.5 30.5 30.5 30.5 30.5 30.5 0 
29.5 29.5 29.5 29.5 29.5 29.5 29.5 29.5 28.5 28.5 28.5 26.5 0 
29.5 29.5 29.5 29.5 29.5 29.5 29.5 29.5 29.5 29.5 29.5 29.5 29.5 30.5 30.5 30.5 29.5 29.5 29.5 29 29 29.5 29.5 29.5 29.5 0 
29.5 29.5 29.5 28.5 28.5 28.5 28.5 28.5 28.5 28.5 28.5 28.5 28.5 28.5 28.5 28.5 28.5 28.5 28.5 28.5 28.5 28.5 28.5 27.5 27.5 27.5 27.5 27.5 27.5 27.5 27 27 27 27 27 27 27 27 27 27 27 27 27 27 27 27 27 27 27 27 28 28 28 28 28 28.5 28.5 28.5 28.5 28.5 28.5 28.5 28.5 28.5 0 
29.5 29.5 29.5 29.5 29.5 29.5 29.4167 29.4167 29.4167 25.5 25.5 25.5 25.5 25.5 25.5 25.5 25.5 25.5 25.5 25.5 25.5 25.5 25.5 25.5 25.5 25.5 25.5 25.5 25.5 25.5 25.5 25.5 25.5 25.5 25.5 25.5 25.5 25.5 0 
29.5 29.5 29.5 29.5 29.5 29.5 29.5 29.5 29.5 29.5 29.5 29.5 29.5 29.5 27.5 27.5 27.5 27.5 27.5 27.5 27.5 27.5 27.5 27.5 27.5 28.0714 28.0714 0 
29.5 28 28 28 28 28 28 28 28 28 28 28 28 28 28 28 28 28 28 28 28 28 28 28 28 28 28.1667 28.1667 30 30 30 30 30 30 30 30 30 30 30 30 30 30 30 30 30 30 30 30 30 30 30 30 30 30 30 0 
29.5 29.5 29.5 29.5 29.5 29.5 28.5 28.5 28.5 28.5 25.5 25.5 25.5 25.5 25.5 25.5 25.5 25.5 25.5 0 
29.5 29.5 29.5 29.5 29 29 29 29 29 29 29 27.125 26.5 26.5 26.5 26.5 26.5 26.5 26.5 26.5 0 
29.5 29.5 29.5 31.5 31.5 32 32 32 32 33 33 33 33 33 33 33 33 33 33 33 33 33 33 33 33 33 33 33 33 33 33 33 33 33 33 33 33 33 33 33 33 33 33 33 33 33 33 0 
29.5 29.5 29.5 29.5 29.5 29.5 27.5 27.5 27.5 27.5 27.5 28 28 28 28 28 28 28 28 28 28 28 28 28 28 28 27.9286 27.9286 27.9286 27.9286 27.9286 27.9286 27.9286 27.9286 27.9286 0 
29.5 29.5 29.5 29 29 29 29 29 29 29 29 29 29 29 29 30.5 30.5 30.5 30.5 30.5 31 31 31 31 31 31 31 31 31 31 31 31 31 31 30.9286 30.9286 30.9286 30.9286 0 
29.5 29.5 29.5 29.5 29.5 29.5 29.5833 29.5833 33 33 33 33 33 33 33 33 33 33 33 33 33 33 33 33.5 33.5 33.5 33.5 33.5 33.5 0 
29.5 29.5 29.5 29.5 29.5 31.5 31.5 31.5 31.5 31.5 31.5 31.5 31.5 31.5 31.5 31.5 31.5 31.5 31.5 31.5 31.5 31.5 31 31 31 31 31 31 31 31 31 31 31 31 31 31 31 31 31 31 31 31 31 31 31 31 31 31 31 31 31 31 31 31 31 31 30.9286 0 
29.5 29 29 29 29 29 29 27 27 27 26.5 26.5 26.5 26.5 26.5 26.5 26.5 26.5 26.5 26.5 26.5 26.5 26.5 27.5 27.5 27.5 27.5 27.5 27.5 27.5 0 
29.5 29.5 29.5 29.5 30 30 30 30 30 28 28 28 28 28 28 28 28 28 28 28 28 28 28 28 28 28 27.9286 27.9286 27.9286 27.9286 0 
29.5 29.5 29.5 29.5 32 32 32 32 32 32 32 32 32 32 32 32 32 31.5 31.5 31 31 31 31 31 31 31 31 31 31 31 31 31 31 31 31 31 0 
29.5 29.5 29.5 29.5 29 29 29 29 27.7222 26.5 27.5 0 
29.5 28 28 28 28 28 28 28 28 28 28 28 27 27 27 27.5 27.5 27.5 27.5 27.5 27.5 27.5 27.5 27.5 27.5 27.5 27.5 27.5 27.5 27.5 27 27 27 27 27 27 27 27 27 0 
29.5 29.5 29.4167 29.4167 25.5 25.5 25.5 25.5 25.5 25.5 25.5 25.5 25.5 25.5 25.5 0 
29.5 29.5 29.5 29.5 29.5 29.5 29.5 29.5 29.5 29.5 31 31 31 30 30 30 30 30 30 30 30 30 30 30 30 30 30 30 30 30 31 31 31 31 31 31 31 31 31 31 31 31 31 31 31 31 31 31 31 31 31 31 31 31 31 31 0 
29.5 30 30 30 30 31.5 31.5 31.5 31.5 31.5 31.5 31.5 31.5 31.5 31.5 31.5 31.5 31.5 31.5 31.5 31.5 31.5 32 32 32 32 32 32 32 32 31.5 31.5 31.5 31.5 31.5 32.5 32.5 32.5 32.5 32.5 32.5 0 
29.5 29.5 29.5 29.5 31 31 31 31 31 31 31 31 31 31.0556 31.0556 29.9286 29.9286 29.9286 29.9286 29.9286 29.9286 29.9286 29.9286 29.9286 29.9286 29.9286 29.9286 29.9286 29.9286 29.9286 29.9286 29.9286 29.9286 29.9286 29.9286 29.9286 29.9286 29.9286 29.9286 29.9286 29.9286 29.9286 29.9286 29.9286 29.9286 29.9286 29.9286 29.9286 29.9286 29.9286 29.9286 29.9286 29.9286 29.9286 29.9286 0 
29.5 29.5 29.5 29.5 29.4167 29.4167 29.4167 29.4167 26.5 26.5 26.5 26.5 26.5 26.5 26.5 26.5 26.5 26.5 26.5 26.5 26.5 26.5 26.5 26.5 27.5 27.5 27.5 27.5 27.5 27.5 27.5 0 
29.5 29.5 29.5 29.5 29.5 29 29 29 27 27 27 27 27 26.9286 26.9286 26.9286 26.9286 0 
29.5 29.5 29.5 29.5 29.5 29.5 32 32 32 32 31.5 31.5 31.5 31.5 31.5 31.5 31.5 31.5 31.5 31.5 31.5 31.5 31.5 31.5 30.5 30.5 30.5 30.5 30.5 30.5 30.5 30.5 30.5 0 
29.5 29.5 29.5 29.5 29.5 29.5 29.5 33 33 33 33 33 33 33 33 33 33 33 33 33 33 33 33 33 33 33 33 33 33 33 33 33 33 33 33 33 33 33 33 33 33 33 33 0 
29.5 29.5 29.5 29.5 29.5 29.5 29.5 29.5 31 31 31.5 31.5 31.5 31.5 31.5 31.5 0 
29.5 29.5 29.5 29.5 29.5 29.5 29.5 29.5 29.5 29.5 29.5 29.5 29.5 29.5 29.5 29.5 29.5 29.5 29.5 27.5 27.5 27.5 27.5 27.5 27.5 27.5 27.5 27.5 27.5 27.5 27.5 27.5 27.5 27.5 28.5 28.5 28.5 28.5 0 
29.5 29.5 29.5 29.5 29.5 29.5 29.5 29.5 29.5 29.5 29.5 29.5 29.5 29.5 29.5 29.5 29.5 29.5 29.5 29.5 29.5 29.5 29.5 29.5 29.5 30.0455 30.0455 30.0455 30.0455 30.0455 26.5 26.5 26.5 26.5 26.5 26.5 26.5 26.5 26.5 0 
29.5 29.5 29.5 29.5 29.5 29.5 29.5 29.5 27 27 27 27 27 27 27 27 27 27 27 27 27 27 27 26 26 26 26 26 0 
29.5 29.5 29.5 29.5 29.5 29.5 29.5 31 31 31 31 31 31 31 31 31 30.9444 30.9444 30.9444 30.9444 30.9444 30.9444 30.9444 30.9444 30.9444 28.5 28.5 28.5 28.5 28.5 28.5 28.5 28.5 28.5 28.5 28.5 28.5 28.5 28.5 0 
29.5 29.5 29.5 29.5 29.5 29.5 29.5 29.5 29.5 29.5 29.5 29.5 29.5 29.5 29.5 29.5 32 32 32 32 32 31.5 31.5 31.5 31.5 31.5 31.5 31.5 31.5 31.5 31.5 31.5 31.5 31.5 31.5 31.5 31.5 0 
29.5 29.5 29.5 29.5 29.5 29.5 30 29 30.5 30.5 30.5 30.5 0 
29.5 29.5 29.5 29.5 29.5 29.5 29.5 29.5 29.5 29.5 29.5 27.5 27.5 27.5 27.5 27.5 27.5 27.5 27.5 27.5 27.5 26 26 25.5 25.5 25.5 25.5 25.5 25.5 25.5 25.5 25.5 25.5 25.5 25.5 25.5 25.5 25.5 25.5 25.5 0 
29.5 29.5 29.5 29.5 29.5 29.5 31 31 31 31 31 31 31 31 31 31 31 31 31 31 31 29.5 29.5 29.5 29.5 29.5 29.5 29.5 0 
29.5 29.5 29.5 29.5 29.5 29.5 29.5 29.5 29.5 29.5 29.5 29.5 29.5833 29.5833 29.5833 29.5833 25.5 25.5 25.5 25.5 25.5 25.5 25.5 25.5 25.5 25.5 25.5 25.5 25.5 25.5 25.5 25.5 25.5 25.5 0 
29.5 29.5 31.5 31.5 31.5 31.5 31.375 31.375 31.375 31.375 31.375 31.375 31.375 31.375 31.375 31.375 0 
29.5 29.5 29.5 29.5 29.5 29.5 29 29 29.0455 29.0455 29.0455 32 32 32 32 32 32 32 32 32 32 32 32 0 
29.5 29.5 29.5 29.5 29.5833 29.5833 25.5 25.5 25.5 25.5 25.5 25.5 25.5 25.5 25.5 25.5 0 
29.5 29 29 29 28.9545 29.5 29.5 29.5 29.5 29.5 29.5 28.375 28.375 0 
29.5 29.5 29.5 31 32 31.5 31.5 31.5 32 32 32 32 31.5 31.5 31.5 31.5 0 
29.5 29.5 28 28 28 28 28 28 28 28 28 27.8333 26 26 26 26 26 25.5 25.5 25.5 25.5 25.5 25.5 25.5 25.5 25.5 25.5 25.5 25.5 25.5 25.5 25.5 25.5 25.5 25.5 25.5 25.5 25.5 25.5 25.5 25.5 25.5 25.5 0 
29.5 29.5 29.5 29.5 29.5 29.5 27.5 27.5 27.5 27.5 27.5 27.5 27.5 26 26 26 26 26 26 26 26 26 26 26 26 25.5 25.5 0 
29.5 29.5 29.5 29.5 29.5 29.5 29.5 29.5 29.5 29.5 29.5 29.5 29.5 30.5 30.5 30.5 30.5 30.5 30.5 30.5 30.5 30.5 30.5 30.5 30.5 30.5 30.5 30.5 30.5 30.5 30.4 30.4 30.4 30.4 32.0714 32.0714 32.0714 32.0714 32.0714 32.0714 32.0714 32.0714 32.0714 32.0714 32.0714 32.0714 32.0714 32.0714 32.0714 32.0714 32.0714 32.0714 32.0714 0 
29.5 29.5 29.5 29.5 29.5 29.5 28 28 28 28 28 28 28 28 28 28 28 28 28 28 27 27 27 27 27 27 27 27 27 27 26.9286 26.9286 26.9286 26.9286 26.9286 26.9286 26.9286 26.9286 26.9286 26.9286 26.9286 26.9286 26.9286 26.9286 26.9286 26.9286 26.9286 26.9286 26.9286 0 
29.5 29.5 29.5 29.5 29.5 29.5 29.5 29.5 29.5 29.5 29.5 29.5 29.5 29.5 29.5 29.5 29.5 29.5 29.5 29.5 26 26 26 26 26 26 25.5 25.5 25.5 0 
29.5 29.5 29.5 29.5 29.5 29.5 29.5 29.5833 29.5833 29.5833 29.5833 29.5833 29.5833 29.5833 27.375 27.375 27.375 0 
29.5 31.5 31.5 31.5 31.5 31.5 31.5 31.5 31.5 31.5 31.5 31.5 31.5 31.5 31.5 31.5 31.5 33 33 33 33 33 33 33 33 33 33 33 33 33 33 33 33 33 33 33 33 33 33 0 
29.5 29.5 28 28 28 28 28 28 28 28 26 26 0 
29.5 29.5 29.5 29.5 29.5 29.4167 26.5 26.5 26 26 26 26 0 
29.5 29.5 29.5 29.5 29.5 29.5 29.5 29.5 29.5 29.5 29.5 29.5 29.5 29.5 29.5 29.5833 29.5833 29.5833 29.5833 29.5833 29.5833 29.5833 29.5833 29.5833 29.5833 29.5833 29.5833 29.5833 29.5833 29.5833 29.5833 29.5833 29.5833 29.5833 29.5833 29.5833 29.5833 29.5833 32.5 32.5 32.5 32.5 32.5 32.5 32.5 32.5 32.5 32.5 32.5 32.5 32.5 32.5 32.5 32.5 32.5 31.5 31.5 31.5 31.5 31.5 31.5 31.5 31.5 31.5 31.5 0 
29.5 29.5 29.5 28 28 26.5 26.5 26.5 26.5 26.5 26.5 26.5 26.5 26.5 27 27 27 27 27 27 27 27 27 27 27 27 27 27 27 27 27 27 27 27 27 27 27 27 27 27 27 26.5 26.5 26.5 26.5 26.5 26.5 26.5 26.5 26.5 26.5 26.5 26.5 26.5 26.5 26.5 26.5 26.5 0 
29.5 29.5 29.5 29.5 29.5 29.5 29.5 29.5 29.5 29.5 29.5 29.5 29.5 29.5 29.5 29.5 29.5 29.5 29.5 29.5 27.5 29 29 29 29 29 29 29 29 29 0 
29.5 28 28 28 28 28 28 28 28 28 28 28 28 28 29.3571 30 30 30 29.5 0 
29.5 29.5 29.5 29.5 29.5 29.5 29.5 29.5 27 27 27.5 27.5 27.5 27.5 27.5 27.5 27.5 27.5 27.5 27.5 27.5 26.5 0 
29.5 29.5 29.5 29.5 29.5 29 29 29 29 29 29 29 29 29.0455 29.0455 29.0455 32 32 32 0 
29.5 29.5 29.5 29.5 29.5 28.5 28.5 28.5 28.5 28.5 28.5 28.5 28.5 28.5 28.5 27.5 27.5 27.5 27.5 27.625 27.625 27.625 0 
29.5 29.5 29.5 29.5 29.5 29.5 29.5 29.5 29.5 29.5 29.5 31.5 31.5 31.5 31.5 31.5 31.5 32 32 32 32 32 32 32 32 32 32 33 0 
29.5 29.5 29.5 29.5 29.5 29.4167 29.4167 29.4167 29.4167 26 0 
29.5 29.5 29.5 29.5 29.5 29.5 29.5 29 29 29 29 29 29 29 29 29 26.5 26.5 26.5 26.5 26.5 26.5 26.5 26.5 26.5 26.5 26.5 26.5 26.5 26.5 26.5 26.5 26.5 26.5 26.5 27 27 27 0 
29.5 29.5 29.5 29.5 29.5 29.5 29.5 29.5 27.5 27.5 27.5 27.5 27.5 27.5 27.5 27.5 0 
29.5 29.5 29.5 29.5 29.5 29.5 29.5 29.5 29.5 29.5 29.5 29.5 29.5 29.5 29.5 29.5 30.5 30.4 30.4 30.4 30.4 30.4 30.4 30.4 30.4 30.4 30.4 30.4 30.4 30.4 30.4 30.4 30.4 28 28 28 28 28 28 28 28 28 28 28 28 0 
29.5 30 30 30 30 32.5 32.5 32.5 32.5 32.5 32.5 31.5 31.5 31.5 31.5 31.5 31.5 31.5 31.5 31.5 31.5 31.5 31.5 31.5 31.5 31.5 31.5 31.5 31.5 31.5 31.5 31.5 31.5 31.5 31.5 31.5 31.5 31.5 31.5 31.5 0 
29.5 27 27 27 27 27 27 27 27 27 27 27 27 27 27 27 27 27 27 27 27 27 27 27 27 27 27 27.0714 27.0714 27.0714 27.0714 27.0714 27.0714 27.0714 27.0714 27.0714 27.0714 27.0714 27.0714 27.0714 27.0714 27.0714 27.0714 27.0714 27.0714 27.0714 27.0714 27.0714 27.0714 27.0714 27.0714 27.0714 27.0714 27.0714 27.0714 27.0714 27.0714 0 
29.5 29.5 29.5 29.5 29.5 29.5 29.5833 29.5833 29.5833 29.5833 29.5833 29.5833 27.375 27.375 27.375 27.375 27.375 27.375 27.375 27.375 27.375 0 
29.5 29.5 27.5 27.5 27.5 27.5 27.5 27.5 27.5 27.5 27.5 27.5 27.5 27.5 27.5 27.5 27.5 27.5 27.5 27.5 0 
29.5 29.5 29.5 29.5 29.5 29.5 29.5 29.5 26 26 26 26 26 26 26 26 26 26 26 26 26 26 26 26 26 26 26 26 26 26 26 26 26 26 26 26 26 26 26 26 26 0 
29.5 29.5 29.5 29.5 29.5 29.5 29.5 29.5 29.5 29.5 29.5 29.5 29.5 29.5 29.5833 29.5833 29.5833 29.5833 28.5 28.5 28.5 28.5 28.5 28.5 28.5 28.5 28.5 28.5 28.5 28.5 27.375 27.375 27.375 27.375 27.375 27.375 27.375 0 
29.5 29.5 29.5 29.5 29.5 29.5 29.5 29.5 29.5 29.5 29.5 27.5 27.5 27.5 27.5 27.5 27.5 27.5 27.5 27.5 27.5 27.5 27.5 27.5 27.5 27.5 27.5 27.5 27.5 27.5 27.5 27.5 27.5 28 28 28 28 28 28 28 29.5 29.5 29.5 29.5 29.5 29.5 29.5 29.5 29.5 29.5 29.5 29.5 29.5 29.5 29.5 29.5 29.5 0 
29.5 29.5 29.5 31 31 31 31 31 31 31 31 31 31 31 31 31 31 31 31 31 31 31 32 32 32 32 32 32 32 31 31 31 31 31 31 31 31 31 31 31 31 31 31 31 31 31 31 31 31 0 
29.5 29.5 28.5 28.5 28.5 28.5 27.5 27.5 27.5 27.5 27.5 27.5 26 26 26 26 26 26 0 
29.5 29.5 29.5 29.5 29.5 29.5 29.5 29.5 29.5 29.5 29.5 29.5 29.5 29.5 29.5 29.5 29.5 29.5 29.5 29.5 29.5 29.5 29.5 29.5 29.5 29.5 29.5 29.5 29.5 29.5 29.5 29.5 29.5 29.5 29.5 29.5 29.5 29.5 29.5 29.5 29.5 27 27 27 27 25.5 0 
29.5 29.5 29.5 29.5 29.5 29.5 32 32 31 31 31 30.5 0 
29.5 29.5 29.5 29.5 29.5 29.5 29.5 29.5 29.5 29.5 29.5 29.5 29.5 29.5833 29.5833 33.5 33.5 33.5 33.5 33.5 33.5 33.5 33.5 33.5 33.5 33.5 33.5 33.5 33.5 33.5 33.5 33.5 33.5 33.5 33.5 33.5 33.5 33.5 33.5 0 
29.5 29.5 29.5 29.5 29.5 29.5 29.5 29.5 29.5 29.5 29.5 29.5 29.5 29.5 29.5 29.5 29.5 29.5 29.5 26.6429 26 26 26 26 26 26 26 26 26 26 26 26 26 26 26 26 26 26 26 26 26 26 26.5 26.5 26.5 0 
29.5 29.5 29.5 29.5 29.5 29.5 29.5 29.5 29.4167 29.4167 29.4167 29.4167 29.4167 29.4167 26.5 26.5 25.5 25.5 25.5 25.5 25.5 25.5 0 
29.5 29.5 31.5 31.5 31.5 31.5 31.5 31.5 31.5 31.5 31.5 31.5 31.5 31.5 31.5 31.5 31.5 31.5 31.5 31.5 31.5 31.5 31.5 31.5 31.5 31.5 31.5 31.5 31.5 31.5 31.5 31.5 30.5 30.5 30.5 30.5 30.5 30.5 30.5 30.5 30.5 30.5 30.5 30.5 30.5 30.5 30.5 30.5 30.5 30.5 29.5 29.5 29.5 29.5 29.5 29.5 29.5 29.5 29.5 29.5 29.5 29.5 29.5 29.5 29.5 29.5 0 
29.5 29.5 29.5 29.5 29.4167 29.4167 29.4167 29.4167 26 26 26 26 26 26 26 26 26 26 26 26 26 26 26 26 26 26 26 26 26 26 26.5 26.5 26.5 26.5 26.5 26.5 26.5 26.5 26.5 26.5 26.5 26.5 26.5 26.5 26.5 26.5 26.5 26.5 26.5 26.5 26.5 26.5 26.5 26.5 26.5 26.5 26.5 26.5 26.5 26.5 26.5 26.5 26.5 26.5 26.5 26.5 26.5 26.5 26.5 26.5 26.5 26.5 26.5 26.5 26.5 0 
29.5 29.5 29.5 28.5 28.5 28.5 28.5 28.5 28.5 28.5 28.6 28.6 28.6 0 
29.5 29.5 29.5 29.5 29.5 29.5 29.5 32 32 32 32 32 32 32 32 32 32 32 32 32 32 32 32 32 32 32 32 32 32 32 32 31.9286 0 
29.5 29.5 29.5 29.5 29.5 29.5 30 29.5 29.5 29.5 29.5 30.5 30.5 30.5 30.5 30.375 30.375 30.375 30.375 30.375 30.375 30.375 28.5 28.5 28.5 28.5 28.5 28.5 28.5 28.5 28.5 28.5 28.5 28.5 28.5 28.5 0 
29.5 29.5 29.5 29.5 29 27 27 27 27 27 27 27 27.5 27.5 27.5 27.5 26.5 26.5 0 
29.5 29.5 29.5 29.5 29.5 29.5 29.5 29.5 29.5 29.5 29.5 29.5 29.5 29.5 29.5 29.5 29.5 29.5 29.5 29.5 29.5 29.5 29.5 29.5 29.5 29.5 29.5 29.5 29.5 29.5 29.5 29.5 29.5 32 32 32 32 32 32 32 32 32 32 32 32 32 32 32 32 32 32 33.5 33.5 33.5 33.5 33.5 0 
29.5 28.5 28.5 28.5 28.5 28.5 28.5 28.5 28.5 31.5 31.5 31.5 0 
29.5 29.5 29.5 29.5 29.5 29.5 29.5 28.5 28.5 28.5 28.5 28.5 28.5 28.5 28.5 28.5 28.5 28.5 28.5 28.5 28.5 28.5 28.5 28.5 31.5 31.5 31.5 31.5 31.5 31.5 31.5 31.5 31.5 31.5 31.5 31.5 31.5 31.5 31.5 31.5 31.5 31.5 31.5 31.5 0 
29.5 29.5 29.5 29.5 29.5 31.5 31.5 31.5 31.5 31.5 31.5 31.5 31.5 31.5 31 31 31 31 31 31 31 31 31 31 31 31 31 31 31 31 31 31 31 31 31 31 31 31 31 31 29.5 29.5 29.5 29.5 29.5 29.5 29.5 0 
29.5 29.5 29.5 29.5 29.5 29.5 28 28 28 28 28 28 28 28 28 27.8333 26 26 26 26 26 26 26 26 26 26 26 26 26 26 26 26 25.5 25.5 25.5 25.5 25.5 25.5 25.5 0 
29.5 30 30 30 30 30 30 30 30 30 30 30 30 30 30 30 30 30 30 30 30 30 30 32 32 32 32 32 32 32 32 32 31 31 31 31 31 31 31 31 0 
29.5 29.5833 29.5833 29.5833 29.5833 29.5833 29.5833 29.5833 32.5 32.5 32.5 0 
29.5 29.5 29.5 29.5 29.5 29.5 29.5 29.5 29.5 29.5 29.5 29.5 29.5 29.5 29.5 29.5 29.5 29.5 30.5 30 30 30 30 30 30 30 30 31.5 31.5 31.5 31.5 31.5 31.5 0 
29.5 29.5 29.5 29 29 29 29 29 29 29 29 29 29 29 29 29 29 29 29 29 29 29 29 29 30.5 30.5 30.5 30.5 30.5 30.5 30.5 30.5 30.5 30.5 30.5 30.5 30.5 30.5 30.5 30.5 30.5 30.5 30.5 30.5 30.5 0 
29.5 29.5 27 27 27 27 27 27 27 27 27 27 27 27 27 26.9286 26.9286 26.9286 26.9286 26.9286 26.9286 26.9286 26.9286 26.9286 26.9286 26.9286 26.9286 26.9286 26.9286 26.9286 26.9286 0 
29.5 29.5 29.5 29.5 29.5 29.5 29.5 29.5 29.5 29.5 29.5 29.5 29.5 29.5 29.5 31 31 30.8333 29 29 29 29 29 29 29 29 29 29 29 29 29 29 29 29 29 29 29 0 
29.5 29.5 29.5 29.5 29.5 29.5 29.5 29.5 29.5 29.5 29.5 31.5 31.5 31.5 31.5 31.5 31.5 31.5 31.5 31.5 31.5 31.5 31.5 31.5 31.625 31.625 31.625 31.625 31.625 31.625 31.625 31.625 0 
29.5 29.5 30.5 30.5 30.5 30.5 30.5 30.5 30.5 30.5 29.5 29.5 29.5 29.5 29.5 29.5 29.5 29.5 29.5 29.5 29.5 29.5 29.5 29.5 29.5 29.5 29.5 29.5 29.5 29.5 29.5 29.5 29.5 29.5 28.5 28.5 28.5 28.5 28.5 28.5 28.5 28.5 28.5 28.5 28.5 28.5 0 
