0 0 0 0 0 0 0 0 25 
0 0 0 0 0 0 0 0 0 0 0 0 0 0 0 0 0 0 0 0 25 
0 0 0 0 0 0 0 0 0 0 0 25 
0 0 0 0 0 0 0 0 0 0 0 0 0 0 25 
0 0 0 0 3 3 25 
0 0 0 0 0 0 0 0 0 0 0 0 0 0 0 0 0 0 0 0 0 0 0 0 25 
0 0 0 0 0 0 1 1 1 1 1 1 1 1 2 2 2 2 2 2 2 2 2 2 2 2 2 2 2 3 25 
0 0 0 0 0 0 0 0 0 0 0 25 
0 0 0 0 0 0 1 10 25 
0 0 0 0 0 0 0 0 0 0 0 0 0 0 0 0 0 0 0 25 
0 0 0 0 0 0 0 0 0 0 0 0 0 0 25 
0 0 0 0 0 0 0 0 0 0 0 0 0 0 0 0 0 0 0 0 0 0 0 25 
0 0 0 0 0 0 0 0 0 0 0 0 0 25 
0 0 0 0 0 0 16 2 25 
0 0 0 0 0 0 0 3 3 3 3 3 3 3 3 2 0 0 0 0 0 0 0 0 0 0 0 25 
0 0 0 0 0 0 0 0 0 0 0 0 0 0 0 0 0 0 0 0 0 0 0 0 0 0 0 0 0 0 1 0 1 2 2 3 2 11 7 25 
