59.5025 0 
59.4977 59.5139 59.5448 59.5115 0 
59.4914 59.4746 59.4972 0 
59.4862 0 
59.4646 0 
59.473 59.5 59.4799 0 
59.4947 59.4976 59.5344 59.496 59.4751 0 
59.4826 0 
59.5075 59.4694 0 
59.4832 0 
59.5169 59.5158 0 
59.5025 59.5095 0 
59.5006 0 
59.4953 59.493 59.4992 59.4866 59.5355 0 
59.485 0 
59.4931 0 
59.506 59.4832 59.4686 59.4973 59.4768 59.5549 0 
59.5111 0 
59.4923 59.4809 0 
59.5164 0 
59.497 0 
59.4839 59.459 0 
59.4934 0 
59.4964 59.544 0 
59.4961 59.4828 0 
59.5074 0 
59.5006 59.4472 59.4972 59.5069 0 
59.4857 59.4732 0 
59.5128 59.4707 59.5025 59.4967 59.5239 59.4999 0 
59.4892 59.5075 59.5061 0 
59.4908 0 
59.486 59.4449 0 
59.495 59.4926 59.4932 59.5164 0 
59.5265 59.4972 59.4635 0 
59.5105 59.4828 0 
59.5015 59.5054 0 
59.4961 59.5025 59.5405 0 
59.4999 0 
59.4671 59.4725 59.4954 0 
59.5054 59.5002 59.4618 59.4901 59.5048 0 
59.5011 0 
59.4745 59.5119 0 
59.5097 59.496 0 
59.5331 0 
59.4656 0 
59.4826 0 
59.5398 0 
59.4945 0 
59.4564 0 
59.5117 0 
59.4798 59.474 59.5006 0 
59.499 0 
59.4678 59.5038 0 
59.5119 59.4967 0 
59.4737 59.4791 59.4529 59.4528 0 
59.485 59.4943 0 
59.4755 59.5032 59.4921 0 
59.4847 0 
59.4997 0 
59.4873 0 
59.4915 0 
59.4884 59.5031 0 
59.4581 0 
59.4708 0 
59.4733 59.4959 59.4835 0 
59.4865 59.4776 59.45 59.5177 0 
59.4968 0 
59.471 0 
59.5032 59.4992 0 
59.4916 59.512 0 
59.5358 0 
59.51 0 
59.5089 59.4978 0 
59.5053 59.5347 0 
59.4961 0 
59.4739 59.4989 0 
59.4926 0 
59.5069 0 
59.4915 0 
59.4966 0 
59.4874 0 
59.5149 0 
59.515 59.503 59.4625 59.4887 59.4942 0 
59.4838 0 
59.506 59.4942 0 
59.4908 0 
59.487 0 
59.4913 0 
59.4798 59.5134 0 
59.4955 0 
59.4967 59.4882 59.4962 59.5066 0 
59.487 0 
59.4934 0 
59.4845 0 
59.5002 0 
59.4874 59.4936 0 
59.5239 59.5062 0 
59.5173 59.4945 0 
59.4981 0 
59.4906 59.4973 0 
59.4986 0 
59.4977 0 
59.5291 59.5023 0 
59.4755 59.4662 59.5238 0 
59.4634 0 
59.4966 59.5342 0 
59.4927 0 
59.5001 59.4991 0 
59.5078 0 
59.4996 0 
59.4912 0 
59.4845 59.4586 59.4902 0 
59.5001 59.4752 59.4699 0 
59.485 0 
59.4629 0 
59.4896 59.5035 59.4854 59.4494 0 
59.479 59.4739 59.4458 59.4809 59.5065 0 
59.4996 59.5046 0 
59.4884 0 
59.4932 0 
59.4976 0 
59.5007 0 
59.4888 0 
59.5378 0 
59.497 0 
59.4754 0 
59.5182 0 
59.5138 59.5141 0 
59.5025 59.4966 0 
59.4911 59.5356 59.4534 59.5078 0 
59.4935 0 
59.5258 0 
59.4881 59.491 59.5002 0 
59.4569 59.5057 59.5065 59.5089 0 
59.466 59.5084 0 
59.4956 59.4974 59.5076 59.5047 59.5061 0 
59.5272 59.4955 59.4972 59.4875 59.494 59.5181 0 
59.4804 0 
59.5051 0 
59.4873 59.486 59.5091 0 
59.4983 0 
59.4969 0 
59.5198 0 
59.4973 59.4883 0 
59.5085 59.484 59.4897 59.5289 0 
59.5103 59.5235 0 
59.5072 0 
59.5019 0 
59.5048 59.4816 59.511 0 
59.4777 59.4855 59.5018 0 
59.4726 59.4646 0 
59.5024 59.505 0 
59.5121 59.4705 59.497 59.4868 59.4953 59.4884 0 
59.4915 0 
59.4813 59.5226 0 
59.5013 59.5141 0 
59.4912 0 
59.4918 59.4778 59.4837 0 
59.5189 59.4668 59.4995 59.5094 59.5019 59.4674 0 
59.4908 0 
59.5051 0 
59.4905 59.5234 59.4511 0 
59.499 59.4851 59.4874 0 
59.4926 0 
59.4938 59.4835 59.5028 59.5027 0 
59.4677 59.5065 0 
59.4652 0 
59.4973 59.4899 59.4995 0 
59.5128 59.46 59.4846 59.4856 59.4793 59.5096 59.4936 0 
59.5061 59.5221 0 
59.4812 59.4999 59.461 0 
59.492 0 
59.5116 59.4837 59.4972 0 
59.4718 59.4966 59.5036 59.5055 59.4975 0 
59.5106 59.4926 0 
59.4845 0 
59.5018 0 
59.5052 0 
59.4593 59.5049 0 
59.5027 59.506 59.5011 59.5087 0 
59.4922 0 
59.4761 0 
59.4837 0 
59.5225 59.5052 59.5072 59.5202 59.478 59.5233 0 
59.5124 0 
59.4889 59.4823 59.463 0 
59.5109 0 
59.5054 0 
59.5061 59.4912 59.4913 0 
59.4973 0 
59.5001 59.5043 59.4146 0 
59.482 59.5337 0 
59.4858 0 
59.505 0 
59.4486 59.4231 59.5164 59.4883 59.4995 59.5023 0 
59.504 0 
59.5097 59.5218 59.4929 59.4758 59.4787 59.4525 59.5113 0 
59.5244 0 
59.5039 0 
59.4842 59.4977 0 
59.5051 0 
59.5035 0 
59.5294 0 
59.5132 59.4797 59.502 59.4899 59.496 59.5686 0 
59.4714 0 
59.5022 59.4893 59.4594 0 
59.4795 59.51 0 
59.4994 59.4987 0 
59.5035 0 
59.5115 0 
59.4934 59.5073 0 
59.4871 0 
59.5224 59.503 59.4921 59.497 59.4739 0 
59.4744 59.4833 0 
59.4906 0 
59.5112 0 
59.4847 59.4933 59.4971 0 
59.4824 59.5266 59.519 59.506 0 
59.4769 59.5021 0 
59.4835 59.4941 59.4914 0 
59.5085 59.5172 0 
59.4838 0 
59.5137 59.4869 59.5013 59.5127 0 
59.503 0 
59.4666 59.516 0 
59.4919 59.5007 0 
59.4953 0 
59.4672 59.5102 59.5136 59.5047 0 
59.4939 0 
59.5326 0 
59.4919 59.5065 0 
59.5229 0 
59.4757 0 
59.4936 59.4359 0 
59.4825 0 
59.4884 0 
59.5117 0 
59.492 0 
59.4769 59.4727 59.4862 0 
59.5032 59.4939 59.5049 0 
59.4871 59.4928 0 
59.4853 59.5016 0 
59.5237 59.4884 0 
59.4841 0 
59.501 59.4857 59.4693 59.503 59.4704 0 
59.5285 59.5022 0 
59.5189 59.4731 59.5041 59.4947 0 
59.4983 59.5145 0 
59.5078 0 
59.538 59.4933 59.4947 59.5314 0 
59.4768 0 
59.5007 0 
59.471 59.491 59.4588 59.4706 59.5033 59.4986 0 
59.4966 59.5051 0 
59.5092 0 
59.4863 59.4911 59.5091 0 
59.4955 59.5149 59.4851 0 
59.4779 59.513 59.4804 59.4941 0 
59.4898 0 
59.4707 59.4888 0 
59.5008 59.4879 59.4646 0 
59.4931 59.5185 59.4813 59.5354 59.4992 0 
59.4961 59.4964 59.5 59.5236 59.5471 59.4188 59.4829 0 
59.4966 59.4899 59.5281 0 
59.5013 59.4968 59.4993 59.5029 59.4995 59.4989 59.5148 0 
59.5034 59.4952 59.4715 0 
59.5053 59.5105 0 
59.465 59.5 59.4684 0 
59.4937 0 
59.4667 0 
59.4879 59.4892 0 
59.4994 0 
59.506 59.505 59.5114 0 
59.4892 0 
59.5161 0 
59.5051 0 
59.5214 59.4877 59.5319 59.5123 59.5084 0 
59.4691 59.5259 59.5028 0 
59.4743 59.4657 0 
59.4898 59.4943 0 
59.4813 0 
59.49 0 
59.5309 0 
59.4925 0 
59.4971 59.452 0 
59.495 59.523 59.5497 59.4972 0 
59.5206 0 
59.4943 59.495 0 
59.5081 0 
59.4814 0 
59.5251 0 
59.5332 59.4885 0 
59.5125 59.4866 0 
59.5229 59.4995 59.4946 0 
59.4986 59.4422 0 
59.5312 59.487 59.4807 59.5086 59.4682 0 
59.4978 59.5151 59.4924 0 
59.5132 0 
59.4848 59.4874 0 
59.4913 59.4941 0 
59.4753 59.494 59.4956 59.4924 59.4826 59.5053 0 
59.5034 59.4782 59.4833 59.4954 59.4887 59.4905 0 
59.4944 59.538 59.5056 0 
59.4832 0 
59.4956 59.4671 0 
59.515 59.4931 59.4951 59.5032 0 
59.4738 59.5518 0 
59.4807 0 
59.4801 0 
59.491 0 
59.4853 0 
59.5111 59.4729 0 
59.4896 59.5442 59.5108 59.4685 0 
59.5072 59.5054 0 
59.4667 59.502 59.4576 0 
59.5209 0 
59.4971 0 
59.4991 0 
59.4953 0 
59.4836 0 
59.5132 59.4939 0 
59.494 59.4715 59.4746 0 
59.5042 59.5093 0 
59.4997 0 
59.4815 59.4274 59.4618 0 
59.4847 0 
59.5203 59.5021 0 
59.5099 59.506 0 
59.5067 0 
59.4742 59.505 59.496 59.4305 0 
59.4916 0 
59.4968 59.5344 0 
59.4839 0 
59.5019 0 
59.4686 0 
59.5094 59.5071 59.4882 0 
59.4771 59.4888 59.499 0 
59.5015 0 
59.5031 59.4805 0 
59.4606 0 
59.4902 0 
59.5054 0 
59.512 59.4563 59.4903 59.5201 0 
59.5365 0 
59.4873 59.5019 0 
59.5015 0 
59.4878 0 
59.5155 0 
59.4873 59.4972 0 
59.4875 59.4568 59.499 0 
59.5013 0 
59.515 0 
59.4956 59.5259 0 
59.502 0 
59.509 0 
59.4746 59.5127 0 
59.4972 59.5278 59.4598 0 
59.5192 59.459 0 
59.5044 59.4688 59.5352 0 
59.4749 0 
59.509 59.5085 0 
59.5036 59.4336 59.4935 59.5009 59.49 59.4799 0 
59.4849 59.5058 59.4869 59.511 59.5023 59.4953 59.4955 0 
59.4953 59.4971 0 
59.5162 0 
59.4834 59.4864 0 
59.512 59.4914 59.4898 59.5152 0 
59.4925 59.497 0 
59.5066 59.4732 0 
59.4975 59.4697 0 
59.4959 59.4973 0 
59.501 0 
59.4869 59.507 0 
59.502 0 
59.4785 59.4973 59.4831 59.4947 59.4958 0 
59.4881 59.506 59.5068 0 
59.5038 59.5095 59.498 59.4571 59.5399 0 
59.4773 59.5125 0 
59.4748 59.5255 0 
59.5108 0 
59.5032 59.4591 59.4887 0 
59.501 0 
59.4867 59.5147 0 
59.4969 0 
59.4778 59.5066 0 
59.4614 59.4956 0 
59.5035 0 
59.5111 0 
59.5217 59.4933 0 
59.5131 0 
59.4852 0 
59.496 0 
59.5135 0 
59.4967 0 
59.5141 0 
59.494 0 
59.4707 59.4898 59.5224 0 
59.4795 59.4846 0 
59.4881 59.4859 59.5221 59.5096 0 
59.4972 0 
59.4682 59.4939 59.4912 0 
59.4804 0 
59.4802 59.4906 0 
59.5249 0 
59.5258 59.5111 0 
59.5105 59.5008 0 
59.4956 0 
59.4973 0 
59.5026 0 
59.4818 0 
59.4862 0 
59.5212 0 
59.4945 59.4976 59.5138 59.483 59.494 59.468 0 
59.4949 59.4726 0 
59.5143 59.4644 59.5175 0 
59.4749 0 
59.4883 59.503 59.5271 59.4244 0 
59.5028 0 
59.5302 0 
59.5088 59.5161 59.4342 0 
59.493 59.5068 0 
59.5201 59.4932 0 
59.4897 59.4783 59.4762 59.5192 59.4646 0 
59.4739 0 
59.5065 59.4731 59.5094 59.4771 59.4919 59.5484 59.4852 0 
59.4996 59.4932 59.491 0 
59.4968 0 
59.494 0 
59.5226 59.5058 59.4909 59.4837 59.5033 59.4365 0 
59.4763 0 
59.4962 0 
59.5043 0 
59.5033 59.4979 59.4981 0 
59.5006 59.4745 59.48 59.507 0 
59.4872 0 
59.468 0 
59.494 59.4757 59.4809 59.5068 0 
59.4947 0 
59.4935 59.5063 59.4983 0 
59.4862 59.4997 0 
59.5068 59.5004 59.4537 59.4946 59.5009 0 
59.4827 0 
59.4917 59.5061 0 
59.4929 59.4952 59.4747 59.441 59.4666 59.5162 0 
59.5076 0 
59.5197 59.5008 0 
59.4972 0 
59.5059 0 
59.4839 59.5067 0 
59.4981 59.4976 59.4739 0 
59.4945 0 
59.4876 0 
59.4757 0 
59.4978 0 
59.4747 59.5171 59.4814 59.4904 0 
59.4667 0 
59.5042 59.4942 0 
59.4704 0 
59.5118 59.4924 0 
59.4859 59.5139 0 
59.4951 59.5082 0 
59.4971 59.4633 0 
59.4974 0 
59.4859 0 
59.4894 59.5114 59.4766 0 
59.4583 59.4958 0 
59.4829 59.5323 59.4929 59.5186 59.5049 0 
59.4626 0 
59.4921 0 
59.4863 59.4868 59.4901 59.5279 0 
59.5021 0 
59.5151 0 
59.4897 59.4702 0 
59.4891 0 
59.4592 0 
59.5307 0 
59.4813 59.4757 0 
59.4798 59.4941 0 
59.5071 59.4899 0 
59.4993 59.4282 0 
59.5066 0 
59.5129 59.4594 59.4877 59.4792 0 
59.4794 59.5183 0 
59.4968 59.4777 59.4911 59.4913 59.4849 59.5127 59.5122 0 
59.4722 59.4785 0 
59.5172 0 
59.5222 0 
59.4931 59.4902 0 
59.5024 0 
59.4887 59.4937 59.4814 59.4873 59.4974 0 
59.4818 59.4989 59.502 59.5019 0 
59.5215 59.4837 59.483 0 
59.4943 59.5011 59.4983 59.494 59.4697 59.4827 0 
59.4893 59.491 0 
59.5001 0 
59.4914 59.4874 59.4897 59.5327 59.4949 0 
59.495 59.4947 59.4943 59.5088 0 
59.5052 59.4913 0 
59.496 59.5115 0 
59.5143 59.5105 0 
59.5142 59.4857 59.4749 59.4782 0 
59.4994 59.4873 59.4657 59.5068 59.4926 59.4945 0 
59.4955 0 
59.507 0 
59.5062 59.4761 0 
59.5251 59.4884 59.4923 59.5082 59.4992 0 
59.4986 0 
59.5078 59.5158 59.4949 0 
59.4965 0 
59.4789 59.47 59.4998 0 
59.4977 59.4914 0 
59.4962 59.5163 59.4839 59.4845 0 
59.4909 59.5059 0 
59.5128 0 
59.4932 59.4976 59.4867 59.4868 59.4985 59.4759 59.4874 0 
59.4937 59.4844 59.4902 59.4934 0 
59.487 59.5063 0 
59.4934 0 
59.5015 59.4914 59.4996 59.4693 59.4897 59.496 59.4933 0 
59.5069 59.4813 59.4953 0 
59.514 0 
59.4868 59.566 59.4947 0 
59.498 0 
59.4926 59.5062 0 
59.5096 59.4824 59.4909 59.4843 0 
59.5099 0 
59.4977 0 
59.4844 59.4947 59.4536 59.5196 0 
59.4861 59.4858 59.507 0 
59.5034 0 
59.5103 0 
59.4997 0 
59.4976 0 
59.4994 59.4533 59.4829 59.5229 0 
59.5194 0 
59.486 0 
59.4987 59.4951 0 
59.4996 59.4956 59.529 0 
59.4935 59.4808 59.4941 59.4643 59.502 0 
59.4928 0 
59.5361 59.4955 59.4914 59.494 0 
59.4709 0 
59.4992 59.4894 59.5133 0 
59.4879 0 
59.4963 0 
59.4856 59.495 0 
59.5109 59.4926 59.4902 59.4879 0 
59.4981 59.4802 59.5098 59.487 59.4898 0 
59.4909 59.4881 59.4985 59.4948 0 
59.4925 0 
59.4895 59.4499 59.4668 59.4906 0 
59.5147 59.5075 59.5062 59.5005 0 
59.5074 59.506 59.508 0 
59.508 59.4968 0 
59.4674 59.4421 59.4791 0 
59.4947 0 
59.498 0 
59.5042 59.4897 0 
59.5106 59.5007 59.4758 0 
59.4833 59.4884 59.4802 0 
59.4957 59.4997 59.5331 59.5265 0 
59.4962 0 
59.5143 0 
59.4923 0 
59.4985 0 
59.4921 59.4248 59.4733 59.4679 59.4895 59.4846 59.4778 0 
59.4989 0 
59.4902 0 
59.4741 59.4962 59.4837 59.4657 59.4757 0 
59.5116 0 
59.5006 59.5168 59.4968 59.491 0 
59.4799 59.4572 59.4917 0 
59.5133 59.5236 0 
59.5076 0 
59.5044 0 
59.4847 59.4671 0 
59.4665 59.5065 59.4959 0 
59.4945 59.504 0 
59.5048 0 
59.4986 59.4773 59.489 0 
59.4861 59.4976 59.5051 59.5024 59.5043 0 
59.5164 0 
59.4555 0 
59.5011 59.4645 0 
59.4967 0 
59.4773 59.4999 59.491 59.5102 59.4878 0 
59.4642 59.472 0 
59.5143 0 
59.4893 59.4964 59.5242 59.5114 59.5056 0 
59.5012 59.4791 0 
59.4858 59.5443 59.4991 59.4966 59.5022 59.4909 0 
59.4966 0 
59.5038 59.498 59.4757 0 
59.4904 59.4904 0 
59.4708 0 
59.5047 59.52 0 
59.5362 59.5028 59.5022 0 
59.4832 0 
59.4957 59.4935 0 
59.5009 0 
59.4929 59.4919 59.5462 59.5079 59.4899 0 
59.4783 59.4906 59.4995 0 
59.503 59.4883 0 
59.4755 59.4832 59.4885 0 
59.5085 0 
59.4755 0 
59.4945 0 
59.4851 59.5049 0 
59.5091 0 
59.4963 59.5007 59.4788 59.5335 59.5062 0 
59.5005 59.4991 59.4605 59.5371 59.4952 59.4804 0 
59.489 0 
59.5006 0 
59.4734 0 
59.4749 59.4812 0 
59.4851 59.5003 0 
59.5281 0 
59.489 59.5114 0 
59.517 59.489 59.4985 0 
59.493 0 
59.4863 59.4731 59.4937 59.4736 59.5013 59.4929 59.5291 59.4519 0 
59.4942 0 
59.497 0 
59.5132 0 
59.5071 0 
59.5153 0 
59.4949 0 
59.5065 0 
59.4949 0 
59.5122 59.4753 0 
59.4979 0 
59.5004 0 
59.4949 59.5093 0 
59.4929 59.4859 59.4987 0 
59.4908 0 
59.5026 0 
59.5022 0 
59.4805 0 
59.5179 0 
59.4798 59.483 59.4108 0 
59.5171 59.4975 59.4945 59.4797 59.4982 0 
59.4812 0 
59.4778 59.4844 0 
59.495 59.4893 0 
59.5103 59.4793 0 
59.497 0 
59.4869 0 
59.5252 0 
59.5158 59.4585 0 
59.5236 0 
59.5083 59.4981 0 
59.4992 59.5125 0 
59.4889 59.4974 0 
59.4875 59.4776 59.4961 0 
59.498 59.5355 59.4585 59.4939 0 
59.5097 59.5115 0 
59.4812 0 
59.5 59.4408 59.4826 59.49 0 
59.5099 59.5018 59.4905 0 
59.5031 59.4997 59.4843 0 
59.4682 59.4946 0 
59.5011 59.516 0 
59.4884 0 
59.5002 59.4892 59.477 0 
59.4847 0 
59.4795 59.5194 59.4888 59.502 0 
59.4927 59.4907 59.5003 59.505 59.4783 0 
59.4911 59.5005 59.4963 59.5004 0 
59.4756 0 
59.4949 59.4702 59.498 59.4856 0 
59.5191 0 
59.4622 0 
59.4672 59.5269 0 
59.4963 59.4908 59.4879 59.5343 0 
59.5129 59.4725 0 
59.496 0 
59.4964 0 
59.4838 59.4889 59.5092 0 
59.4915 59.5101 59.4902 59.4945 59.4859 59.5283 0 
59.5142 0 
59.5281 59.512 0 
59.5031 0 
59.5006 0 
59.4953 0 
59.5112 0 
59.4969 59.4839 59.52 0 
59.5075 59.4756 59.499 59.4962 0 
59.4936 59.4838 0 
59.4738 0 
59.4898 59.4904 0 
59.4904 0 
59.5087 0 
59.5059 59.542 0 
59.482 59.511 0 
59.4968 59.4724 59.5116 0 
59.4777 0 
59.4787 59.506 59.4918 0 
59.5034 59.4768 0 
59.5003 0 
59.4848 0 
59.5141 59.4891 59.5018 59.4888 59.495 0 
59.4998 0 
59.4947 59.4907 0 
59.4877 0 
59.4861 0 
59.5076 59.4891 59.5003 59.4862 0 
59.524 0 
59.5009 59.4931 0 
59.491 0 
59.4806 59.4984 0 
59.5049 0 
59.502 0 
59.4981 59.514 59.5047 59.4354 59.5285 59.4416 0 
59.4921 59.5093 59.4927 0 
59.5043 59.4522 59.4879 59.4944 0 
59.4998 0 
59.5026 0 
59.5212 0 
59.5078 59.4943 0 
59.4919 59.4968 0 
59.4876 0 
59.4886 0 
59.469 59.4621 0 
59.4796 0 
59.5064 59.5244 59.5271 0 
59.4853 0 
59.5172 0 
59.4861 0 
59.5119 59.484 0 
59.4863 0 
59.4914 0 
59.4885 0 
59.4824 59.4369 59.4632 0 
59.4929 0 
59.4928 59.4727 0 
59.5064 59.4928 0 
59.4811 0 
59.4789 59.4993 59.4819 59.4789 59.4981 0 
59.501 59.5084 59.4958 59.5202 59.5348 0 
59.4919 0 
59.4863 59.506 59.495 59.4956 59.5174 0 
59.4983 0 
59.5029 0 
59.4908 59.5059 0 
59.5002 59.495 59.502 59.4886 0 
59.4828 59.4921 0 
59.5081 59.4888 59.4986 59.5133 59.4895 0 
59.4907 59.4647 59.5028 59.4948 0 
59.5036 59.5191 0 
59.5002 0 
59.4754 0 
59.4855 59.4812 0 
59.5119 0 
59.497 0 
59.4869 0 
59.5083 59.5097 59.491 0 
59.5054 59.4834 0 
59.5096 59.4843 0 
59.4935 59.4803 59.5126 0 
59.4773 0 
59.488 59.4789 0 
59.4638 0 
59.4833 0 
59.5291 0 
59.5044 59.4957 59.513 59.5199 0 
59.5016 0 
59.4882 0 
59.4949 0 
59.4905 59.5265 0 
59.5197 59.4812 0 
59.4778 59.4381 59.4897 0 
59.5139 59.5017 0 
59.4943 0 
59.4926 0 
59.4843 59.4706 59.498 59.5026 59.5155 0 
59.4778 0 
59.4902 59.4935 0 
59.4841 0 
59.5137 59.481 59.484 59.4898 0 
59.5175 0 
59.5286 0 
59.4908 0 
59.4965 0 
59.5043 59.4838 59.5185 59.4916 59.5096 0 
59.4916 59.4987 59.4839 59.4594 59.4819 0 
59.5043 0 
59.4951 0 
59.4926 59.4735 59.486 59.4899 59.4859 59.5144 0 
59.4796 0 
59.476 59.4856 0 
59.4822 0 
59.4894 0 
59.5013 59.5041 0 
59.4871 59.511 59.4919 0 
59.484 0 
59.4794 0 
59.4802 59.5224 0 
59.5319 59.4917 0 
59.4909 59.525 59.4858 59.495 59.4887 0 
59.5045 59.4896 59.4992 0 
59.4951 59.4916 59.4768 0 
59.5247 59.4818 59.5047 0 
59.4875 0 
59.481 59.5383 0 
59.5216 59.4754 59.5008 0 
59.4951 59.4582 59.4678 59.4889 0 
59.4885 0 
59.5033 59.4789 0 
59.5114 59.5008 59.4916 59.5048 0 
59.5027 0 
59.5352 59.4928 0 
59.4575 0 
59.4739 59.5099 59.4756 0 
59.4995 59.484 59.5003 0 
59.4936 0 
59.5311 0 
59.502 59.5031 0 
59.4667 59.4872 0 
59.4977 0 
59.4852 59.5168 59.5088 0 
59.491 59.5008 59.4362 0 
59.5004 59.4738 0 
59.5163 59.4851 0 
59.4918 0 
59.5149 59.4928 59.5087 59.5205 59.4722 0 
59.4774 59.4926 0 
59.5135 59.5079 0 
59.4898 0 
59.5166 0 
59.4907 0 
59.4794 59.5085 59.5022 0 
59.5119 0 
59.4653 0 
59.4913 0 
59.4707 59.4919 0 
59.503 0 
59.5143 59.5023 59.4739 0 
59.4797 59.5159 59.5284 59.5041 0 
59.4708 0 
59.5089 59.4936 0 
59.4858 59.5244 0 
59.4879 0 
59.5215 0 
59.498 0 
59.5135 59.5128 0 
59.5013 59.5336 59.4741 59.5381 0 
59.4871 59.4451 59.496 0 
59.4899 59.5091 0 
59.4954 59.4692 59.4937 0 
59.5088 0 
59.5073 59.5034 59.4877 59.4755 0 
59.4891 0 
59.4882 59.4951 0 
59.5087 59.4752 59.5061 0 
59.4819 0 
59.5016 0 
59.4919 59.5064 0 
59.4711 59.5183 0 
59.4922 0 
59.4923 0 
59.5252 0 
59.4872 59.5005 59.4969 59.5126 59.5326 0 
59.4892 59.4969 59.4717 59.4962 0 
59.477 59.53 0 
59.4924 59.5012 59.4988 0 
59.4927 0 
59.5127 0 
59.4916 0 
59.489 0 
59.4948 0 
59.525 59.5302 0 
59.46 59.4813 59.4776 59.4985 0 
59.4795 0 
59.499 0 
59.5053 59.4938 59.4785 59.4893 0 
59.511 59.4948 59.5152 59.4896 59.5112 0 
59.4836 0 
59.5187 59.5056 59.4746 59.4861 0 
59.5051 59.4991 0 
59.4931 0 
59.4678 0 
59.5015 59.4965 59.5 0 
59.5094 59.4908 0 
59.4995 0 
59.4984 59.481 59.5004 0 
59.4902 0 
59.5205 59.462 0 
59.4954 59.4823 0 
59.4962 0 
59.4976 0 
59.5003 0 
59.5007 59.5007 59.5139 0 
59.4833 59.5059 59.5344 0 
59.5213 59.4935 59.4979 0 
59.4798 59.499 0 
59.531 0 
59.5016 59.4936 0 
59.5038 0 
59.5009 59.5027 59.4581 59.4851 59.5308 0 
59.4773 59.5033 59.4747 59.5016 59.4837 0 
59.4794 59.4718 59.5333 0 
59.4738 0 
59.5049 59.5023 59.4992 59.4976 0 
59.4822 59.495 0 
59.5072 0 
59.507 0 
59.5518 59.4973 59.4481 59.4817 59.4583 59.4839 59.5128 0 
59.4795 59.4859 59.4068 59.5124 0 
59.493 59.4549 59.4425 59.4691 0 
59.4785 59.4836 59.5081 0 
59.4878 0 
59.4813 59.5029 0 
59.4807 59.5213 0 
59.4871 0 
59.5201 0 
59.5111 59.4801 59.4933 59.4941 0 
59.4957 0 
59.4979 59.4799 0 
59.4979 0 
59.4921 59.4716 59.4921 59.5105 59.4958 59.4828 59.5136 0 
59.5099 59.5062 0 
59.4967 59.4603 59.4786 0 
59.4851 59.5343 0 
59.4717 0 
59.505 59.4856 59.4887 59.503 0 
59.4935 0 
59.4905 0 
59.4953 59.4843 59.483 0 
59.5104 0 
59.4829 59.4135 59.4394 59.4882 59.4787 0 
59.4753 59.4594 59.4715 0 
59.4953 59.4903 59.4873 59.5018 59.5388 0 
59.4816 0 
59.4933 0 
59.4874 0 
59.4731 0 
59.4933 0 
59.5175 59.4964 59.5047 59.5107 0 
59.4889 0 
59.5056 0 
59.4884 0 
59.5036 0 
59.4946 59.4995 59.503 0 
59.5194 59.5375 0 
59.4863 0 
59.4935 59.5029 59.5078 59.4959 59.4693 0 
59.5067 59.5011 59.4824 59.4965 59.4605 59.4708 0 
59.5206 59.5005 0 
59.4856 0 
59.4809 59.4837 59.4897 0 
59.4801 0 
59.4877 59.5042 59.4656 0 
59.5233 59.5188 0 
59.4851 0 
59.4625 59.5176 0 
59.5046 59.499 0 
59.4904 59.4756 0 
59.5097 0 
59.4933 59.4973 0 
59.5298 0 
59.4891 59.5013 0 
59.5336 0 
59.5083 59.4929 0 
59.4839 59.4937 59.4881 59.5001 59.505 0 
59.5076 59.4824 0 
59.5214 59.5101 0 
59.4873 59.5081 0 
59.5042 59.5032 59.4931 0 
59.4835 59.5155 59.4872 0 
59.4919 59.475 0 
59.4685 0 
59.5073 59.5458 0 
59.4911 0 
59.487 59.489 59.5033 59.4939 0 
59.478 0 
59.5096 59.4991 59.4964 0 
59.4993 0 
59.4771 59.4998 0 
59.4692 59.4905 59.4871 59.4974 0 
59.4747 59.4667 59.5154 59.4852 0 
59.4869 0 
59.4895 59.498 59.4972 59.4937 59.5001 59.4849 0 
59.492 59.4939 59.528 59.4921 59.4971 59.4943 0 
59.5166 59.486 59.5005 59.5051 0 
59.4877 0 
59.4806 0 
59.4866 59.4777 0 
59.4931 59.4967 59.5142 59.5087 59.4767 59.4801 0 
59.4871 59.5091 0 
59.4959 0 
59.4991 0 
59.4789 59.5341 0 
59.5097 59.495 0 
59.4918 59.4883 59.4944 0 
59.5149 59.4709 59.5041 59.4631 59.5483 0 
59.4807 59.4816 0 
59.4914 59.5277 59.4915 59.4876 0 
59.5087 0 
59.5403 0 
59.5085 0 
