0 0 0 0 0 0 0 1 1 1 1 2 2 3 3 4 4 6 17 23 
0 0 0 1 1 1 1 1 1 1 2 2 2 3 3 4 7 13 15 25 
0 0 0 1 1 1 1 1 1 1 1 2 2 3 4 4 7 8 14 18 
0 0 0 0 0 1 1 1 1 1 1 1 2 2 3 3 4 5 10 26 
0 0 0 0 0 0 1 1 1 1 1 1 2 2 2 3 4 4 11 32 
0 0 0 0 0 0 1 1 1 1 1 2 2 3 3 4 4 7 14 39 
0 0 1 1 1 1 1 1 1 1 1 1 2 3 3 5 4 6 13 31 
0 0 0 0 0 1 1 1 1 1 1 1 2 2 2 3 4 4 10 18 
0 0 0 0 1 1 1 1 1 1 1 2 2 3 3 4 6 8 21 47 
0 0 1 1 1 1 1 1 1 1 1 2 2 3 3 4 6 8 13 29 
0 0 0 0 1 1 1 1 1 1 1 2 2 2 3 3 5 9 13 36 
0 0 0 0 1 1 1 1 1 2 2 2 2 3 3 4 4 8 11 29 
0 0 0 0 0 1 1 1 1 1 1 1 1 2 3 3 6 7 12 18
0 0 0 0 0 0 1 1 1 1 2 2 2 3 3 5 6 10 11 24
0 0 0 0 0 0 0 0 0 1 1 1 1 2 2 3 3 6 13 40 
0 0 0 1 1 1 1 1 1 1 1 2 2 3 3 5 7 7 19 58 
0 0 0 0 0 1 1 1 1 1 1 1 1 2 2 3 5 7 16 25 
0 0 0 0 0 1 1 1 1 1 1 2 2 2 2 2 6 11 13 50
