0.0106229 0.0144839 0.0159479 0.0145249 0.0106551 0.00515619 0 0 0 0 0 0 0 0 0 0 0 0 0 0 0 0 0 0 0 0 0 0.00514826 
0.0108205 0.0147533 0.0162445 0.014795 0.0108533 0.00525209 0 0 0 0 0 0 0 0 0 0 0 0 0 0 0 0 0 0 0 0 0 0.00524402 
0.0104466 0.0142434 0.0156831 0.0142837 0.0104782 0.00507059 0 0 0 0 0 0 0 0 0 0 0 0 0 0 0 0 0 0 0 0 0 0.00506279 
0.0102279 0.0139452 0.0153548 0.0139847 0.0102588 0.00496443 0 0 0 0 0 0 0 0 0 0 0 0 0 0 0 0 0 0 0 0 0 0.0049568 
0.00963584 0.013138 0.014466 0.0131752 0.00966503 0.00467708 0 0 0 0 0 0 0 0 0 0 0 0 0 0 0 0 0 0 0 0 0 0.00466989 
0.00922433 0.012577 0.0138482 0.0126126 0.00925228 0.00447734 0 0 0 0 0 0 0 0 0 0 0 0 0 0 0 0 0 0 0 0 0 0.00447046 
0.00818913 0.0111655 0.0122941 0.0111971 0.00821394 0.00397487 0 0 0 0 0 0 0 0 0 0 0 0 0 0 0 0 0 0 0 0 0 0.00396876 
0.00661558 0.00902004 0.00993178 0.00904558 0.00663562 0.00321109 0 0 0 0 0 0 0 0 0 0 0 0 0 0 0 0 0 0 0 0 0 0.00320616 
0.00481287 0.00656213 0.00722542 0.00658071 0.00482745 0.00233609 0 0 0 0 0 0 0 0 0 0 0 0 0 0 0 0 0 0 0 0 0 0.0023325 
0.00348422 0.00475058 0.00523077 0.00476403 0.00349478 0.00169119 0 0 0 0 0 0 0 0 0 0 0 0 0 0 0 0 0 0 0 0 0 0.00168859 
0.00131301 0.00179023 0.00197119 0.0017953 0.00131699 0.000637315 0 0 0 0 0 0 0 0 0 0 0 0 0 0 0 0 0 0 0 0 0 0.000636335 
0 0 0 0 0 0 0 0 0 0 0 0 0 0 0 0 0 0 0 0 0 0 0 0 0 0 0 0 
0 0 0 0 0 0 0 0 0 0 0 0 0 0 0 0 0 0 0 0 0 0 0 0 0 0 0 0 
0 0 0 0 0 0 0 0 0 0 0 0 0 0 0 0 0 0 0 0 0 0 0 0 0 0 0 0 
0 0 0 0 0 0 0 0 0 0 0 0 0 0 0 0 0 0 0 0 0 0 0 0 0 0 0 0 
0 0 0 0 0 0 0 0 0 0 0 0 0 0 0 0 0 0 0 0 0 0 0 0 0 0 0 0 
0 0 0 0 0 0 0 0 0 0 0 0 0 0 0 0 0 0 0 0 0 0 0 0 0 0 0 0 
0 0 0 0 0 0 0 0 0 0 0 0 0 0 0 0 0 0 0 0 0 0 0 0 0 0 0 0 
0 0 0 0 0 0 0 0 0 0 0 0 0 0 0 0 0 0 0 0 0 0 0 0 0 0 0 0 
0 0 0 0 0 0 0 0 0 0 0 0 0 0 0 0 0 0 0 0 0 0 0 0 0 0 0 0 
0 0 0 0 0 0 0 0 0 0 0 0 0 0 0 0 0 0 0 0 0 0 0 0 0 0 0 0 
0 0 0 0 0 0 0 0 0 0 0 0 0 0 0 0 0 0 0 0 0 0 0 0 0 0 0 0 
0 0 0 0 0 0 0 0 0 0 0 0 0 0 0 0 0 0 0 0 0 0 0 0 0 0 0 0 
0 0 0 0 0 0 0 0 0 0 0 0 0 0 0 0 0 0 0 0 0 0 0 0 0 0 0 0 
0 0 0 0 0 0 0 0 0 0 0 0 0 0 0 0 0 0 0 0 0 0 0 0 0 0 0 0 
0 0 0 0 0 0 0 0 0 0 0 0 0 0 0 0 0 0 0 0 0 0 0 0 0 0 0 0 
0 0 0 0 0 0 0 0 0 0 0 0 0 0 0 0 0 0 0 0 0 0 0 0 0 0 0 0 
0 0 0 0 0 0 0 0 0 0 0 0 0 0 0 0 0 0 0 0 0 0 0 0 0 0 0 0 
0 0 0 0 0 0 0 0 0 0 0 0 0 0 0 0 0 0 0 0 0 0 0 0 0 0 0 0 
0 0 0 0 0 0 0 0 0 0 0 0 0 0 0 0 0 0 0 0 0 0 0 0 0 0 0 0 
0 0 0 0 0 0 0 0 0 0 0 0 0 0 0 0 0 0 0 0 0 0 0 0 0 0 0 0 
0 0 0 0.000618487 0.00126887 0.00173719 0.00191143 0.00167986 0.00115676 0.000464514 -0.000171693 -0.000156207 -0.000114902 -5.5273e-05 0 0 0 0 0 0 0 0 0 0 0 0 0 0 
0 0 0 0.00162678 0.00333746 0.00456928 0.00502757 0.00440468 0.00301431 0.00118312 -0.000494221 -0.000449643 -0.000330746 -0.000159104 0 0 0 0 0 0 0 0 0 0 0 0 0 0 
0 0 0 0.00261237 0.00535946 0.00733756 0.00807351 0.00708135 0.00485711 0.0019226 -0.000768643 -0.000699313 -0.000514397 -0.000247449 0 0 0 0 0 0 0 0 0 0 0 0 0 0 
0 0 0 0.0030726 0.00630365 0.00863024 0.00949583 0.00829511 0.00564357 0.00216668 -0.00100835 -0.0009174 -0.000674816 -0.000324618 0 0 0 0 0 0 0 0 0 0 0 0 0 0 
0 0 0 0.0039735 0.00815192 0.0111607 0.0122801 0.0107636 0.00737266 0.0029036 -0.00119199 -0.00108448 -0.000797714 -0.000383737 0 0 0 0 0 0 0 0 0 0 0 0 0 0 
0 0 0 0.00452472 0.00928279 0.0127089 0.0139836 0.0122627 0.00840765 0.00332311 -0.00133893 -0.00121816 -0.000896048 -0.00043104 0 0 0 0 0 0 0 0 0 0 0 0 0 0 
0 0 0 0.00485131 0.0099528 0.0136262 0.0149929 0.0131417 0.00900203 0.00354593 -0.00145434 -0.00132316 -0.000973284 -0.000468194 0 0 0 0 0 0 0 0 0 0 0 0 0 0 
0 0 0 0.00507088 0.0104033 0.014243 0.0156715 0.0137315 0.00939911 0.00369225 -0.00153579 -0.00139727 -0.00102779 -0.000494416 0 0 0 0 0 0 0 0 0 0 0 0 0 0 
0 0 0 0.00536573 0.0110082 0.0150712 0.0165828 0.0145431 0.00997266 0.00394389 -0.00158436 -0.00144145 -0.0010603 -0.000510051 0 0 0 0 0 0 0 0 0 0 0 0 0 0 
0 0 0 0.00540787 0.0110946 0.0151895 0.016713 0.0146513 0.0100387 0.00395806 -0.00161532 -0.00146962 -0.00108102 -0.000520019 0 0 0 0 0 0 0 0 0 0 0 0 0 0 
0 0 0 0.00529639 0.0108659 0.0148764 0.0163685 0.0143343 0.00980101 0.00383446 -0.00162832 -0.00148145 -0.00108972 -0.000524204 0 0 0 0 0 0 0 0 0 0 0 0 0 0 
0 0 0 0.00529544 0.010864 0.0148737 0.0163655 0.0143348 0.00980565 0.00384251 -0.0016184 -0.00147242 -0.00108308 -0.000521009 0 0 0 0 0 0 0 0 0 0 0 0 0 0 
0 0 0 0.00505354 0.0103677 0.0141943 0.0156179 0.0136661 0.00932927 0.00362811 -0.00158731 -0.00144414 -0.00106227 -0.000511001 0 0 0 0 0 0 0 0 0 0 0 0 0 0 
0 0 0 0.00499929 0.0102564 0.0140419 0.0154503 0.0135321 0.0092551 0.00362467 -0.00153113 -0.00139302 -0.00102467 -0.000492914 0 0 0 0 0 0 0 0 0 0 0 0 0 0 
0 0 0 0.00490145 0.0100557 0.0137671 0.0151479 0.0134779 0.00950568 0.00414387 -0.00085078 -0.000774041 -0.000569365 -0.000273891 0 0 0 0 0 0 0 0 0 0 0 0 0 0 
0 0 0 0.00411663 0.00844556 0.0115627 0.0127224 0.0121774 0.00974131 0.00588306 0.00193348 0.00175909 0.00129394 0.000622445 0 0 0 0 0 0 0 0 0 0 0 0 0 0 
0 0 0 0.00345732 0.00709294 0.00971086 0.0106848 0.0110672 0.00990279 0.00729429 0.00421756 0.00383715 0.00282251 0.00135776 0 0 0 0 0 0 0 0 0 0 0 0 0 0 
0 0 0 0.00263869 0.00541346 0.0074115 0.00815486 0.00956412 0.00984816 0.00869775 0.0066692 0.00606765 0.00446321 0.00214701 0 0 0 0 0 0 0 0 0 0 0 0 0 0 
0 0 0 0.00185171 0.00379892 0.00520106 0.00572271 0.00803956 0.00963245 0.00982389 0.00878019 0.00798824 0.00587594 0.0028266 0 0 0 0 0 0 0 0 0 0 0 0 0 0 
0 0 0 0.00102182 0.00209633 0.00287006 0.00315792 0.00634433 0.00922561 0.0107662 0.0107361 0.0097677 0.00718487 0.00345625 0 0 0 0 0 0 0 0 0 0 0 0 0 0 
0 0 0 2.75261e-05 5.64717e-05 7.73147e-05 8.50691e-05 0.00436423 0.00884257 0.012038 0.0132367 0.0120428 0.00885834 0.00426127 0 0 0 0 0 0 0 0 0 0 0 0 0 0 
0 0 0 -0.000489887 -0.00100504 -0.00137598 -0.00151399 0.0031144 0.00819356 0.012085 0.0138605 0.0126103 0.00927581 0.00446209 0 0 0 0 0 0 0 0 0 0 0 0 0 0 
0 0 0 -0.000508396 -0.00104301 -0.00142797 -0.00157119 0.00324879 0.0085374 0.0125885 0.0144358 0.0131337 0.00966081 0.00464729 0 0 0 0 0 0 0 0 0 0 0 0 0 0 
0 0 0 -0.000521444 -0.00106978 -0.00146462 -0.00161152 0.00326176 0.00861221 0.0127143 0.0145889 0.013273 0.00976326 0.00469658 0 0 0 0 0 0 0 0 0 0 0 0 0 0 
0 0 0 -0.000528496 -0.00108425 -0.00148443 -0.00163331 0.00344957 0.00902318 0.0132888 0.0152299 0.0138561 0.0101922 0.00490293 0 0 0 0 0 0 0 0 0 0 0 0 0 0 
0 0 0 -0.000531326 -0.00109005 -0.00149238 -0.00164206 0.00323855 0.00860116 0.012717 0.0146028 0.0132857 0.0097726 0.00470107 0 0 0 0 0 0 0 0 0 0 0 0 0 0 
0 0 0 -0.000529582 -0.00108647 -0.00148748 -0.00163667 0.00337337 0.00887102 0.0130828 0.015004 0.0136507 0.0100411 0.00483022 0 0 0 0 0 0 0 0 0 0 0 0 0 0 
0 0 0 -0.000520403 -0.00106764 -0.0014617 -0.0016083 0.00327257 0.00863052 0.0127375 0.0146132 0.0132952 0.00977958 0.00470443 0 0 0 0 0 0 0 0 0 0 0 0 0 0 
0 0 0 -0.000509395 -0.00104506 -0.00143078 -0.00157428 0.00328649 0.00861835 0.0127009 0.0145608 0.0132475 0.0097445 0.00468755 0 0 0 0 0 0 0 0 0 0 0 0 0 0 
0 0 0 -0.00048854 -0.00100227 -0.0013722 -0.00150983 0.00311579 0.00819144 0.0120797 0.0138531 0.0126036 0.00927087 0.00445972 0 0 0 0 0 0 0 0 0 0 0 0 0 0 
0 0 0 -0.000460499 -0.000944746 -0.00129344 -0.00142317 0.00294252 0.00773267 0.0114019 0.0130752 0.0118958 0.00875025 0.00420927 0 0 0 0 0 0 0 0 0 0 0 0 0 0 
0 0 0 -0.000422543 -0.000866878 -0.00118683 -0.00130587 0.00261137 0.0069137 0.0102139 0.0117238 0.0106664 0.0078459 0.00377424 0 0 0 0 0 0 0 0 0 0 0 0 0 0 
0 0 0 -0.000373368 -0.000765991 -0.00104871 -0.00115389 0.00241017 0.00631959 0.00931295 0.0106766 0.00971355 0.00714504 0.00343709 0 0 0 0 0 0 0 0 0 0 0 0 0 0 
0 0 0 -0.000308781 -0.000633486 -0.000867297 -0.000954285 0.00205498 0.00535291 0.00787489 0.00902027 0.00820666 0.00603661 0.00290389 0 0 0 0 0 0 0 0 0 0 0 0 0 0 
0 0 0 -0.000228075 -0.000467912 -0.000640613 -0.000704865 0.00153538 0.00398972 0.00586571 0.00671673 0.0061109 0.00449502 0.00216231 0 0 0 0 0 0 0 0 0 0 0 0 0 0 
0 0 0 -0.000135997 -0.000279008 -0.000381986 -0.000420299 0.000923549 0.00239545 0.00352011 0.00402985 0.00366637 0.00269689 0.00129733 0 0 0 0 0 0 0 0 0 0 0 0 0 0 
0 0 0 -2.66494e-05 -5.4673e-05 -7.48521e-05 -8.23596e-05 0.000247223 0.000605176 0.000875385 0.000994223 0.000904546 0.000665361 0.000320069 0 0 0 0 0 0 0 0 0 0 0 0 0 0 
0 0 0 0 0 0 0 0 0 0 0 0 0 0 0 0 0 0 0 0 0 0 0 0 0 0 0 0 
0 0 0 0 0 0 0 0 0 0 0 0 0 0 0 0 0 0 0 0 0 0 0 0 0 0 0 0 
0 0 0 0 0 0 0 0 0 0 0 0 0 0 0 0 0 0 0 0 0 0 0 0 0 0 0 0 
0 0 0 0 0 0 0 0 0 0 0 0 0 0 0 0 0 0 0 0 0 0 0 0 0 0 0 0 
0 0 0 0 0 0 0 0 0 0 0 0 0 0 0 0 0 0 0 0 0 0 0 0 0 0 0 0 
0 0 0 0 0 0 0 0 0 0 0 0 0 0 0 0 0 0 0 0 0 0 0 0 0 0 0 0 
0 0 0 0 0 0 0 0 0 0 0 0 0 0 0 0 0 0 0 0 0 0 0 0 0 0 0 0 
0 0 0 0 0 0 0 0 0 0 0 0 0 0 0 0 0 0 0 0 0 0 0 0 0 0 0 0 
0 0 0 0 0 0 0 0 0 0 0 0 0 0 0 0 0 0 0 0 0 0 0 0 0 0 0 0 
0 0 0 0 0 0 0 0 0 0 0 0 0 0 0 0 0 0 0 0 0 0 0 0 0 0 0 0 
0 0 0 0 0 0 0 0 0 0 0 0 0 0 0 0 0 0 0 0 0 0 0 0 0 0 0 0 
0 0 0 0 0 0 0 0 0 0 0 0 0 0 0 0 0 0 0 0 0 0 0 0 0 0 0 0 
0 0 0 0 0 0 0 0 0 0 0 0 0 0 0 0 0 0 0 0 0 0 0 0 0 0 0 0 
0 0 0 0 0 0 0 0 0 0 0 0 0 0 0 0 0 0 0 0 0 0 0 0 0 0 0 0 
0 0 0 0 0 0 0 0 0 0 0 0 0 0 0 0 0 0 0 0 0 0 0 0 0 0 0 0 
0 0 0 0 0 0 0 0 0 0 0 0 0 0 0 0 0 0 0 0 0 0 0 0 0 0 0 0 
0 0 0 0 0 0 0 0 0 0 0 0 0 0 0 0 0 0 0 0 0 0 0 0 0 0 0 0 
0 0 0 0 0 0 0 0 0 0 0 0 0 0 0 0 0 0 0 0 0 0 0 0 0 0 0 0 
0 0 0 0 0 0 0 0 0 0 0 0 0 0 0 0 0 0 0 0 0 0 0 0 0 0 0 0 
0 0 0 0 0 0 0 0 0 0 0 0 0 0 0 0 0 0 0 0 0 0 0 0 0 0 0 0 
0 0 0 0 0 0 0 0 0 0 0 0 0 0 0 0 0 0 0 0 0 0 0 0 0 0 0 0 
0 0 0 0 0 0 0 0 0 0 0 0 0 0 0 0 0 0 0 0 0 0 0 0 0 0 0 0 
0 0 0 0 0 0 0 0 0 0 0 0 0 0 0 0 0 0 0 0 0 0 0 0 0 0 0 0 
0 0 0 0 0 0 0 0 0 0 0 0 0 0 0 0 0 0 0 0 0 0 0 0 0 0 0 0 
0 0 0 0 0 0 0 0 0 0 0 0 0 0 0 0 0 0 0 0 0 0 0 0 0 0 0 0 
0 0 0 0 0 0 0 0 0 0 0 0 0 0 0 0 0 0 0 0 0 0 0 0 0 0 0 0 
0 0 0 0 0 0 0 0 0 0 0 0 0 0 0 0 0 0 0 0 0 0 0 0 0 0 0 0 
0 0 0 0 0 0 0 0 0 0 0 0 0 0 0 0 0 0 0 0 0 0 0 0 0 0 0 0 
0 0 0 0 0 0 0 0 0 0 0 0 0 0 0 0 0 0 0 0 0 0 0 0 0 0 0 0 
0 0 0 0 0 0 0 0 0 0 0 0 0 0 0 0 0 0 0 0 0 0 0 0 0 0 0 0 
0 0 0 0 0 0 0 0 0 0 0 0 0 0 0 0 0 0 0 0 0 0 0 0 0 0 0 0 
0 0 0 0 0 0 0 0 0 0 0 0 0 0 0 0 0 0 0 0 0 0 0 0 0 0 0 0 
0 0 0 0 0 0 0 0 0 0 0 0 0 0 0 0 0 0 0 0 0 0 0 0 0 0 0 0 
0 0 0 0 0 0 0 0 0 0 0 0 0 0 0 0 0 0 0 0 0 0 0 0 0 0 0 0 
0 0 0 0 0 0 0 0 0 0 0 0 0 0 0 0 0 0 0 0 0 0 0 0 0 0 0 0 
0 0 0 0 0 0 0 0 0 0 0 0 0 0 0 0 0 0 0 0 0 0 0 0 0 0 0 0 
0 0 0 0 0 0 0 0 0 0 0 0 0 0 0 0 0 0 0 0 0 0 0 0 0 0 0 0 
0 0 0 0 0 0 0 0 0 0 0 0 0 0 0 0 0 0 0 0 0 0 0 0 0 0 0 0 
0 0 0 0 0 0 0 0 0 0 0 0 0 0 0 0 0 0 0 0 0 0 0 0 0 0 0 0 
0 0 0 0 0 0 0 0 0 0 0 0 0 0 0 0 0 0 0 0 0 0 0 0 0 0 0 0 
0 0 0 0 0 0 0 0 0 0 0 0 0 0 0 0 0 0 0 0 0 0 0 0 0 0 0 0 
0 0 0 0 0 0 0 0 0 0 0 0 0 0 0 0 0 0 0 0 0 0 0 0 0 0 0 0 
0 0 0 0 0 0 0 0 0 0 0 0.000661279 0.00136318 0.001857 0.00203838 0.0018541 0.0013622 0.000667947 0 0 0 0 0 0 0 0 0 0 
0 0 0 0 0 0 0 0 0 0 0 0.0018029 0.00371656 0.00506291 0.00555742 0.005055 0.00371387 0.00182108 0 0 0 0 0 0 0 0 0 0 
0 0 0 0 0 0 0 0 0 0 0 0.00272155 0.00561027 0.00764264 0.00838911 0.0076307 0.00560622 0.00274899 0 0 0 0 0 0 0 0 0 0 
0 0 0 0 0 0 0 0 0 0 0 0.00365493 0.00753437 0.0102638 0.0112662 0.0102477 0.00752893 0.00369178 0 0 0 0 0 0 0 0 0 0 
0 0 0 0 0 0 0 0 0 0 0 0.00437011 0.00900867 0.0122721 0.0134708 0.012253 0.00900216 0.00441417 0 0 0 0 0 0 0 0 0 0 
0 0 0 0 0 0 0 0 0 0 0 0.00490577 0.0101129 0.0137764 0.0151219 0.0137548 0.0101056 0.00495523 0 0 0 0 0 0 0 0 0 0 
0 0 0 0 0 0 0 0 0 0 0 0.00536161 0.0110526 0.0150565 0.0165271 0.0150329 0.0110446 0.00541567 0 0 0 0 0 0 0 0 0 0 
0 0 0 0 0 0 0 0 0 0 0 0.00568543 0.0117201 0.0159658 0.0175252 0.0159409 0.0117116 0.00574275 0 0 0 0 0 0 0 0 0 0 
0 0 0 0 0 0 0 0 0 0 0 0.00577178 0.0118981 0.0162083 0.0177914 0.016183 0.0118895 0.00582998 0 0 0 0 0 0 0 0 0 0 
0 0 0 0 0 0 0 0 0 0 0 0.0060871 0.0125481 0.0170938 0.0187634 0.0170671 0.012539 0.00614847 0 0 0 0 0 0 0 0 0 0 
0 0 0 0 0 0 0 0 0 0 0 0.00592795 0.01222 0.0166469 0.0182728 0.0166209 0.0122112 0.00598772 0 0 0 0 0 0 0 0 0 0 
0 0 0 0 0 0 0 0 0 0 0 0.00579464 0.0119452 0.0162725 0.0178619 0.0162471 0.0119366 0.00585307 0 0 0 0 0 0 0 0 0 0 
0 0 0 0 0 0 0 0 0 0 0 0.0058038 0.0119641 0.0162982 0.0178901 0.0162727 0.0119555 0.00586232 0 0 0 0 0 0 0 0 0 0 
0 0 0 0 0 0 0 0 0 0 0 0.00576767 0.0118896 0.0161968 0.0177787 0.0161714 0.011881 0.00582582 0 0 0 0 0 0 0 0 0 0 
0 0 0 0 0 0 0 0 0 0 0 0.00528854 0.0109019 0.0148513 0.0163018 0.0148281 0.0108941 0.00534187 0 0 0 0 0 0 0 0 0 0 
0 0 0 0 0 0 0 0 0 0 0 0.00486683 0.0100326 0.013667 0.0150019 0.0136457 0.0100254 0.00491591 0 0 0 0 0 0 0 0 0 0 
0 0 0 0 0 0 0 0 0 0 0 0.00445281 0.00917914 0.0125044 0.0137257 0.0124848 0.00917251 0.0044977 0 0 0 0 0 0 0 0 0 0 
0 0 0 0 0 0 0 0 0 0 0 0.00372062 0.00766978 0.0104482 0.0114687 0.0104319 0.00766424 0.00375813 0 0 0 0 0 0 0 0 0 0 
0 0 0 0 0 0 0 0 0 0 0 0.00291924 0.00601779 0.00819779 0.00899849 0.00818498 0.00601345 0.00294867 0 0 0 0 0 0 0 0 0 0 
0 0 0 0 0 0 0 0 0 0 0 0.00165176 0.00340498 0.00463846 0.00509151 0.00463121 0.00340252 0.00166841 0 0 0 0 0 0 0 0 0 0 
0 0 0 0 0 0 0 0 0 0 0 0.000735443 0.00151606 0.00206527 0.00226699 0.00206204 0.00151497 0.000742859 0 0 0 0 0 0 0 0 0 0 
0 0 0 0 0 0 0 0 0 0 0 0 0 0 0 0 0 0 0 0 0 0 0 0 0 0 0 0 
0 0 0 0 0 0 0 0 0 0 0 0 0 0 0 0 0 0 0 0 0 0 0 0 0 0 0 0 
0 0 0 0 0 0 0 0 0 0 0 0 0 0 0 0 0 0 0 0 0 0 0 0 0 0 0 0 
0 0 0 0 0 0 0 0 0 0 0 0 0 0 0 0 0 0 0 0 0 0 0 0 0 0 0 0 
0 0 0 0 0 0 0 0 0 0 0 0 0 0 0 0 0 0 0 0 0 0 0 0 0 0 0 0 
0 0 0 0 0 0 0 0 0 0 0 0 0 0 0 0 0 0 0 0 0 0 0 0 0 0 0 0 
0 0 0 0 0 0 0 0 0 0 0 0 0 0 0 0 0 0 0 0 0 0 0 0 0 0 0 0 
0 0 0 0 0 0 0 0 0 0 0 0 0 0 0 0 0 0 0 0 0 0 0 0 0 0 0 0 
0 0 0 0 0 0 0 0 0 0 0 0 0 0 0 0 0 0 0 0 0 0 0 0 0 0 0 0 
0 0 0 0 0 0 0 0 0 0 0 0 0 0 0 0 0 0 0 0 0 0 0 0 0 0 0 0 
0 0 0 0 0 0 0 0 0 0 0 0 0 0 0 0 0 0 0 0 0 0 0 0 0 0 0 0 
0 0 0 0 0 0 0 0 0 0 0 0 0 0 0 0 0 0 0 0 0 0 0 0 0 0 0 0 
0 0 0 0 0 0 0 0 0 0 0 0 0 0 0 0 0 0 0 0 0 0 0 0 0 0 0 0 
0 0 0 0 0 0 0 0 0 0 0 0 0 0 0 0 0 0 0 0 0 0 0 0 0 0 0 0 
0 0 0 0 0 0 0 0 0 0 0 0 0 0 0 0 0 0 0 0 0 0 0 0 0 0 0 0 
0 0 0 0 0 0 0 0 0 0 0 0 0 0 0 0 0 0 0 0 0 0 0 0 0 0 0 0 
0 0 0 0 0 0 0 0 0 0 0 0 0 0 0 0 0 0 0 0 0 0 0 0 0 0 0 0 
0 0 0 0 0 0 0 0 0 0 0 0 0 0 0 0 0 0 0 0 0 0 0 0 0 0 0 0 
0 0 0 0 0 0 0 0 0 0 0 0 0 0 0 0 0 0 0 0 0 0 0 0 0 0 0 0 
0 0 0 0 0 0 0 0 0 0 0 0 0 0 0 0 0 0 0 0 0 0 0 0 0 0 0 0 
0 0 0 0 0 0 0 0 0 0 0 0 0 0 0 0 0 0 0 0 0 0 0 0 0 0 0 0 
0 0 0 0 0 0 0 0 0 0 0 0 0 0 0 0 0 0 0 0 0 0 0 0 0 0 0 0 
0 0 0 0 0 0 0 0 0 0 0 0 0 0 0 0 0 0 0 0 0 0 0 0 0 0 0 0 
0 0 0 0 0 0 0 0 0 0 0 0 0 0 0 0 0 0 0 0 0 0 0 0 0 0 0 0 
0 0 0 0 0 0 0 0 0 0 0 0 0 0 0 0 0 0 0 0 0 0 0 0 0 0 0 0 
0 0 0 0 0 0 0 0 0 0 0 0 0 0 0 0 0 0 0 0 0 0 0 0 0 0 0 0 
0 0 0 0 0 0 0 0 0 0 0 0 0 0 0 0 0 0 0 0 0 0 0 0 0 0 0 0 
0 0 0 0 0 0 0 0 0 0 0 0 0 0 0 0 0 0 0 0 0 0 0 0 0 0 0 0 
0 0 0 0 0 0 0 0 0 0 0 0 0 0 0 0 0 0 0 0 0 0 0 0 0 0 0 0 
0 0 0 0 0 0 0 0 0 0 0 0 0 0 0 0 0 0 0 0 0 0 0 0 0 0 0 0 
0 0 0 0 0 0 0 0 0 0 0 0 0 0 0 0 0 0 0 0 0 0 0 0 0 0 0 0 
0 0 0 0 0 0 0 0 0 0 0 0 0 0 0 0 0 0 0 0 0 0 0 0 0 0 0 0 
0 0 0 0 0 0 0 0 0 0 0 0 0 0 0 0 0 0 0 0 0 0 0 0 0 0 0 0 
0 0 0 0 0 0 0 0 0 0 0 0 0 0 0 0 0 0 0 0 0 0 0 0 0 0 0 0 
0 0 0 0 0 0 0 0 0 0 0 0 0 0 0 0 0 0 0 0 0 0 0 0 0 0 0 0 
0 0 0 0 0 0 0 0 0 0 0 0 0 0 0 0 0 0 0 0 0 0 0 0 0 0 0 0 
0 0 0 0 0 0 0 0 0 0 0 0 0 0 0 0 0 0 0 0 0 0 0 0 0 0 0 0 
0 0 0 0 0 0 0 0 0 0 0 0 0 0 0 0 0 0 0 0 0 0 0 0 0 0 0 0 
0 0 0 0 0 0 0 0 0 0 0 0 0 0 0 0 0 0 0 0 0 0 0 0 0 0 0 0 
0 0 0 0 0 0 0 0 0 0 0 0 0 0 0 0 0 0 0 0 0 0 0 0 0 0 0 0 
0 0 0 0 0 0 0 0 0 0 0 0 0 0 0 0 0 0 0 0 0 0 0 0 0 0 0 0 
0 0 0 0 0 0 0 0 0 0 0 0 0 0 0 0 0 0 0 0 0 0 0 0 0 0 0 0 
0 0 0 0 0 0 0 0 0 0 0 0 0 0 0 0 0 0 0 0 0 0 0 0 0 0 0 0 
0 0 0 0 0 0 0 0 0 0 0 0 0 0 0 0 0 0 0 0 0 0 0 0 0 0 0 0 
0 0 0 0 0 0 0 0 0 0 0 0 0 0 0 0 0 0 0 0 0 0 0 0 0 0 0 0 
0 0 0 0 0 0 0 0 0 0 0 0 0 0 0 0 0 0 0 0 0 0 0 0 0 0 0 0 
0 0 0 0 0 0 0 0 0 0 0 0 0 0 0 0 0 0 0 0 0 0 0 0 0 0 0 0 
0 0 0 0 0 0 0 0 0 0 0 0 0 0 0 0 0 0 0 0 0 0 0 0 0 0 0 0 
0 0 0 0 0 0 0 0 0 0 0 0 0 0 0 0 0 0 0 0 0 0 0 0 0 0 0 0 
0 0 0 0 0 0 0 0 0 0 0 0 0 0 0 0 0 0 0 0 0 0 0 0 0 0 0 0 
0 0 0 0 0 0 0 0 0 0 0 0 0 0 0 0 0 0 0 0 0 0 0 0 0 0 0 0 
0 0 0 0 0 0 0 0 0 0 0 0 0 0 0 0 0 0 0 0 0 0 0 0 0 0 0 0 
0 0 0 0 0 0 0 0 0 0 0 0 0 0 0 0 0 0 0 0 0 0 0 0 0 0 0 0 
0 0 0 0 0 0 0 0 0 0 0 0 0 0 0 0 0 0 0 0 0 0 0 0 0 0 0 0 
0 0 0 0 0 0 0 0 0 0 0 0 0 0 0 0 0 0 0 0 0 0 0 0 0 0 0 0 
0 0 0 0 0 0 0 0 0 0 0 0 0 0 0 0 0 0 0 0 0 0 0 0 0 0 0 0 
0 0 0 0 0 0 0 0 0 0 0 0 0 0 0 0 0 0 0 0 0 0 0 0 0 0 0 0 
0 0 0 0 0 0 0 0 0 0 0 0 0 0 0 0 0 0 0 0 0 0 0 0 0 0 0 0 
0 0 0 0 0 0 0 0 0 0 0 0 0 0 0 0 0 0 0 0 0 0 0 0 0 0 0 0 
0 0 0 0 0 0 0 0 0 0 0 0 0 0 0 0 0 0 0 0 0 0 0 0 0 0 0 0 
0 0 0 0 0 0 0 0 0 0 0 0 0 0 0 0 0 0 0 0 0 0 0 0 0 0 0 0 
0 0 0 0 0 0 0 0 0 0 0 0 0 0 0 0 0 0 0 0 0 0 0 0 0 0 0 0 
0 0 0 0 0 0 0 0 0 0 0 0 0 0 0 0 0 0 0 0 0 0 0 0 0 0 0 0 
0 0 0 0 0 0 0 0 0 0 0 0 0 0 0 0 0 0 0 0 0 0 0 0 0 0 0 0 
0 0 0 0 0 0 0 0 0 0 0 0 0 0 0 0 0 0 0 0 0 0 0 0 0 0 0 0 
0 0 0 0 0 0 0 0 0 0 0 0 0 0 0 0 0 0 0 0 0 0 0 0 0 0 0 0 
0 0 0 0 0 0 0 0 0 0 0 0 0 0 0 0 0 0 0 0 0 0 0 0 0 0 0 0 
0 0 0 0 0 0 0 0 0 0 0 0 0 0 0 0 0 0 0 0 0 0 0 0 0 0 0 0 
0 0 0 0 0 0 0 0 0 0 0 0 0 0 0 0 0 0 0 0 0 0 0 0 0 0 0 0 
0 0 0 0 0 0 0 0 0 0 0 0 0 0 0 0 0 0 0 0 0 0 0 0 0 0 0 0 
0 0 0 0 0 0 0 0 0 0 0 0 0 0 0 0 0 0 0 0 0 0 0 0 0 0 0 0 
0 0 0 0 0 0 0 0 0 0 0 0 0 0 0 0 0 0 0 0 0 0 0 0 0 0 0 0 
0 0 0 0 0 0 0 0 0 0 0 0 0 0 0 0 0 0 0 0 0 0 0 0 0 0 0 0 
0 0 0 0 0 0 0 0 0 0 0 0 0 0 0 0 0 0 0 0 0 0 0 0 0 0 0 0 
0 0 0 0 0 0 0 0 0 0 0 0 0 0 0 0 0 0 0 0 0 0 0 0 0 0 0 0 
0 0 0 0 0 0 0 0 0 0 0 0 0 0 0 0 0 0 0 0 0 0 0 0 0 0 0 0 
0 0 0 0 0 0 0 0 0 0 0 0 0 0 0 0 0 0 0 0 0 0 0 0 0 0 0 0 
0 0 0 0 0 0 0 0 0 0 0 0 0 0 0 0 0 0 0 0 0 0 0 0 0 0 0 0 
0 0 0 0 0 0 0 0 0 0 0 0 0 0 0 0 0 0 0 0 0 0 0 0 0 0 0 0 
0 0 0 0 0 0 0 0 0 0 0 0 0 0 0 0 0 0 0 0 0 0 0 0 0 0 0 0 
0 0 0 0 0 0 0 0 0 0 0 0 0 0 0 0 0 0 0 0 0 0 0 0 0 0 0 0 
0 0 0 0 0 0 0 0 0 0 0 0 0 0 0 0 0 0 0 0 0 0 0 0 0 0 0 0 
0 0 0 0 0 0 0 0 0 0 0 0 0 0 0 0 0 0 0 0 0 0 0 0 0 0 0 0 
0 0 0 0 0 0 0 0 0 0 0 0 0 0 0 0 0 0 0 0 0 0 0 0 0 0 0 0 
0 0 0 0 0 0 0 0 0 0 0 0 0 0 0 0 0 0 0 0 0 0 0 0 0 0 0 0 
0 0 0 0 0 0 0 0 0 0 0 0 0 0 0 0 0 0 0 0 0 0 0 0 0 0 0 0 
0 0 0 0 0 0 0 0 0 0 0 0 0 0 0 0 0 0 0 0 0 0 0 0 0 0 0 0 
0 0 0 0 0 0 0 0 0 0 0 0 0 0 0 0 0 0 0 0 0 0 0 0 0 0 0 0 
0 0 0 0 0 0 0 0 0 0 0 0 0 0 0 0 0 0 0 0 0 0 0 0 0 0 0 0 
0 0 0 0 0 0 0 0 0 0 0 0 0 0 0 0 0 0 0 0 0 0 0 0 0 0 0 0 
0 0 0 0 0 0 0 0 0 0 0 0 0 0 0 0 0 0 0 0 0 0 0 0 0 0 0 0 
0 0 0 0 0 0 0 0 0 0 0 0 0 0 0 0 0 0 0 0 0 0 0 0 0 0 0 0 
0 0 0 0 0 0 0 0 0 0 0 0 0 0 0 0 0 0 0 0 0 0 0 0 0 0 0 0 
0 0 0 0 0 0 0 0 0 0 0 0 0 0 0 0 0 0 0 0 0 0 0 0 0 0 0 0 
0 0 0 0 0 0 0 0 0 0 0 0 0 0 0 0 0 0 0 0 0 0 0 0 0 0 0 0 
0 0 0 0 0 0 0 0 0 0 0 0 0 0 0 0 0 0 0 0 0 0 0 0 0 0 0 0 
0 0 0 0 0 0 0 0 0 0 0 0 0 0 0 0 0 0 0 0 0 0 0 0 0 0 0 0 
0 0 0 0 0 0 0 0 0 0 0 0 0 0 0 0 0 0 0 0 0 0 0 0 0 0 0 0 
0 0 0 0 0 0 0 0 0 0 0 0 0 0 0 0 0 0 0 0 0 0 0 0 0 0 0 0 
0 0 0 0 0 0 0 0 0 0 0 0 0 0 0 0.000653306 0.00133107 0.00182322 0.00199186 0.0018203 0.00134011 0.000643865 0 0 0 0 0 0 
0 0 0 0 0 0 0 0 0 0 0 0 0 0 0 0.00180446 0.00367646 0.00503579 0.00550159 0.00502775 0.00370143 0.00177838 0 0 0 0 0 0 
0 0 0 0 0 0 0 0 0 0 0 0 0 0 0 0.00288783 0.00588376 0.00805923 0.00880468 0.00804634 0.00592373 0.0028461 0 0 0 0 0 0 
0 0 0 0 0 0 0 0 0 0 0 0 0 0 0 0.00371304 0.00756507 0.0103622 0.0113207 0.0103456 0.00761646 0.00365938 0 0 0 0 0 0 
0 0 0 0 0 0 0 0 0 0 0 0 0 0 0 0.00439809 0.0089608 0.012274 0.0134093 0.0122544 0.00902168 0.00433453 0 0 0 0 0 0 
0 0 0 0 0 0 0 0 0 0 0 0 0 0 0 0.00509676 0.0103843 0.0142238 0.0155395 0.0142011 0.0104548 0.0050231 0 0 0 0 0 0 
0 0 0 0 0 0 0 0 0 0 0 0 0 0 0 0.00537309 0.0109473 0.014995 0.016382 0.014971 0.0110217 0.00529544 0 0 0 0 0 0 
0 0 0 0 0 0 0 0 0 0 0 0 0 0 0 0.005665 0.0115421 0.0158096 0.017272 0.0157844 0.0116205 0.00558314 0 0 0 0 0 0 
0 0 0 0 0 0 0 0 0 0 0 0 0 0 0 0.00575348 0.0117223 0.0160566 0.0175417 0.0160309 0.011802 0.00567033 0 0 0 0 0 0 
0 0 0 0 0 0 0 0 0 0 0 0 0 0 0 0.00602168 0.0122687 0.016805 0.0183594 0.0167782 0.0123521 0.00593465 0 0 0 0 0 0 
0 0 0 0 0 0 0 0 0 0 0 0 0 0 0 0.00600774 0.0122404 0.0167661 0.018317 0.0167393 0.0123235 0.00592092 0 0 0 0 0 0 
0 0 0 0 0 0 0 0 0 0 0 0 0 0 0 0.00614449 0.012519 0.0171478 0.0187339 0.0171203 0.012604 0.00605569 0 0 0 0 0 0 
0 0 0 0 0 0 0 0 0 0 0 0 0 0 0 0.00584725 0.0119134 0.0163182 0.0178276 0.0162922 0.0119943 0.00576275 0 0 0 0 0 0 
0 0 0 0 0 0 0 0 0 0 0 0 0 0 0 0.00566342 0.0115388 0.0158052 0.0172672 0.01578 0.0116172 0.00558158 0 0 0 0 0 0 
0 0 0 0 0 0 0 0 0 0 0 0 0 0 0 0.00542718 0.0110575 0.0151459 0.0165469 0.0151217 0.0111326 0.00534874 0 0 0 0 0 0 
0 0 0 0 0 0 0 0 0 0 0 0 0 0 0 0.00507464 0.0103392 0.0141621 0.015472 0.0141394 0.0104095 0.0050013 0 0 0 0 0 0 
0 0 0 0 0 0 0 0 0 0 0 0 0 0 0 0.00448275 0.0091333 0.0125103 0.0136674 0.0124903 0.00919535 0.00441797 0 0 0 0 0 0 
0 0 0 0 0 0 0 0 0 0 0 0 0 0 0 0.00365661 0.00745008 0.0102047 0.0111486 0.0101884 0.0075007 0.00360376 0 0 0 0 0 0 
0 0 0 0 0 0 0 0 0 0 0 0 0 0 0 0.00280583 0.00571668 0.00783037 0.00855466 0.00781785 0.00575551 0.00276528 0 0 0 0 0 0 
0 0 0 0 0 0 0 0 0 0 0 0 0 0 0 0.00185811 0.00378577 0.00518553 0.00566518 0.00517724 0.00381149 0.00183126 0 0 0 0 0 0 
0 0 0 0 0 0 0 0 0 0 0 0 0 0 0 0.00080067 0.00163131 0.00223447 0.00244116 0.0022309 0.00164239 0.000789099 0 0 0 0 0 0 
0 0 0 0 0 0 0 0 0 0 0 0 0 0 0 0 0 0 0 0 0 0 0 0 0 0 0 0 
0 0 0 0 0 0 0 0 0 0 0 0 0 0 0 0 0 0 0 0 0 0 0 0 0 0 0 0 
0 0 0 0 0 0 0 0 0 0 0 0 0 0 0 0 0 0 0 0 0 0 0 0 0 0 0 0 
0 0 0 0 0 0 0 0 0 0 0 0 0 0 0 0 0 0 0 0 0 0 0 0 0 0 0 0 
0 0 0 0 0 0 0 0 0 0 0 0 0 0 0 0 0 0 0 0 0 0 0 0 0 0 0 0 
0 0 0 0 0 0 0 0 0 0 0 0 0 0 0 0 0 0 0 0 0 0 0 0 0 0 0 0 
0 0 0 0 0 0 0 0 0 0 0 0 0 0 0 0 0 0 0 0 0 0 0 0 0 0 0 0 
0 0 0 0 0 0 0 0 0 0 0 0 0 0 0 0 0 0 0 0 0 0 0 0 0 0 0 0 
0 0 0 0 0 0 0 0 0 0 0 0 0 0 0 0 0 0 0 0 0 0 0 0 0 0 0 0 
0 0 0 0 0 0 0 0 0 0 0 0 0 0 0 0 0 0 0 0 0 0 0 0 0 0 0 0 
0 0 0 0 0 0 0 0 0 0 0 0 0 0 0 0 0 0 0 0 0 0 0 0 0 0 0 0 
0 0 0 0 0 0 0 0 0 0 0 0 0 0 0 0 0 0 0 0 0 0 0 0 0 0 0 0 
0 0 0 0 0 0 0 0 0 0 0 0 0 0 0 0 0 0 0 0 0 0 0 0 0 0 0 0 
0 0 0 0 0 0 0 0 0 0 0 0 0 0 0 0 0 0 0 0.000801555 0.00164816 0.00224809 0.00245601 0.00223919 0.00164533 0.000797323 0 0 
0 0 0 0 0 0 0 0 0 0 0 0 0 0 0 0 0 0 0 0.00187026 0.00384562 0.00524544 0.00573057 0.00522467 0.00383902 0.00186038 0 0 
0 0 0 0 0 0 0 0 0 0 0 0 0 0 0 0 0 0 0 0.00297594 0.00611912 0.0083465 0.00911843 0.00831345 0.00610862 0.00296023 0 0 
0 0 0 0 0 0 0 0 0 0 0 0 0 0 0 0 0 0 0 0.00368595 0.00757905 0.0103378 0.0112939 0.0102969 0.00756604 0.00366649 0 0 
0 0 0 0 0 0 0 0 0 0 0 0 0 0 0 0 0 0 0 0.00445388 0.00915807 0.0124916 0.0136469 0.0124422 0.00914235 0.00443036 0 0 
0 0 0 0 0 0 0 0 0 0 0 0 0 0 0 0 0 0 0 0.00482578 0.00992278 0.0135347 0.0147865 0.0134811 0.00990575 0.00480031 0 0 
0 0 0 0 0 0 0 0 0 0 0 0 0 0 0 0 0 0 0 0.00526102 0.0108177 0.0147554 0.01612 0.014697 0.0107991 0.00523324 0 0 
0 0 0 0 0 0 0 0 0 0 0 0 0 0 0 0 0 0 0 0.00560962 0.0115345 0.0157331 0.0171882 0.0156708 0.0115147 0.00558001 0 0 
0 0 0 0 0 0 0 0 0 0 0 0 0 0 0 0 0 0 0 0.00583031 0.0119883 0.016352 0.0178644 0.0162873 0.0119677 0.00579953 0 0 
0 0 0 0 0 0 0 0 0 0 0 0 0 0 0 0 0 0 0 0.00593587 0.0122053 0.0166481 0.0181878 0.0165822 0.0121844 0.00590454 0 0 
0 0 0 0 0 0 0 0 0 0 0 0 0 0 0 0 0 0 0 0.00607291 0.0124871 0.0170325 0.0186077 0.016965 0.0124657 0.00604085 0 0 
0 0 0 0 0 0 0 0 0 0 0 0 0 0 0 0 0 0 0 0.00604161 0.0124228 0.0169447 0.0185118 0.0168776 0.0124014 0.00600971 0 0 
0 0 0 0 0 0 0 0 0 0 0 0 0 0 0 0 0 0 0 0.00584644 0.0120215 0.0163973 0.0179138 0.0163324 0.0120008 0.00581558 0 0 
0 0 0 0 0 0 0 0 0 0 0 0 0 0 0 0 0 0 0 0.00562109 0.0115581 0.0157653 0.0172233 0.0157028 0.0115382 0.00559141 0 0 
0 0 0 0 0 0 0 0 0 0 0 0 0 0 0 0 0 0 0 0.00528879 0.0108748 0.0148333 0.0162051 0.0147745 0.0108561 0.00526087 0 0 
0 0 0 0 0 0 0 0 0 0 0 0 0 0 0 0 0 0 0 0.00484202 0.00995616 0.0135802 0.0148362 0.0135264 0.00993907 0.00481645 0 0 
0 0 0 0 0 0 0 0 0 0 0 0 0 0 0 0 0 0 0 0.00442088 0.00909022 0.0123991 0.0135458 0.01235 0.00907462 0.00439754 0 0 
0 0 0 0 0 0 0 0 0 0 0 0 0 0 0 0 0 0 0 0.00367197 0.00755031 0.0102986 0.0112511 0.0102579 0.00753735 0.00365259 0 0 
0 0 0 0 0 0 0 0 0 0 0 0 0 0 0 0 0 0 0 0.00280488 0.0057674 0.00786675 0.00859431 0.0078356 0.0057575 0.00279008 0 0 
0 0 0 0 0 0 0 0 0 0 0 0 0 0 0 0 0 0 0 0.00178298 0.00366616 0.00500066 0.00546314 0.00498085 0.00365987 0.00177357 0 0 
0 0 0 0 0 0 0 0 0 0 0 0 0 0 0 0 0 0 0 0.000440912 0.000906604 0.00123661 0.00135098 0.00123171 0.000905048 0.000438585 0 0 
0 0 0 0 0 0 0 0 0 0 0 0 0 0 0 0 0 0 0 0 0 0 0 0 0 0 0 0 
0 0 0 0 0 0 0 0 0 0 0 0 0 0 0 0 0 0 0 0 0 0 0 0 0 0 0 0 
0 0 0 0 0 0 0 0 0 0 0 0 0 0 0 0 0 0 0 0 0 0 0 0 0 0 0 0 
0 0 0 0 0 0 0 0 0 0 0 0 0 0 0 0 0 0 0 0 0 0 0 0 0 0 0 0 
0.00467355 -0.000210574 0.000916761 0 0 0 0 0 0 0 0 0 0 0 0 0 0 0 0 0 0 0 0 -0.000211996 -0.000435164 -0.000595089 -0.00065453 -0.000594102 
0.0233683 -0.000566377 0.00438948 0 0 0 0 0 0 0 0 0 0 0 0 0 0 0 0 0 0 0 0 -0.000570197 -0.00117049 -0.00160056 -0.00176051 -0.00159793 
0.039016 -0.000144614 0.00702959 0 0 0 0 0 0 0 0 0 0 0 0 0 0 0 0 0 0 0 0 -0.000145577 -0.000298846 -0.000408651 -0.000449481 -0.000407981 
0.0497235 -4.11887e-05 0.00890601 0 0 0 0 0 0 0 0 0 0 0 0 0 0 0 0 0 0 0 0 -4.1462e-05 -8.51184e-05 -0.000116398 -0.00012802 -0.000116191 
0.0570835 2.46027e-05 0.0101989 0 0 0 0 0 0 0 0 0 0 0 0 0 0 0 0 0 0 0 0 2.47583e-05 5.08327e-05 6.95383e-05 7.64707e-05 6.93929e-05 
0.0619546 -5.71209e-05 0.0111018 0 0 0 0 0 0 0 0 0 0 0 0 0 0 0 0 0 0 0 0 -5.75011e-05 -0.000118039 -0.000161437 -0.000177542 -0.000161165 
0.0655717 3.95242e-05 0.0117124 0 0 0 0 0 0 0 0 0 0 0 0 0 0 0 0 0 0 0 0 3.97972e-05 8.17064e-05 0.000111721 0.000122861 0.000111526 
0.0677783 2.45996e-05 0.0121141 0 0 0 0 0 0 0 0 0 0 0 0 0 0 0 0 0 0 0 0 2.47659e-05 5.08238e-05 6.95491e-05 7.64769e-05 6.94156e-05 
0.0691674 -5.58022e-06 0.0123727 0 0 0 0 0 0 0 0 0 0 0 0 0 0 0 0 0 0 0 0 -5.61551e-06 -1.15178e-05 -1.58015e-05 -1.73578e-05 -1.57729e-05 
0.0702024 5.56966e-05 0.0125346 0 0 0 0 0 0 0 0 0 0 0 0 0 0 0 0 0 0 0 0 5.60643e-05 0.000115098 0.000157385 0.000173125 0.000157124 
0.070653 2.46907e-05 0.0126279 0 0 0 0 0 0 0 0 0 0 0 0 0 0 0 0 0 0 0 0 2.4854e-05 5.10374e-05 6.97712e-05 7.67363e-05 6.96952e-05 
0.0709251 7.63704e-05 0.0126582 0 0 0 0 0 0 0 0 0 0 0 0 0 0 0 0 0 0 0 0 7.68928e-05 0.00015784 0.000215856 0.000237398 0.000215496 
0.0705092 -1.40787e-05 0.012616 0 0 0 0 0 0 0 0 0 0 0 0 0 0 0 0 0 0 0 0 -1.41809e-05 -2.91161e-05 -3.97847e-05 -4.37755e-05 -3.97722e-05 
0.0700157 -4.12841e-05 0.0125371 0 0 0 0 0 0 0 0 0 0 0 0 0 0 0 0 0 0 0 0 -4.15591e-05 -8.53031e-05 -0.000116673 -0.00012834 -0.00011647 
0.0693189 7.98516e-05 0.012367 0 0 0 0 0 0 0 0 0 0 0 0 0 0 0 0 0 0 0 0 8.0387e-05 0.000165013 0.000225646 0.000248196 0.00022528 
0.0678332 0.00010013 0.0120932 0 0 0 0 0 0 0 0 0 0 0 0 0 0 0 0 0 0 0 0 0.000100803 0.000206903 0.000282971 0.000311238 0.000282505 
0.0654018 1.32859e-05 0.0116872 0 0 0 0 0 0 0 0 0 0 0 0 0 0 0 0 0 0 0 0 1.33771e-05 2.7456e-05 3.75101e-05 4.13128e-05 3.74839e-05 
0.0620295 5.11745e-05 0.0110682 0 0 0 0 0 0 0 0 0 0 0 0 0 0 0 0 0 0 0 0 5.15174e-05 0.000105747 0.000144624 0.000159051 0.000144376 
0.0568529 -1.52858e-05 0.0101657 0 0 0 0 0 0 0 0 0 0 0 0 0 0 0 0 0 0 0 0 -1.53837e-05 -3.15833e-05 -4.31967e-05 -4.74878e-05 -4.31086e-05 
0.0494485 -4.06269e-05 0.00884857 0 0 0 0 0 0 0 0 0 0 0 0 0 0 0 0 0 0 0 0 -4.09105e-05 -8.39626e-05 -0.000114823 -0.000126299 -0.000114628 
0.0389165 -5.48885e-06 0.00694672 0 0 0 0 0 0 0 0 0 0 0 0 0 0 0 0 0 0 0 0 -5.51798e-06 -1.13407e-05 -1.55021e-05 -1.70569e-05 -1.54762e-05 
0.0230952 -0.000501703 0.00429848 0 0 0 0 0 0 0 0 0 0 0 0 0 0 0 0 0 0 0 0 -0.000505083 -0.00103682 -0.00141783 -0.00155944 -0.00141548 
0.00462382 -0.000197704 0.000896707 0 0 0 0 0 0 0 0 0 0 0 0 0 0 0 0 0 0 0 0 -0.000199035 -0.000408566 -0.00055871 -0.000614519 -0.000557779 
0 0 0 0 0 0 0 0 0 0 0 0 0 0 0 0 0 0 0 0 0 0 0 0 0 0 0 0 
0 0 0 0 0 0 0 0 0 0 0 0 0 0 0 0 0 0 0 0 0 0 0 0 0 0 0 0 
0 0 0 0 0 0 0 0 0 0 0 0 0 0 0 0 0 0 0 0 0 0 0 0 0 0 0 0 
0 0 0 0 0 0 0 0 0 0 0 0 0 0 0 0 0 0 0 0 0 0 0 0 0 0 0 0 
0 0 0 0 0 0 0 0 0 0 0 0 0 0 0 0 0 0 0 0 0 0 0 0 0 0 0 0 
0 0 0 0 0 0 0 0 0 0 0 0 0 0 0 0 0 0 0 0 0 0 0 0 0 0 0 0 
0 0 0 0 0 0 0 0 0 0 0 0 0 0 0 0 0 0 0 0 0 0 0 0 0 0 0 0 
0 0 0 0 0 0 0 0 0 0 0 0 0 0 0 0 0 0 0 0 0 0 0 0 0 0 0 0 
0 0 0 0 0 0 0 0 0 0 0 0 0 0 0 0 0 0 0 0 0 0 0 0 0 0 0 0 
0 0 0 0 0 0 0 0 0 0 0 0 0 0 0 0 0 0 0 0 0 0 0 0 0 0 0 0 
0 0 0 0 0 0 0 0 0 0 0 0 0 0 0 0 0 0 0 0 0 0 0 0 0 0 0 0 
0 0 0 0 0 0 0 0 0 0 0 0 0 0 0 0 0 0 0 0 0 0 0 0 0 0 0 0 
0 0 0 0 0 0 0 0 0 0 0 0 0 0 0 0 0 0 0 0 0 0 0 0 0 0 0 0 
0 0 0 0 0 0 0 0 0 0 0 0 0 0 0 0 0 0 0 0 0 0 0 0 0 0 0 0 
0 0 0 0 0 0 0 0 0 0 0 0 0 0 0 0 0 0 0 0 0 0 0 0 0 0 0 0 
0 0 0 0 0 0 0 0 0 0 0 0 0 0 0 0 0 0 0 0 0 0 0 0 0 0 0 0 
0 0 0 0 0 0 0 0 0 0 0 0 0 0 0 0 0 0 0 0 0 0 0 0 0 0 0 0 
0 0 0 0 0 0 0 0 0 0 0 0 0 0 0 0 0 0 0 0 0 0 0 0 0 0 0 0 
0 0 0 0 0 0 0 0 0 0 0 0 0 0 0 0 0 0 0 0 0 0 0 0 0 0 0 0 
0 0 0 0 0 0 0 0 0 0 0 0 0 0 0 0 0 0 0 0 0 0 0 0 0 0 0 0 
0 0 0 0 0 0 0 0 0 0 0 0 0 0 0 0 0 0 0 0 0 0 0 0 0 0 0 0 
0 0 0 0 0 0 0 0 0 0 0 0 0 0 0 0 0 0 0 0 0 0 0 0 0 0 0 0 
0 0 0 0 0 0 0 0 0 0 0 0 0 0 0 0 0 0 0 0 0 0 0 0 0 0 0 0 
0 0 0 0 0 0 0 0 0 0 0 0 0 0 0 0 0 0 0 0 0 0 0 0 0 0 0 0 
0 0 0 0 0 0 0 0 0 0 0 0 0 0 0 0 0 0 0 0 0 0 0 0 0 0 0 0 
0 0 0 0 0 0 0 0 0 0 0 0 0 0 0 0 0 0 0 0 0 0 0 0 0 0 0 0 
0 0 0 0 0 0 0 0 0 0 0 0 0 0 0 0 0 0 0 0 0 0 0 0 0 0 0 0 
0 0 0 0 0 0 0 0 0 0 0 0 0 0 0 0 0 0 0 0 0 0 0 0 0 0 0 0 
0 0 0 0 0 0 0 0 0 0 0 0 0 0 0 0 0 0 0 0 0 0 0 0 0 0 0 0 
0 0 0 0 0 0 0 0 0 0 0 0 0 0 0 0 0 0 0 0 0 0 0 0 0 0 0 0 
0 0 0 0 0 0 0 0 0 0 0 0 0 0 0 0 0 0 0 0 0 0 0 0 0 0 0 0 
0 0 0 0 0 0 0 0 0 0 0 0 0 0 0 0 0 0 0 0 0 0 0 0 0 0 0 0 
0 0 0 0 0 0 0 0 0 0 0 0 0 0 0 0 0 0 0 0 0 0 0 0 0 0 0 0 
0 0 0 0 0 0 0 0 0 0 0 0 0 0 0 0 0 0 0 0 0 0 0 0 0 0 0 0 
0 0 0 0 0 0 0 0 0 0 0 0 0 0 0 0 0 0 0 0 0 0 0 0 0 0 0 0 
0 0 0 0 0 0 0 0 0 0 0 0 0 0 0 0 0 0 0 0 0 0 0 0 0 0 0 0 
0 0 0 0 0 0 0 0 0 0 0 0 0 0 0 0 0 0 0 0 0 0 0 0 0 0 0 0 
0 0 0 0 0 0 0 0 0 0 0 0 0 0 0 0 0 0 0 0 0 0 0 0 0 0 0 0 
0.00100511 0.00137042 0.00150895 0.0013743 0.00100816 0.000487865 0 0 0 0 0 0 0 0 0 0 0 0 0 0 0 0 0 0 0 0 0 0.000487115 
0.00331307 0.00451722 0.00497381 0.00453001 0.0033231 0.00160811 0 0 0 0 0 0 0 0 0 0 0 0 0 0 0 0 0 0 0 0 0 0.00160564 
0.00504286 0.00687572 0.00757071 0.00689518 0.00505814 0.00244772 0 0 0 0 0 0 0 0 0 0 0 0 0 0 0 0 0 0 0 0 0 0.00244396 
0.006765 0.00922377 0.0101561 0.00924988 0.00678549 0.00328362 0 0 0 0 0 0 0 0 0 0 0 0 0 0 0 0 0 0 0 0 0 0.00327857 
0.00813708 0.0110945 0.012216 0.0111259 0.00816173 0.0039496 0 0 0 0 0 0 0 0 0 0 0 0 0 0 0 0 0 0 0 0 0 0.00394353 
0.00874041 0.0119172 0.0131217 0.0119509 0.00876689 0.00424245 0 0 0 0 0 0 0 0 0 0 0 0 0 0 0 0 0 0 0 0 0 0.00423593 
0.00970856 0.0132372 0.0145752 0.0132747 0.00973797 0.00471238 0 0 0 0 0 0 0 0 0 0 0 0 0 0 0 0 0 0 0 0 0 0.00470513 
0.0101672 0.0138625 0.0152637 0.0139018 0.010198 0.004935 0 0 0 0 0 0 0 0 0 0 0 0 0 0 0 0 0 0 0 0 0 0.00492741 
0.0105051 0.0143233 0.0157711 0.0143638 0.010537 0.00509902 0 0 0 0 0 0 0 0 0 0 0 0 0 0 0 0 0 0 0 0 0 0.00509118 
0.0107126 0.0146061 0.0160825 0.0146474 0.010745 0.0051997 0 0 0 0 0 0 0 0 0 0 0 0 0 0 0 0 0 0 0 0 0 0.00519171 
