59.5154 59.7924 59.9108 60.0254 59.6128 60.3824 60.0799 59.8153 59.3546 59.5442 0 
59.4821 59.4823 59.6143 59.9902 60.1579 59.987 59.9459 58.4875 58.5574 58.0205 0 
59.5015 59.4461 59.0606 59.0361 59.0684 59.3992 59.7887 58.7495 57.8339 57.2866 0 
59.5178 59.7117 59.4442 59.5193 59.2194 58.5704 59.0037 59.4794 60.4682 60.4656 0 
59.5096 59.2641 59.291 59.0188 59.5573 59.9968 59.4982 59.4974 59.2174 58.7483 0 
59.5269 59.5943 59.6705 59.7368 59.738 59.4515 59.1917 59.2141 59.1772 0 
59.5135 59.3881 60.1133 59.9112 60.0516 60.034 59.4188 59.5011 59.5652 0 
59.4876 59.5008 59.5336 60.3251 60.4605 60.6549 60.2614 60.602 60.9052 58.8886 0 
59.5025 59.3803 59.035 59.0702 59.7417 59.5019 59.2708 59.0488 59.6933 59.4681 0 
59.4745 59.6148 59.2466 58.6707 58.884 59.0221 59.0084 59.8719 58.9841 0 
59.4789 59.7741 59.9366 59.7253 59.3618 59.397 59.0901 60.6486 59.875 58.3047 0 
59.5088 59.608 59.5985 59.1494 58.6716 58.7419 59.445 60.4287 60.1401 61.1705 0 
59.5038 59.5306 59.4369 59.1652 59.4186 59.594 59.6739 59.0398 58.8962 57.7617 0 
59.4977 59.5427 59.8762 59.9303 58.9611 59.0208 59.2646 59.9301 59.2952 57.8409 0 
59.4764 59.4142 59.3383 59.6127 59.6489 59.924 59.182 58.8707 58.8677 56.5033 0 
59.5133 59.4647 59.1187 59.0772 58.8635 57.8555 58.4328 58.3801 59.5306 59.5 0 
59.5192 59.4176 59.4101 59.4333 59.8044 59.7331 59.7296 59.6902 59.3312 58.271 0 
59.472 59.5305 59.7871 59.8234 59.496 59.7912 60.171 58.7483 57.8894 59.423 0 
59.4914 59.2878 59.1135 58.922 59.1173 58.8584 58.6299 59.3996 58.4391 59.371 0 
59.527 59.9468 59.9147 59.649 59.5399 59.4889 59.9466 57.9943 58.1642 60.8422 0 
59.5269 59.449 59.5377 59.4353 59.49 59.433 60.4641 59.95 59.9223 60.3418 0 
59.4961 59.4606 59.3844 59.4459 59.0002 59.8211 59.4042 59.5244 60.128 58.7865 0 
59.507 59.4817 59.5623 59.574 59.8075 60.0166 60.026 59.53 59.1417 0 
59.5163 59.6488 59.8665 59.887 60.3919 60.1728 60.1666 59.0719 57.6369 0 
59.5425 59.2777 59.0118 59.1383 59.3122 59.1033 60.2492 60.3833 59.7081 58.5187 0 
59.5047 59.274 59.4743 59.3079 59.1859 59.5498 58.6465 58.893 60.1948 58.0192 0 
59.5025 59.2459 59.5648 59.5032 59.4931 59.8216 59.2254 58.94 58.2422 58.5206 0 
59.4784 59.8524 59.9949 59.8393 59.539 59.486 59.3677 58.158 58.1673 61.4747 0 
59.5295 59.5895 59.6706 60.2046 60.1553 60.4856 59.9918 60.0007 59.7735 60.0186 0 
59.4848 59.775 59.6015 59.6353 59.5426 59.8446 58.6597 58.5272 58.9391 0 
59.4715 59.7937 59.7816 59.9229 59.8579 59.5924 58.9453 58.7841 59.8131 59.3707 0 
59.4914 59.9856 59.8816 59.8836 60.5575 60.3616 60.3564 60.012 56.0623 0 
59.5095 59.5082 59.653 59.9148 60.0596 60.026 60.3497 59.5883 59.708 57.5969 0 
59.5012 59.3384 59.5117 59.3919 59.6167 59.7255 59.8146 59.4321 58.5836 0 
59.5143 59.7956 59.4908 59.4885 59.4667 60.1719 59.0379 59.0844 59.5063 61.4929 0 
59.4915 59.2123 59.1551 59.171 58.5497 59.3839 59.5007 59.508 59.1964 57.5195 0 
59.5222 59.8736 59.5169 59.5286 59.4805 60.1857 59.0298 59.7684 59.5585 0 
59.5229 59.4723 59.4313 59.5469 59.3236 59.0817 59.9694 59.6687 59.1158 61.4966 0 
59.5095 59.2644 59.634 59.6718 59.7819 59.6073 59.1108 58.9192 59.5791 59.5014 0 
59.4919 59.7641 59.6619 59.1657 58.8382 58.8671 59.3236 59.6918 58.9574 59.5035 0 
59.5235 59.3656 59.2081 59.3639 59.8911 59.8613 59.552 58.7219 58.721 0 
59.5071 59.9768 59.9959 60.0184 60.2857 59.429 59.4323 59.3056 58.5479 0 
59.5006 59.7031 59.8195 59.5345 59.4846 59.2261 59.6685 59.2987 58.7712 59.5006 0 
59.5551 59.2936 59.2282 59.484 59.3985 59.7067 59.3352 59.0649 58.4269 61.281 0 
59.5549 59.4403 59.4959 58.7135 59.5268 59.6083 60.0647 60.1507 59.2392 57.6858 0 
59.491 59.3869 59.1947 59.2942 60.004 60.4061 59.0276 59.0385 58.5751 58.9756 0 
59.4997 59.2892 58.6978 58.8153 58.8385 58.3954 59.9761 58.4959 58.5844 59.0533 0 
59.5012 59.536 59.9044 59.5973 59.8002 59.5848 59.1159 59.2263 60.1286 57.5002 0 
59.5095 59.4345 59.6487 59.5995 59.8438 59.09 59.486 59.1879 58.6134 59.4387 0 
59.4783 59.8073 59.648 59.1671 59.0107 58.9989 58.6171 58.5785 59.0564 0 
