59.4917 59.5274 59.4141 59.0884 58.7642 58.9171 59.005 59.0235 58.685 59.1104 0 
59.479 59.4997 59.5023 59.9135 60.0083 60.0438 59.584 59.6103 59.5568 59.5624 56.9982 0 
59.5137 59.4754 59.5083 59.3696 59.2819 59.1456 59.1182 58.9198 58.6682 59.3094 0 
59.4984 59.4336 59.432 59.4267 59.4982 59.3182 59.2859 59.2828 58.6213 58.5791 0 
59.5119 59.5168 59.1977 59.1341 59.1238 59.1266 59.3283 59.4056 58.9128 58.7307 58.8547 0 
59.5051 59.4879 59.249 59.4306 59.024 59.0655 59.0478 59.7952 60.3555 0 
59.5224 59.7834 60.111 60.2088 60.0053 59.9345 59.914 59.563 59.8828 58.9776 59.0268 58.9303 0 
59.4794 59.4912 59.2708 59.2849 59.3146 59.7649 59.7606 59.9094 60.789 61.759 62.1315 62.1069 0 
59.502 59.4965 59.5005 59.4206 59.4471 59.4862 59.5271 59.4181 59.4958 59.4937 60.1429 60.2701 0 
59.4826 59.7492 59.7193 59.4764 59.3043 59.2677 59.2915 59.4353 59.4046 58.5349 58.2033 57.7158 0 
59.4941 59.4532 59.1634 59.4799 59.4775 59.6223 59.604 59.3382 59.6217 59.8256 60.0615 0 
59.4768 59.491 59.4475 59.744 59.4778 59.4843 58.9984 59.0069 59.0098 58.532 57.96 57.6754 57.6966 58.4998 58.4991 0 
59.4919 59.5274 59.5302 59.2656 59.241 58.5892 58.6361 59.6834 59.6974 59.6755 59.6891 59.7771 60.2882 59.4917 59.4851 0 
59.4923 59.3355 59.1604 59.4543 59.4848 59.0561 58.8539 58.7878 0 
59.4826 59.4851 59.1347 59.5144 59.7122 59.5912 59.607 59.5841 59.5691 59.6095 59.8133 59.8491 59.5023 59.5004 0 
59.5262 59.2776 58.9015 59.284 59.536 59.3894 59.396 59.4819 59.4928 59.6768 0 
59.4894 59.4797 59.3219 59.4745 59.5467 59.5573 59.5476 59.5765 59.1172 58.9127 0 
59.4959 59.5518 59.1308 59.1565 59.1615 59.1946 59.4652 59.9743 59.7913 59.4701 59.632 59.0469 58.5312 58.5248 58.5195 0 
59.456 59.5485 59.5481 59.5832 59.7483 59.5593 59.496 59.4877 59.0361 59.445 60.2652 60.2966 60.4934 0 
59.4991 59.4865 59.2619 59.0357 59.0831 59.0723 59.8011 59.6018 60.2301 0 
59.4891 59.4361 59.8289 59.8282 59.5159 59.4936 59.5009 59.509 59.521 59.8281 59.8327 59.7983 57.5031 0 
59.498 59.4201 59.5343 59.3639 59.5064 59.5291 59.6273 59.7397 59.7444 60.3085 59.9585 60.0099 61.4615 61.4475 61.4577 61.4502 61.4521 0 
59.4931 59.4692 59.4242 59.5898 59.5755 59.7313 59.9371 60.6834 60.6971 60.9323 60.496 0 
59.5173 59.2179 58.7378 58.7454 58.7246 58.9406 58.9813 58.1675 58.5171 58.5266 58.2029 0 
59.49 59.5454 59.6146 59.6111 59.612 58.9098 59.4019 59.3091 59.6036 60.1114 58.6868 0 
59.465 59.6009 59.5532 59.5469 59.5184 59.4645 59.45 58.9005 58.8646 58.7672 58.4988 0 
59.5 59.1263 58.9267 58.8778 59.0677 59.0873 59.6242 0 
59.5063 59.5103 59.6267 59.6899 59.6501 59.2562 59.2877 59.237 58.6443 58.5438 0 
59.4965 59.6538 59.6631 59.7955 59.9756 59.914 59.6703 59.4227 58.6613 58.6225 58.9948 58.9845 58.6131 59.4193 59.5115 0 
59.4708 59.3233 59.6158 59.3912 58.8686 58.8697 58.3008 58.3023 58.994 59.3399 58.4678 58.5233 0 
59.4904 59.2002 59.0895 59.0204 59.0351 59.0348 59.0238 59.9023 59.8991 59.8955 59.9412 59.0598 0 
59.5011 59.5183 59.453 59.1349 59.0861 59.3242 59.3268 59.0501 59.0931 58.8812 59.3733 0 
59.4841 59.7992 59.1584 59.1284 59.0515 58.7301 58.5791 58.7576 58.4361 0 
59.4967 59.2541 59.4222 59.5775 59.6541 59.7328 59.9059 59.8688 60.1561 60.1488 59.5154 0 
59.4622 59.8235 59.6514 59.6284 59.6396 59.9897 60.0213 60.0124 60.0097 59.9932 59.3401 58.6439 58.9152 58.4874 0 
59.4972 59.4143 59.3013 59.2866 59.2872 59.3111 59.5072 59.5456 59.9559 59.671 60.3364 60.0312 60.175 59.6949 0 
59.4759 59.5005 59.5061 59.342 59.463 59.6076 59.6614 58.5441 58.8257 59.0499 57.9786 0 
59.4729 59.4896 59.5451 59.4656 59.6937 59.371 59.5717 59.7211 59.6564 59.0319 58.9963 59.6527 59.6905 0 
59.5078 59.1525 59.1218 59.2175 59.2481 59.2421 59.0969 59.5812 58.9708 0 
59.4948 59.5231 59.5294 59.1683 59.1421 59.1759 59.1479 59.2942 60.0241 59.6873 59.2324 59.1952 58.1081 0 
59.4884 59.4941 59.8261 59.9453 59.9503 59.9476 59.9534 59.9974 60.0173 59.8219 60.0092 59.5963 58.8736 0 
59.4743 59.594 59.5483 59.5938 59.7336 59.7107 59.2014 59.4679 59.5168 59.5353 59.9507 0 
59.4809 59.363 59.3352 59.3811 59.0162 58.73 58.7906 58.8094 58.8637 59.0439 59.031 59.2974 60.3631 60.5008 60.4963 60.4999 0 
59.5054 59.4929 59.2445 59.2662 59.4824 59.9432 59.9502 60.2354 60.4496 60.1283 60.5541 60.5466 60.5386 0 
59.4716 59.4869 59.1942 59.1596 59.22 59.1567 59.1498 58.7155 58.5776 58.6215 59.207 59.3828 59.4106 0 
59.5375 59.4554 59.4852 59.4728 59.5008 59.4482 59.4182 59.4524 59.4091 59.7342 59.5105 0 
59.4888 59.948 59.6757 59.8015 59.7001 59.6432 59.5843 59.8542 59.7677 0 
59.4942 59.7796 59.7827 59.7678 59.7133 59.6552 60.4194 60.4674 60.6294 60.6649 0 
59.4927 59.5291 59.7162 59.4203 59.3869 58.9672 58.9552 58.9678 58.9696 58.9803 58.9583 58.9541 58.9526 59.3723 59.406 0 
59.4806 59.5028 59.5409 59.55 59.7559 59.7942 59.9296 59.9847 59.971 59.7643 58.9109 58.534 58.5069 60.475 0 
59.5001 59.4828 59.7625 59.8585 59.7835 59.5018 59.3616 59.316 59.1754 59.6533 58.7484 58.576 58.571 58.557 0 
59.4885 59.3963 59.0097 58.9728 58.9627 59.0168 59.9103 59.9336 60.2354 59.4551 57.7753 0 
59.5275 59.5024 59.6462 59.4853 59.7448 59.7793 59.7296 59.5644 60.4036 0 
59.4989 59.499 59.5157 59.8587 60.1203 60.1282 60.2666 60.084 60.0309 60.0837 60.0883 60.3342 60.0345 59.5065 0 
59.5023 59.6136 59.673 59.0582 59.0435 59.0967 59.2021 59.7673 60.1045 59.5136 59.4201 59.0658 0 
59.5029 59.478 59.4818 59.2697 59.2242 59.2881 59.0016 59.005 58.9957 58.8759 59.2127 0 
59.4937 59.4253 59.4676 59.6043 59.494 59.8078 59.9255 59.9225 59.9912 59.7041 59.7643 0 
59.4926 59.4048 59.3284 59.317 59.0508 59.031 58.9383 58.9532 58.7047 59.301 58.5643 58.5166 59.0783 0 
59.4994 59.8774 59.8862 59.8513 59.4683 59.4395 58.9892 58.9699 59.8064 59.6191 59.6313 59.5567 60.2293 60.2409 0 
59.4874 59.4892 59.4716 59.4847 59.4943 59.1607 59.0259 59.3847 59.7641 60.1404 59.7176 59.0866 59.1056 0 
59.4979 59.5043 59.5384 59.5 59.5523 59.0774 58.6685 58.8515 59.962 59.9754 59.7407 0 
59.481 59.5586 59.5126 59.9924 59.9597 59.9972 59.6229 59.7446 59.3521 59.4268 59.4925 0 
59.4962 59.4849 59.5239 59.5599 59.799 60.1538 60.0893 59.8967 59.2788 59.2633 58.9377 58.5152 0 
59.5082 59.4725 59.5084 59.5103 59.5406 59.5507 60.185 60.2126 60.0074 59.7219 60.1297 0 
59.4958 59.4916 59.4922 59.5055 59.3457 58.9906 58.6761 58.5878 58.8361 59.1455 59.5138 59.5612 59.5707 60.4442 0 
59.5163 59.4936 59.6193 59.9317 60.0201 60.0387 60.0393 60.4557 59.0634 59.3663 0 
59.4899 59.5346 59.8518 59.7895 59.5543 60.0922 60.1269 59.8351 60.925 60.9117 60.258 59.8131 0 
59.4936 59.4632 59.4186 59.4266 58.7849 58.1889 58.2176 59.1931 59.4387 59.9803 58.8034 0 
59.4786 58.8389 59.0531 59.2526 59.2379 59.491 59.9216 59.4106 59.3981 59.3879 59.1001 59.1024 59.1277 0 
59.5044 59.8528 59.8322 59.5012 59.5227 59.5202 59.5035 59.5045 59.5007 59.4216 58.9154 59.3795 0 
59.4951 59.3833 59.1565 59.1414 59.0509 58.9908 59.2726 59.3507 59.9514 59.9562 59.9605 60.212 59.871 0 
59.4712 59.3745 59.3697 59.3447 59.5831 59.5739 59.6335 58.9498 58.9857 58.9257 59.1181 0 
59.4896 59.5621 59.3923 59.4587 60.1068 60.0779 59.5264 59.4375 59.9225 60.2908 60.2936 60.2952 0 
59.4966 59.5342 59.5358 59.4305 59.6853 60.0863 60.0822 59.195 59.9053 59.5398 59.1361 59.4997 59.5001 0 
59.4721 59.2574 60.0299 60.0195 59.9803 59.9796 59.6058 59.519 59.5208 59.5197 58.3451 58.2615 58.4981 58.4974 58.4981 0 
59.4927 59.4913 59.4415 59.1126 59.4431 59.4483 59.7703 60.1092 59.8226 0 
59.4997 59.5074 59.1946 59.1912 59.4866 59.5215 59.8917 59.6083 59.5722 59.1633 59.5218 58.6919 0 
59.4703 59.1635 59.1488 59.3818 59.9269 60.4498 60.538 59.8131 59.3125 59.8839 0 
59.4754 59.4448 59.4347 59.4671 58.9722 58.5669 58.561 58.4857 58.2581 58.609 58.2769 58.741 58.7877 58.7243 0 
59.4715 59.4836 59.4864 59.6558 59.6361 59.0482 58.9158 58.8769 58.866 0 
59.4795 59.2202 59.2273 60.3001 60.3481 60.3274 60.3612 59.9987 60.0048 59.7738 0 
59.5128 59.6646 59.7669 59.5205 59.5236 59.1798 58.6609 58.6428 58.6363 58.9038 59.6519 59.7468 0 
59.4992 59.4555 59.4425 58.9846 59.2653 59.4655 59.583 59.5279 59.4674 59.7467 59.3948 60.3601 59.7544 0 
59.4792 59.481 59.7871 60.1951 59.867 59.7072 59.7083 59.7324 0 
59.5282 59.4702 59.7421 59.4631 59.5284 59.5369 59.8584 60.9153 60.6524 60.5141 60.5036 0 
59.4836 59.2786 59.1481 59.4461 59.4743 59.4774 59.5023 59.4987 59.4825 59.5423 59.9054 58.9016 0 
59.497 59.7689 59.7649 59.9814 60.4315 60.42 60.755 61.7651 61.7586 61.6305 61.5122 0 
59.4732 59.4802 59.4794 59.5799 59.9403 60.1936 60.1985 59.7998 59.1566 57.5906 57.5628 57.5028 0 
59.4803 59.665 59.6437 59.5 59.5012 59.4787 59.4741 58.803 58.465 59.6148 58.9322 58.7554 0 
59.5295 59.4532 59.5081 59.8356 60.0009 60.0357 60.0977 60.255 59.4045 59.3836 59.501 59.5004 59.4996 59.4996 59.5 59.5001 0 
59.4831 59.505 59.7718 59.0124 59.4753 59.3517 59.43 59.4814 59.4964 59.4964 0 
59.4795 59.4576 59.1172 59.3746 59.3742 59.2887 59.3105 60.0086 60.8652 0 
59.4846 59.5444 59.2175 59.1966 59.4068 59.4238 59.3645 59.2778 59.077 59.1513 59.3216 58.6648 58.6624 0 
59.4975 59.5161 59.2633 59.2461 59.3342 59.288 59.8674 59.6432 59.6776 60.6828 60.9256 60.8905 0 
59.4971 59.4255 59.1635 59.2274 58.9539 59.9524 59.9498 59.9997 60.0913 60.1343 0 
59.4821 59.5823 59.6011 59.5992 59.5186 59.6306 59.2205 58.803 58.6384 58.6348 58.6367 58.6009 0 
59.4906 59.4987 59.5848 59.8412 59.6352 58.6729 58.6355 58.4967 58.7691 58.8055 58.9411 0 
59.4734 59.5324 59.8208 59.5101 59.4934 59.6217 59.6283 59.7478 59.7926 60.2809 60.3214 60.974 61.5271 0 
59.4859 59.5146 59.4471 59.3773 59.401 59.6082 59.3938 59.4461 59.5715 59.8947 59.9055 60.1164 60.1571 0 
59.521 59.544 59.5389 59.8426 59.7832 59.5815 59.6074 59.9163 59.9135 59.7862 59.5123 0 
59.4943 59.243 59.2335 59.4571 59.5755 59.6044 59.5926 59.5982 59.9591 59.1668 58.7792 58.7947 58.4675 0 
59.4981 59.457 59.5632 59.6446 59.7696 59.7601 59.6054 59.5794 59.6272 59.8076 59.5091 59.3724 58.5104 0 
59.5064 59.496 59.9596 59.9797 59.8583 59.836 59.8677 60.2473 60.3103 60.2637 60.3454 60.8446 60.8115 0 
59.4976 59.5149 59.527 59.5545 58.5115 58.6128 58.8034 58.7916 59.0552 59.0767 59.1012 59.1541 0 
59.5187 59.4997 59.4347 58.9574 59.1273 59.1463 59.1575 59.5342 59.8381 59.7426 59.671 57.5256 57.5098 0 
59.5162 59.5556 59.5197 59.5255 59.76 59.0543 59.0255 59.0938 59.0857 59.0277 59.685 59.5132 59.5003 59.5003 0 
59.4961 59.7633 59.4836 59.4903 59.6164 59.618 59.6329 60.739 60.8583 60.5531 60.4683 0 
59.5064 59.6301 59.7433 59.7173 60.0603 59.8071 59.9956 60.0053 60.4308 59.2809 59.0617 0 
59.4802 59.507 59.1143 59.188 59.1626 59.0414 59.275 59.025 58.5365 0 
59.5006 59.2036 59.2042 59.2564 59.2598 59.3087 59.1769 59.2212 59.0274 59.8326 60.3125 60.4778 60.4787 60.4903 0 
59.4944 59.4752 59.5313 59.6512 59.8011 59.7993 59.5497 59.4392 59.3672 59.9771 0 
59.501 59.5145 59.3552 59.432 59.1438 59.0606 58.5211 58.4689 58.7498 58.7367 59.2426 59.4806 0 
59.4892 59.4354 59.5901 59.5759 59.5625 59.5968 59.0107 58.6375 58.9705 59.4493 60.3769 59.4786 0 
59.4853 59.502 59.4579 59.5425 59.5039 59.8552 59.7563 58.6347 58.6187 58.6525 58.6629 58.7544 59.6179 59.4995 0 
59.4961 59.7947 59.9207 60.2503 59.1231 59.0915 59.0502 59.0446 58.6289 0 
59.4863 59.459 59.7748 59.3883 59.4423 59.4213 59.4084 59.3974 59.7177 59.2626 58.3946 58.3844 57.9825 57.5007 57.501 0 
59.5079 59.3624 59.4881 59.4652 59.0523 59.0558 59.3889 58.1936 58.2001 58.2104 59.4397 59.4611 59.4764 59.4998 59.5 0 
59.5335 59.7889 59.7955 59.6296 59.6563 59.699 59.5755 59.5303 59.5317 59.5955 59.4405 59.7552 58.5469 0 
59.4685 59.8254 59.7852 59.8419 59.7146 59.7755 59.02 59.0274 58.9158 58.8448 58.491 58.2846 57.1473 0 
59.5068 59.1078 59.0894 59.0308 59.1195 59.1408 59.5168 59.4519 59.2631 60.5299 60.6213 60.5052 60.4992 0 
59.5065 59.7673 59.7855 59.6065 59.6674 59.4075 59.9452 59.8238 59.2708 58.9438 59.1183 59.8632 0 
59.5177 59.4916 59.4967 59.5784 58.9086 59.4634 59.5485 59.5393 59.5282 59.5418 59.6913 60.1193 0 
59.4899 59.4704 59.1839 59.0228 59.4622 59.4866 59.5111 59.4912 59.5161 59.7216 0 
59.4791 59.5324 59.6339 59.4712 59.4818 59.4899 59.5425 59.515 59.1639 59.1836 61.1847 0 
59.5049 59.6563 59.695 59.6812 59.9493 59.0225 59.4861 59.4324 59.4453 59.4323 58.6394 58.5037 0 
59.5121 59.2637 59.0588 59.0828 58.9849 59.0462 58.8675 58.8352 58.7442 58.3347 0 
59.5081 59.4567 59.5295 59.5408 59.8401 59.7257 59.7558 59.4605 59.2906 59.1185 59.0856 58.879 0 
59.4882 59.5286 59.5312 59.3125 59.3943 59.2308 59.1733 58.9933 58.9656 59.3434 61.7935 0 
59.4791 59.5147 59.1639 59.1533 59.2697 59.8214 59.4518 59.4962 59.4617 59.8567 59.0131 0 
59.4656 59.4322 59.7888 59.801 59.827 59.7279 59.0629 59.4896 59.49 59.8737 0 
59.474 59.5033 59.5262 59.7633 59.8628 59.8717 59.2814 59.319 60.519 61.3276 0 
59.4953 59.4682 59.4068 59.2484 59.5515 59.9272 59.995 59.1618 0 
59.5008 59.6603 59.7802 60.0538 59.4333 59.0044 60.435 60.5035 60.5012 60.4983 60.4991 60.4996 0 
59.4964 59.5686 59.344 59.3871 59.2822 59.4643 59.8263 59.9325 60.0636 61.9114 62.0043 0 
59.4927 59.7506 59.3852 59.3768 59.4316 59.6013 59.5933 59.6405 59.7504 59.0873 58.5496 58.5031 58.4997 0 
59.4927 59.4668 59.4814 59.6919 59.4965 59.6387 59.5367 59.4387 59.3927 59.1343 59.1463 59.0662 59.5101 59.5246 0 
59.5259 59.5005 59.4888 59.8317 59.5084 59.4833 59.4821 59.1514 59.566 59.9384 0 
59.4857 59.4543 59.5054 59.5241 59.5538 59.8433 58.9533 58.2691 0 
59.5164 59.4754 59.798 59.7527 59.4532 59.5685 59.6197 59.6259 60.2863 60.2422 59.9318 59.8787 59.7702 0 
59.4881 59.4251 59.2303 59.0489 59.0224 59.0867 59.8604 59.8143 59.625 59.6835 59.5049 0 
59.4682 59.5315 59.3933 59.3739 59.3655 58.7407 58.7601 58.5486 58.4169 58.4309 58.7354 59.0246 60.303 60.2508 0 
59.4868 59.4901 59.0835 59.0537 59.0145 59.0128 59.4773 59.4602 59.4881 59.4883 58.8237 58.2203 0 
59.5065 59.1278 59.1181 59.1488 59.4748 59.4843 59.4753 59.7485 59.7684 59.8189 59.4851 60.4911 60.4989 60.4995 60.4996 0 
59.4956 59.5769 59.5402 59.5453 59.4416 59.3967 59.1419 59.1352 59.1753 59.2908 59.2809 0 
59.5078 59.5104 59.8322 59.8303 59.8414 60.1553 60.5018 60.4712 60.4392 60.3138 0 
59.4667 59.4298 59.4985 59.4184 59.83 59.5525 59.5244 59.5204 59.6821 60.0969 58.8894 58.9164 58.4909 58.4816 58.5002 58.5 0 
59.4885 59.5183 59.5006 59.4759 59.3279 59.2751 59.5572 59.0544 59.0711 58.6096 58.5329 58.5007 0 
59.4821 59.6903 59.6879 59.6917 59.4326 59.4407 59.3753 59.3918 59.0859 59.729 59.8812 0 
59.4864 59.5591 59.5665 59.5745 59.4661 59.4756 59.475 59.2772 59.1349 60.695 60.5044 59.3564 59.3834 59.3758 59.3847 59.4938 0 
59.4782 59.5785 59.4838 59.1755 59.1715 59.162 58.4514 59.2799 59.2473 59.2397 59.3045 0 
59.4913 59.5698 59.4098 59.2847 59.3059 59.2623 59.2601 60.0701 60.2699 59.4817 59.4702 59.535 0 
59.4878 59.4592 59.5851 59.6118 59.584 59.6554 59.6675 59.6 59.5022 59.8825 60.2459 60.9312 0 
59.5284 59.6206 59.5757 59.5168 59.1585 59.4735 59.7934 59.7749 59.9122 60.5563 60.6404 61.2646 61.2143 61.2104 0 
59.5001 59.4814 59.5127 59.5072 59.7989 59.17 58.9725 59.5235 58.81 58.8465 59.4999 60.4715 60.4997 60.4998 60.4999 0 
59.4926 59.8411 59.8453 59.7937 59.8206 59.5585 59.1379 59.1127 60.018 59.9881 60.2621 61.1986 0 
59.5036 59.5071 59.5162 59.7895 59.7203 59.5832 58.9661 58.8576 58.9365 59.371 59.4238 0 
59.4896 59.6791 59.8297 59.649 60.0555 59.7961 59.2146 59.0966 59.1341 59.1758 58.8562 58.4118 58.4023 0 
59.4846 59.8271 59.7753 59.8442 60.0358 60.14 60.1177 60.2103 60.2191 60.1027 0 
59.5109 59.5366 59.5349 59.7138 59.7238 59.5136 59.2461 59.4981 59.5675 59.4993 60.495 60.4938 0 
59.5044 59.4792 59.4559 59.4531 59.0702 59.0264 59.0028 59.1402 59.1363 59.5224 57.8771 57.5706 57.5259 57.5012 0 
59.4936 59.5357 59.5108 59.3211 59.025 59.0177 59.0081 58.7205 58.7438 58.7843 59.27 59.7366 59.7619 58.5082 58.5076 0 
59.492 59.4538 59.2837 59.1614 58.5811 58.5761 58.6161 59.0789 59.0024 58.8156 58.8994 58.8756 0 
59.5175 59.21 59.1904 59.5152 59.5246 59.8957 59.9634 59.5752 59.6412 59.9176 0 
59.4882 59.846 59.6376 59.2061 59.2092 59.2922 59.2686 59.2637 59.4091 61.1644 61.4901 0 
59.4959 59.3956 59.4139 59.3595 58.6646 58.6391 58.6155 58.6861 58.7944 58.7466 59.2211 58.8659 0 
59.5006 59.2029 59.195 59.4841 59.7796 59.7972 59.7986 59.8289 59.8531 59.2992 59.1781 58.9411 59.9517 60.5293 0 
59.4899 59.8446 59.8343 59.799 59.8638 59.7314 60.8892 60.0174 59.934 59.9526 0 
59.4864 59.4795 59.2014 59.5638 59.5081 58.6293 59.3626 60.4361 60.4553 60.4617 60.4616 60.4888 0 
59.527 59.3081 59.2706 59.2586 59.4368 59.4018 59.2824 59.4745 0 
59.4836 59.4355 59.218 59.7049 59.3676 59.046 59.057 59.0064 58.8583 58.827 60.4095 0 
59.4946 59.5211 59.8224 59.8762 59.793 59.031 59.0284 59.1044 59.3369 59.3424 59.5267 0 
59.4818 59.4362 59.4649 59.9144 59.8237 59.558 59.5858 59.5772 60.2448 59.6796 59.6674 59.6675 60.2382 60.4993 60.4994 0 
59.5152 59.494 59.4949 59.4878 59.2285 59.0663 58.9886 59.3735 59.0762 59.0133 58.7678 59.5108 0 
59.5175 59.7762 59.7456 59.5558 59.5077 59.5562 59.1449 59.419 59.6725 59.6774 59.6563 60.7706 60.8644 60.9378 0 
59.5166 59.5025 59.5949 59.4001 59.8974 59.9346 59.4435 59.1372 59.0493 59.8925 60.3916 60.3842 60.4964 0 
59.5038 59.6271 59.3583 59.4765 59.5077 59.519 60.6648 60.7032 60.8777 60.2368 60.2194 60.4934 60.496 0 
59.5288 59.1364 58.7504 59.2554 59.2092 59.2837 59.3361 59.3432 59.5147 59.329 59.5395 0 
59.5221 59.4752 59.7273 59.6154 59.5547 60.0143 60.0147 60.7141 59.3213 58.771 58.5131 0 
59.4889 59.1755 59.2 59.1764 59.0988 58.8446 59.6863 59.5076 59.0501 0 
59.5113 59.5016 59.3657 59.6336 59.4597 59.4171 59.4602 59.4509 59.5135 59.4132 59.4036 59.6071 0 
59.489 59.4211 59.6155 59.5848 59.5856 59.5115 59.5079 59.1292 59.4815 59.6846 59.6619 59.5596 59.9921 59.5024 59.5023 0 
59.4976 59.4912 59.4139 60.1327 60.0818 60.1112 60.0505 60.2136 59.0419 59.0044 58.5742 58.5162 58.4992 58.4992 58.5 0 
59.5047 59.7594 59.6594 59.6194 59.5797 60.2682 60.1814 59.0815 59.4359 59.4665 59.4676 58.5113 58.5079 0 
59.4934 59.4444 59.1752 59.1884 59.214 59.4741 59.4755 59.1369 58.7241 59.5608 59.5218 59.9152 59.5872 59.5712 59.5736 59.5053 0 
59.476 59.4952 59.476 59.4982 59.5599 59.9374 59.5346 59.7023 59.9256 59.7696 59.5358 59.5482 59.5025 0 
59.4946 59.7713 59.4772 59.3528 59.3459 59.3619 59.3803 59.8864 59.1103 59.3807 59.3744 59.3779 0 
59.5018 59.5427 59.3694 59.4064 59.0252 59.0075 58.9772 58.6173 58.5286 58.7321 0 
59.481 59.4833 59.6415 59.6627 59.6203 59.845 59.916 59.7053 58.0799 58.0249 58.0142 59.0745 59.4797 59.4766 0 
59.4943 59.4821 59.4796 59.5077 59.42 58.974 58.8833 59.023 59.3396 59.3663 59.9347 61.5948 61.4328 0 
59.507 59.3678 59.5758 59.5146 59.5161 59.5139 59.4766 59.7285 59.9872 60.0412 60.06 60.0738 60.0803 60.0818 60.4992 60.4992 60.4999 0 
59.4962 59.4706 59.5092 59.6058 59.529 59.6683 59.8606 60.0626 59.8343 59.86 60.0277 59.2482 59.5062 0 
59.4812 59.7743 59.8118 59.5446 59.5977 59.5747 59.8751 59.6393 59.3874 59.2246 0 
59.5328 59.4829 59.449 59.4128 59.1796 59.1583 59.258 58.3785 58.1419 57.5541 57.5482 57.4997 57.5004 57.5004 57.5005 57.5005 0 
59.4998 59.5142 59.5323 59.5014 59.5307 59.8597 59.8163 59.842 59.7739 0 
59.5276 59.4908 59.9877 59.7542 59.8023 59.8618 59.8882 59.9301 59.9253 59.2644 59.177 0 
59.4808 59.713 60.2069 60.1179 58.7212 58.9978 59.0313 59.0182 59.6795 59.785 0 
59.4949 59.5693 59.5668 59.5219 59.5468 59.9542 59.8327 59.9378 59.7327 59.7608 59.5026 59.4333 60.175 0 
59.4893 59.207 59.2091 59.2724 59.1215 59.2284 59.2576 59.0122 59.4458 59.3964 59.1239 0 
59.4895 59.612 59.4523 59.138 59.1474 59.166 59.3994 60.5732 60.5729 60.478 60.478 60.5393 61.0541 61.1095 0 
59.511 59.4906 59.4361 59.4744 59.3034 59.57 59.5097 59.4049 59.5359 59.6052 59.5393 59.3674 0 
59.4822 59.7282 59.4323 59.4162 59.5197 59.9316 59.7474 59.7867 59.7751 59.7791 59.4375 59.5668 60.2964 0 
59.501 59.4648 59.1235 59.1096 59.7355 59.7906 59.8982 59.8967 59.8587 59.9075 60.2465 59.9852 61.4902 61.5005 61.5008 61.5007 0 
59.5028 59.4604 59.4775 59.434 59.5218 59.508 59.517 59.7232 59.7971 58.9513 58.6807 58.4347 58.4117 58.4505 0 
59.502 59.541 59.5312 59.5152 59.5566 59.5832 59.4195 60.1194 59.9912 59.4273 58.66 0 
59.4744 59.5067 59.5097 59.4763 59.4155 59.628 59.6033 59.7748 59.8811 59.9068 60.9758 0 
59.4933 59.4984 59.4793 59.7569 59.551 59.8762 59.8249 59.9791 59.9803 59.9979 60.0138 60.1653 60.5965 0 
59.4832 59.5179 59.6719 59.7478 59.8436 59.8197 59.8446 59.3401 59.5241 59.3491 58.7481 58.0622 58.5089 0 
59.4955 59.5207 59.3351 59.4362 59.8541 59.8403 59.851 59.6358 59.2605 59.5177 59.1609 58.5052 0 
59.4984 59.2936 59.1115 59.1686 59.2031 59.3198 59.3312 59.4702 59.5565 59.4952 59.4922 59.5553 60.4947 60.4951 60.4941 60.4955 0 
59.5083 59.823 59.8533 59.9187 59.8303 59.5086 59.5457 60.0877 0 
59.4706 59.2056 59.2312 59.2461 59.5261 59.5311 59.5285 59.9393 59.8625 60.3757 60.9882 61.4634 61.4713 0 
59.5074 59.5049 59.308 59.3792 59.608 59.5942 59.5903 59.4285 59.5111 59.5174 59.5485 61.2059 0 
59.4978 59.3917 59.7292 59.4461 59.4711 59.4444 59.1253 58.9491 58.7892 60.2704 60.2831 60.471 60.4772 59.5214 0 
59.4873 59.4722 59.4875 59.4442 59.6076 59.0825 59.1141 59.5226 59.5327 59.7218 59.8985 59.7438 59.8174 0 
59.5062 59.7653 59.2563 59.1413 59.1461 59.3488 59.6638 60.3772 60.3551 60.67 0 
59.4999 59.7962 59.8255 59.84 59.8768 60.1229 60.5445 60.461 60.482 60.4919 0 
59.5223 59.2617 59.2672 59.2898 59.3103 60.2368 60.1419 59.3749 59.5637 59.5613 59.4261 0 
59.4943 59.6429 59.498 59.3438 59.2625 59.4996 59.5977 59.8481 59.8459 59.8827 59.9127 60.6828 60.8339 0 
59.488 59.3216 59.0299 59.0552 59.0532 59.1311 59.1942 59.1947 59.2451 58.6653 59.3368 60.0373 58.5777 58.4987 58.4995 0 
59.4917 59.5817 59.4619 59.5678 59.6634 59.5199 59.5588 59.4969 59.9892 59.6883 59.6407 59.6654 59.7732 60.0657 60.0547 60.3897 0 
59.4873 59.5389 59.4953 59.5072 59.4987 59.5155 59.541 59.7875 59.816 60.4885 61.3955 0 
59.4919 59.4932 59.4668 59.4583 59.5709 59.6054 59.443 59.4654 58.6928 58.8702 59.1714 59.4052 0 
59.4852 59.4907 59.1883 59.4239 59.4732 59.4363 59.3951 58.9984 58.9912 59.2903 59.4179 60.3858 60.4975 60.4961 0 
59.4945 59.752 59.6978 59.322 59.482 59.6112 59.4438 59.5151 59.8343 60.1473 0 
59.5093 59.4627 59.3543 59.4672 60.5413 60.798 61.1355 61.2965 61.4643 61.4641 0 
59.4864 59.6152 59.445 59.2607 59.388 59.6943 59.6147 59.9418 60.0031 60.2094 60.5106 60.029 60.4185 0 
59.4973 59.4837 59.4413 59.3858 59.4528 59.4999 59.3102 59.4715 59.6803 59.4093 59.3758 56.5243 0 
59.4832 59.4959 59.4751 59.5046 59.7454 59.6806 59.3731 59.3443 58.9949 59.0413 59.3341 59.2969 60.8296 61.487 0 
59.4909 59.5288 59.4828 59.5206 60.0399 59.7014 59.4028 59.5843 59.5816 59.3088 58.8501 59.2884 59.2541 59.2736 59.3406 59.4764 0 
59.506 59.2181 59.2155 59.2088 59.1938 59.0595 59.075 58.6748 58.8989 0 
59.5087 59.5284 59.4752 59.5 59.46 59.6282 59.1935 59.4322 59.6179 60.2712 0 
59.4981 59.466 59.3951 58.9706 59.0167 59.0293 59.0394 58.9969 58.9121 58.9887 58.995 58.5139 58.5085 0 
59.4946 59.4646 59.4081 59.0497 59.127 58.3798 57.5851 57.5665 0 
59.5218 59.2035 59.1853 59.1933 59.1446 59.7076 59.701 59.1209 60.1651 0 
59.4833 59.3935 59.047 59.1732 59.5099 59.9642 60.0724 59.7353 59.5407 59.514 59.509 59.7231 0 
59.4865 59.4761 59.4946 59.5414 59.1902 58.9776 59.0001 59.7074 59.6995 59.9551 59.9446 57.7118 57.5092 57.505 57.5001 0 
59.503 59.6033 59.6154 59.9998 59.6296 59.5568 59.5394 59.5586 59.5601 59.8416 59.3894 59.2325 59.235 59.0283 0 
59.4885 59.4826 59.1665 58.938 58.9384 59.0759 58.8397 58.7635 57.8675 57.8605 58.2465 58.2767 58.2582 0 
59.5174 59.2357 59.2112 59.3791 59.4698 59.1365 59.0307 59.0061 59.0192 59.1257 59.7544 59.0405 59.689 0 
59.5063 59.0681 58.8918 58.9944 58.9443 59.0502 59.0365 59.4544 59.7415 59.1208 57.702 0 
59.4993 59.5756 59.8705 59.7908 59.9167 59.0577 59.2873 60.2263 60.821 60.8923 60.3749 0 
59.4995 59.2514 59.2722 59.5809 59.9066 59.3606 59.3733 59.9346 59.5532 59.5125 59.9136 60.4927 60.4925 60.5005 60.5009 0 
59.4938 59.7555 59.8125 59.8738 59.6816 59.4562 59.0832 59.0259 59.9453 59.3149 59.0105 58.8851 0 
59.4866 59.5124 59.6149 59.9151 60.0201 59.9439 59.9187 59.3046 59.9062 59.9342 59.9438 59.9244 59.9964 59.5008 0 
59.5203 59.2325 59.3281 59.302 59.237 59.2753 59.2055 59.4792 59.2738 59.4006 59.0081 0 
59.4842 59.3421 59.3967 59.3939 59.0922 59.6516 60.33 60.3273 60.416 59.9952 59.9684 59.2703 60.354 60.3601 0 
59.5179 59.8275 59.9403 59.8721 59.5028 59.4661 59.2172 59.9261 60.0011 59.9439 60.2233 0 
59.4996 59.1557 59.4589 59.677 59.7933 59.8062 59.7952 59.8728 59.771 59.8501 60.0838 60.6202 0 
59.4732 59.3466 59.2676 59.0569 58.9763 59.3709 59.7075 59.7936 59.8072 59.8003 58.7289 58.5414 0 
59.4874 59.4649 59.4687 59.4339 59.8348 59.8301 59.1969 59.1385 59.1323 59.6692 59.5005 60.3078 60.2881 0 
59.5269 59.5 59.3101 59.0069 59.4565 59.2826 59.4895 59.4798 59.4835 59.167 59.1694 59.8593 59.9874 0 
59.4732 59.4885 59.4767 59.1816 59.2051 59.6156 59.7189 59.6375 59.73 59.5315 58.7432 58.6278 58.4994 0 
59.442 59.4507 59.2003 59.1416 59.4304 59.3492 58.9742 59.0501 60.7154 60.9376 0 
59.5143 59.1723 59.1936 59.1818 59.4696 59.4902 59.9331 60.5662 60.9211 0 
59.4872 59.5177 59.4715 60.022 59.9241 59.4312 59.3449 59.2345 58.0256 57.8393 0 
59.4814 59.5381 59.5373 59.4726 59.9174 59.6651 59.6802 59.6904 59.1412 59.2502 59.313 59.4508 60.6803 0 
59.4721 59.4997 59.5019 59.5038 60.4748 60.3878 60.422 60.225 60.198 59.8658 59.8813 60.4904 60.4928 60.4996 0 
59.48 59.5523 59.4901 59.7466 59.664 59.738 59.6619 59.6753 59.9394 60.6768 60.6081 59.542 59.8655 0 
59.4977 59.5099 59.2481 59.1883 59.2108 58.8529 58.738 59.7431 60.9443 61.0161 60.9554 0 
59.4805 59.4056 59.2967 59.2567 59.2052 59.1418 59.1058 59.2225 59.3689 59.7906 60.3081 61.804 61.9644 0 
59.5008 59.751 59.778 59.7748 59.5384 59.5154 59.9508 59.9852 59.9909 60.9397 0 
59.4947 59.8326 59.3082 59.2339 58.9866 59.0227 59.3389 59.1805 59.0735 58.7368 0 
59.484 59.2294 59.5104 59.5783 59.5831 59.5723 59.5695 59.7463 59.8869 59.5092 59.4171 60.4226 0 
59.5241 59.3964 59.2278 59.1337 59.0618 58.7867 59.0438 0 
59.4821 59.5301 59.5014 59.4934 59.5041 59.4976 59.7055 60.0755 59.9576 58.8024 0 
59.5101 59.1578 59.4623 59.4558 59.3206 59.1505 59.2049 59.7518 59.7623 59.7777 59.7055 59.7031 59.6748 58.1143 57.5027 0 
59.4801 59.1591 59.1432 59.1451 59.5147 59.5128 59.1742 59.6626 60.4083 60.7047 60.7214 61.4244 0 
59.5002 59.5698 59.6848 59.6461 59.6284 59.6242 58.994 58.6134 59.038 59.0309 59.0235 58.6209 58.5814 58.3917 57.507 57.501 0 
59.4873 59.505 59.4087 59.3721 59.4268 59.7131 59.1018 59.1204 59.8305 0 
59.4988 59.4812 59.5259 59.4013 59.1997 59.4932 59.6646 59.7358 59.9338 60.0016 59.0256 0 
59.4959 59.6052 59.9375 59.6119 59.4578 59.2789 59.8701 59.9945 60.0922 60.075 60.0596 60.4341 60.5022 60.5037 60.5046 60.5 0 
59.4878 59.837 59.8515 59.8745 59.8289 59.7144 59.7686 60.0337 59.5231 59.9156 60.0428 60.6714 60.6838 0 
59.4952 59.4906 59.4729 59.3016 59.5347 59.9749 59.5424 59.1794 59.8656 60.486 0 
59.4778 59.4731 59.273 59.5635 59.5598 59.9616 59.9873 60.6293 0 
59.4704 59.5021 59.822 59.8064 59.6861 59.5001 59.0502 58.6973 59.0004 59.2029 58.8836 58.5366 59.4247 59.4567 0 
59.5255 59.7715 59.8855 59.5021 59.5003 59.4999 59.4157 59.4347 59.4957 60.4659 0 
59.4938 59.5021 59.5176 59.5179 59.4771 59.4843 59.3015 59.1899 59.9155 60.1617 60.3967 60.3826 60.4085 0 
59.5124 59.6055 59.5124 59.499 59.533 59.5978 59.6133 60.1581 60.3903 60.3628 58.9914 58.9866 58.5439 57.6899 57.7018 0 
59.5279 59.2184 59.2 59.1915 59.6031 59.6261 60.1493 59.8576 60.3224 0 
59.5039 59.4987 59.4604 59.829 59.8751 59.4125 58.8239 59.1387 57.9456 57.9566 57.9187 0 
59.4811 59.5191 59.3135 59.5308 59.701 59.6303 59.6405 59.6492 59.7232 60.196 59.7957 59.5797 59.5846 59.6178 0 
59.5184 59.1967 59.1766 59.169 59.0112 59.0163 59.8172 59.8208 59.7988 59.2998 58.6847 58.5089 0 
59.4965 59.49 59.2714 59.3097 59.1579 59.3063 59.2909 59.4601 59.5117 0 
59.4729 59.4935 59.3873 59.2838 59.3089 59.7777 60.0426 59.9736 59.9504 58.7694 58.0529 58.5099 58.511 58.511 0 
59.494 59.486 59.6572 59.3027 59.2769 58.5857 58.4508 58.4612 58.409 58.307 58.835 59.3724 0 
59.4797 59.5117 59.7855 59.7638 59.8262 59.9625 59.9693 59.6333 59.4134 58.9282 59.745 59.6402 59.6425 59.6252 59.5008 0 
59.4944 59.2746 59.2892 59.4378 59.2389 59.5042 59.771 59.8065 59.9385 60.1028 59.7576 57.6942 0 
59.4953 59.3941 59.268 59.2612 59.301 59.576 59.2209 59.2487 59.5422 59.555 59.6847 0 
59.5201 59.5934 59.7029 59.4705 59.4333 59.4069 59.3925 59.3734 59.1032 59.1133 59.9341 60.4051 0 
59.4846 59.4634 59.546 59.861 59.5088 59.3983 60.0297 60.056 58.6416 57.5886 0 
59.5144 59.491 59.2398 59.1379 59.4093 59.0844 58.6469 58.5292 59.708 0 
59.488 59.5307 59.5301 59.4954 59.4897 59.4887 59.7012 60.5916 60.1095 60.2484 60.4884 61.0397 59.949 0 
59.4862 59.5112 59.5431 59.4982 59.4935 59.4695 59.5165 59.115 59.4568 60.4979 60.3025 0 
59.5176 59.6165 59.5833 59.645 59.6394 59.3149 58.7927 59.2281 59.1695 59.1157 59.7683 59.4172 59.4304 0 
59.4906 59.7036 59.3351 59.3636 59.2869 59.7605 59.9595 60.4346 60.4594 59.9078 59.995 60.3201 60.2735 0 
59.4755 59.8529 59.8611 59.54 59.537 59.8786 60.3756 60.4188 60.4429 60.4559 60.3682 60.4371 61.1599 61.4792 60.8092 0 
59.4774 59.4716 59.4647 59.8262 59.8508 60.1144 59.4734 59.1121 59.2256 0 
59.513 59.4945 59.4992 59.5069 59.4258 59.7645 59.3597 59.4939 59.2113 59.4888 60.1039 60.4659 60.4218 59.629 0 
59.4882 59.8052 59.8858 59.7627 59.7946 59.884 59.9337 59.9701 57.7033 0 
59.4925 59.8155 59.7694 59.7987 59.7867 59.4832 59.4582 60.0159 59.9663 59.5113 59.494 59.4977 0 
59.504 59.7547 59.788 59.7675 59.4554 59.4253 59.4169 59.2128 59.1419 59.5475 58.5019 58.5017 58.5014 0 
59.494 59.383 59.3286 59.0992 58.8816 58.9489 59.0899 59.1002 59.2036 59.3339 60.0292 59.131 0 
59.5049 59.4908 59.5597 59.6596 59.7112 60.4481 60.4219 58.9063 58.8354 58.5221 58.5281 59.0225 59.4657 58.5123 0 
59.4923 59.5184 59.4603 59.0288 59.0165 58.5533 58.6858 59.3572 59.3854 59.9386 59.9634 59.9294 58.0719 58.4999 58.4989 0 
59.5072 59.5298 59.5009 59.4183 59.4203 59.4289 59.315 59.061 58.921 58.6959 57.1605 0 
59.5236 59.4814 59.2094 59.3783 59.4448 59.05 59.1919 58.6255 58.4751 58.8512 59.0032 58.9994 58.6855 59.4986 0 
59.5038 59.4894 59.4868 59.4875 59.4445 59.4461 59.4903 59.5584 59.1174 58.4924 58.4985 0 
59.4827 59.5023 59.6884 59.9336 59.9374 59.6595 59.6634 59.6368 59.2524 59.5183 59.5611 59.5095 59.436 0 
59.5003 59.767 59.7901 59.7965 59.4832 59.0354 59.3898 59.4165 59.1625 58.9941 58.5688 58.711 58.7127 58.8107 58.6131 58.5002 0 
59.5329 59.4907 59.5214 59.5652 59.3091 59.1378 59.1392 59.3876 58.9696 58.1948 0 
59.5118 59.5232 59.5028 59.4962 59.7249 59.6762 59.0955 58.9969 58.6663 59.8449 59.5797 59.606 59.5873 0 
59.5018 59.4852 59.4941 59.4501 59.4387 59.459 59.4607 59.2381 59.0331 59.1734 58.8578 59.0159 59.1588 0 
59.5153 59.5043 59.8377 60.0187 59.8307 59.9685 59.3872 59.3677 59.5183 59.5225 60.1297 59.537 60.4948 0 
59.5114 59.4952 59.3203 58.9843 59.0235 59.0109 59.0584 59.0598 58.6769 58.8294 59.0917 58.9072 59.4384 59.4694 0 
59.4729 59.4959 59.8131 59.8217 60.2693 59.917 59.4427 59.2894 59.7093 0 
59.5005 59.1514 59.3921 59.5318 59.5723 59.528 59.6594 59.6525 59.673 59.6692 60.1003 0 
59.5045 59.4377 59.8373 59.8335 59.7579 58.5803 58.7516 58.3195 58.5023 58.5019 58.5005 58.5029 58.5011 58.5022 0 
59.4963 59.4759 59.802 60.0007 60.0286 60.066 60.0845 59.9808 59.8378 59.1532 59.1229 57.9507 0 
59.4863 59.8054 59.8235 59.4625 59.5514 59.7491 59.8345 59.4987 59.7395 60.0596 0 
59.492 59.5405 59.5112 59.1981 59.1454 59.126 59.7769 59.5817 58.7402 0 
59.5019 59.2008 59.1851 59.3758 59.5546 59.9747 59.6594 59.6816 59.5612 61.7309 61.9278 0 
59.5063 59.4754 59.5159 59.5492 59.497 59.1965 59.279 59.9222 59.7977 59.477 59.5287 58.6917 58.4688 58.4994 58.5001 58.5 0 
59.4862 59.4643 59.4801 59.2962 59.1581 59.1587 59.4996 59.5241 59.4312 59.6401 59.8817 58.4362 0 
59.4802 59.6656 59.6696 59.6526 59.1324 58.9367 59.1763 59.3531 59.5074 59.9018 59.9673 60.654 60.773 60.097 59.4996 59.5005 0 
59.5121 59.504 59.7607 60.1665 59.8362 59.7985 59.4878 60.4593 60.4611 60.4392 60.4832 60.4992 0 
59.5118 59.4943 59.5176 59.5481 59.6061 59.8437 59.8656 59.8373 59.9672 59.8207 59.16 59.1574 59.2384 0 
59.511 59.9554 59.9461 60.092 59.7228 59.6729 59.704 59.7118 59.5844 59.5528 59.0309 59.0417 59.4076 59.4997 0 
59.5139 59.2589 59.4018 59.3914 59.3706 59.2159 59.1738 59.5012 59.5286 59.5534 59.5415 59.5219 0 
59.4952 59.428 59.2484 59.492 59.5003 59.5084 59.5282 59.8988 59.3383 0 
59.5269 59.7719 59.5292 59.4884 59.503 59.8159 59.7869 58.2785 0 
59.4999 59.5071 59.5124 60.0164 59.6363 59.4399 59.4156 59.0592 59.7414 60.4251 60.4348 60.5161 60.5237 59.5873 0 
59.5076 59.2078 59.2241 59.5302 59.7524 59.7348 59.741 59.4905 59.5058 60.8312 0 
59.4901 59.4747 59.4949 59.8787 59.8109 59.5996 59.5039 59.6343 60.337 60.4579 59.7836 59.6477 0 
59.4915 59.5902 59.6 59.5998 59.6332 59.4356 59.2589 59.2868 59.4437 59.47 58.9786 58.1495 0 
59.4888 59.7912 59.5285 59.5162 59.3727 59.999 60.1162 59.7184 59.5763 59.5812 0 
59.4859 59.4744 59.6122 59.5052 59.3874 59.4134 59.4304 59.1413 59.8193 59.008 58.9717 0 
59.4811 59.4924 59.3544 59.3521 58.7251 58.8109 59.2859 59.3267 59.453 58.521 58.5249 58.6536 59.4981 59.4982 59.4986 59.4989 0 
59.5252 59.5262 59.4199 59.4295 59.3988 59.3384 58.606 58.4137 58.5412 58.5375 59.2691 59.307 0 
59.4978 59.4839 59.4971 59.566 59.5884 59.5701 59.6492 59.4299 59.8764 59.9271 0 
59.4964 59.5007 59.5271 59.4856 59.6858 58.9502 58.9305 58.9873 59.0015 59.4316 59.4643 59.4637 59.4953 0 
59.4823 59.4807 59.6198 59.6329 59.8195 60.1341 60.1438 59.8221 59.9111 0 
59.4681 59.626 59.4211 59.9021 59.8993 59.852 59.8681 59.6794 59.4946 58.9646 58.5198 58.3128 58.0533 57.9453 0 
59.5105 59.473 59.3053 59.0038 58.7601 58.703 59.0625 59.4412 59.4783 59.4747 59.7854 0 
59.481 59.4843 59.4972 59.5252 59.1721 59.1429 59.5322 59.7208 60.1856 60.1185 0 
59.4859 59.0066 58.9652 58.9859 58.9593 58.9521 58.9588 58.9915 59.1788 59.6647 59.8752 58.985 59.4913 0 
59.4799 59.5094 59.6446 59.527 59.3124 59.2403 59.5124 59.2337 60.0333 60.0586 60.0642 60.1262 59.5134 0 
59.4856 59.1749 59.1827 59.4166 59.3831 59.5959 59.4939 59.548 59.5731 59.5945 59.5933 59.3173 0 
59.509 59.487 59.4928 59.1511 58.7196 58.7747 58.4943 58.5513 59.2528 58.6525 59.3651 59.3894 59.4966 59.4998 59.4998 59.5 0 
59.5136 59.6788 59.1414 59.0859 58.9889 59.0376 59.0888 59.0865 59.3589 59.3765 59.1981 59.0453 58.9922 59.3496 0 
59.4701 59.2527 59.2882 59.6968 59.0734 59.0956 59.3287 59.0683 59.376 59.7602 60.2893 60.4986 0 
59.507 59.2933 59.3248 59.4748 59.481 59.3161 59.3024 59.2873 59.3482 59.0679 59.0785 0 
59.4808 59.7348 59.5105 59.6038 59.5622 59.5985 59.0905 59.3143 59.2944 59.5416 59.0874 59.043 59.0507 58.9245 0 
59.4814 59.4834 59.4829 59.4932 59.5508 59.962 59.976 59.6682 59.5605 58.6686 59.3345 59.3533 59.2553 0 
59.4893 59.4982 59.5399 59.525 59.5234 59.949 59.8332 59.5947 59.5804 59.6237 61.5115 0 
59.4928 59.3676 59.4352 59.1951 59.2025 59.2343 59.2844 59.3991 59.3376 59.3823 0 
59.4765 59.584 59.8271 60.0235 59.9798 59.9881 59.6975 59.6972 59.6477 58.7686 59.1623 58.6897 0 
59.4871 59.6479 59.621 59.5118 59.6257 58.9797 59.587 59.5612 59.4716 59.0164 59.0077 59.0004 59.0959 0 
59.5141 59.4168 59.3024 59.3309 59.4258 59.5675 59.5673 60.6443 60.7041 60.7338 60.5068 60.5066 60.506 60.5244 60.4995 60.4997 0 
59.5013 59.5821 59.4716 59.4718 59.4985 59.3173 59.3748 58.9306 58.9051 59.0631 58.6468 0 
59.4887 59.4654 59.6366 60.0179 59.5347 59.5603 59.4927 59.5093 59.48 59.4825 59.1608 59.1305 59.8404 59.4729 0 
59.4872 59.5226 59.3405 59.3455 59.4044 59.9973 59.598 60.0128 59.8071 59.8061 59.6232 59.6337 59.735 0 
59.5219 59.2957 59.1875 59.2297 59.711 59.9775 60.0666 59.8933 59.6483 59.1839 59.1766 58.6599 58.496 0 
59.4943 60.1978 60.26 60.2702 60.0192 59.9893 59.9839 60.8079 60.3037 60.1186 0 
59.4967 59.2651 59.7333 59.4341 59.448 59.4993 59.4698 58.7209 58.6625 57.1909 56.5093 56.5117 56.5084 0 
59.4904 59.4822 59.5326 59.509 59.505 59.6185 59.7659 59.7667 59.4262 57.949 57.5511 57.5448 0 
59.5054 59.4791 59.5214 59.6093 59.5715 59.4629 59.4937 59.4942 60.2352 60.2586 60.3864 60.3851 60.3743 0 
59.486 59.4667 59.4498 59.6409 59.8859 59.9029 59.9165 59.8991 59.7297 59.5587 59.688 59.657 59.7667 59.5537 59.6051 0 
59.4912 59.2349 59.3592 59.262 59.2908 59.4122 60.4969 58.8095 58.8717 58.7282 57.865 0 
59.5055 59.4847 59.5229 59.1861 59.114 59.0682 58.6123 58.5174 58.5372 58.5429 59.0974 60.265 60.436 0 
59.5057 59.5398 59.5619 59.5201 59.8037 59.2963 58.6826 59.0384 59.8068 59.9396 0 
59.495 59.5369 59.5726 59.5837 59.4892 59.6473 59.869 59.8476 59.7783 59.7991 59.8336 0 
59.5108 59.8277 60.06 60.0337 59.9995 59.0146 58.9638 58.5124 58.7419 58.7797 59.4495 59.4954 58.765 58.5034 0 
59.474 59.5031 59.9429 59.6559 59.6108 59.773 59.807 59.7561 59.5263 59.5178 59.4553 59.4399 59.443 58.6942 0 
59.5018 59.4904 59.385 60.0286 60.2642 60.2729 60.3296 59.6416 59.1801 59.4721 60.6765 0 
59.5056 59.4932 59.2301 59.1892 59.2811 59.0371 58.7155 58.8395 59.3723 59.4415 59.1821 59.4727 59.4925 60.502 60.5009 60.4995 0 
59.4924 59.4944 59.439 59.2894 59.2527 59.2399 59.5588 59.421 59.4705 59.2499 60.1356 60.2229 0 
59.4868 59.5298 59.5991 59.8079 59.8241 59.8217 59.9125 59.7315 59.8726 60.2349 60.2606 60.4874 60.5621 0 
59.4789 59.4435 59.8194 59.5856 59.7657 59.9209 59.8657 60.0031 59.9763 59.9838 59.5269 59.4636 59.8228 0 
59.4915 59.2014 59.3366 59.4364 59.2002 58.7141 58.6389 58.0272 58.0289 58.4846 58.5279 58.5432 58.7679 58.7726 58.4995 0 
59.5136 59.4999 59.4063 59.4179 59.4404 59.6544 59.7531 59.2969 58.6521 58.5061 58.9073 59.3024 59.4791 59.4813 59.4908 0 
59.4856 59.4889 59.4548 59.403 58.8669 58.7256 59.3615 60.1378 60.7357 60.9278 61.4971 61.4987 0 
59.4801 59.4844 59.4737 59.4936 59.3224 59.0052 59.0037 59.0011 59.024 59.7935 59.8033 60.9411 60.9609 0 
59.4714 59.4679 59.4847 59.596 59.6082 59.7831 59.7486 59.7803 59.8161 59.0799 59.6063 0 
59.4782 59.4714 59.4542 59.2875 59.2682 59.2094 59.7241 59.6827 59.1895 59.5687 60.3763 0 
59.487 59.3849 59.3613 59.0319 59.0128 58.9665 58.9262 59.0038 59.3836 58.7582 58.3786 58.7378 0 
59.5231 59.3868 59.4497 59.4377 59.5292 60.3025 59.6894 59.6625 59.623 59.5309 59.6465 0 
59.516 59.5151 59.038 59.5011 59.458 59.4384 59.105 59.5628 59.6082 59.641 59.5264 59.5306 59.524 0 
59.5073 59.4712 59.4324 59.8013 59.1432 58.6276 58.7834 58.7346 58.9026 59.066 58.5286 58.026 57.6334 57.5004 57.5 0 
59.5036 59.4913 59.4713 59.2374 59.7336 59.8575 59.8593 60.0704 60.0837 0 
59.5043 59.897 60.17 59.9739 59.3928 59.2806 59.6106 59.7113 59.7918 60.063 60.2684 60.4765 60.4798 60.4899 0 
59.5101 59.4983 59.502 59.4893 59.5302 59.7721 59.9536 59.6334 59.9451 60.302 60.367 59.8214 59.0978 59.0559 0 
59.4652 59.2532 59.3495 59.3843 59.1735 59.7979 59.8454 59.7393 58.5829 58.5347 58.5165 58.7202 0 
59.4974 59.4484 59.8281 59.4055 58.6079 58.9091 58.9453 59.7457 60.0004 61.4963 61.4971 0 
59.4925 59.118 59.2959 59.1302 59.1957 59.1909 59.1521 59.3956 58.8004 58.7855 0 
59.5014 59.4945 59.4937 59.7744 59.8619 59.8549 59.5226 59.4971 59.4917 59.3513 58.5706 58.5448 58.679 58.5286 0 
59.4925 59.4948 59.4585 59.8313 59.5061 59.5279 59.7526 60.0913 60.1045 0 
59.5086 59.507 59.1698 59.2429 59.5716 59.5532 60.0414 60.2389 60.1335 59.2995 59.0092 58.5016 58.5016 58.5004 58.5001 0 
59.4775 59.1386 59.104 59.2988 59.2465 59.4851 59.4857 59.4863 59.4372 59.4119 0 
59.4949 59.6306 60.0717 60.1183 60.0948 59.98 59.9905 59.9794 60.2165 59.2476 59.3926 59.6396 59.667 0 
59.519 59.4806 59.5229 59.5268 59.3849 59.3005 59.5393 58.648 58.6303 58.5937 58.5298 58.497 58.4985 58.4844 57.5888 57.5002 0 
59.4911 60.1918 60.2005 60.27 60.0849 59.9478 59.9119 58.4288 58.6936 59.1841 0 
59.5005 59.2698 59.3137 59.4117 59.9757 59.8954 59.9328 59.897 59.5652 60.1389 60.0169 59.1833 0 
59.4677 59.4701 59.4931 59.021 58.9776 58.9645 59.0029 59.135 59.4159 59.4358 0 
59.4683 59.8029 59.8104 59.5526 59.536 59.6065 59.1026 59.0719 58.5411 58.5468 58.5469 58.504 57.9313 0 
59.497 59.5659 59.8306 59.449 59.5669 59.5418 59.67 59.8675 59.8577 59.8034 59.8302 0 
59.4895 59.5574 59.6209 59.2889 59.1818 59.2575 59.4682 59.9481 59.9221 59.9793 59.8911 59.8472 0 
59.4849 60.0972 60.0478 60.1187 60.1287 60.1393 60.1537 59.5237 59.4989 58.7394 0 
59.5264 59.4882 59.6106 59.6091 59.528 59.5321 59.5271 59.1199 59.2365 59.2078 59.0014 0 
59.4942 59.494 59.3399 59.3344 59.555 59.7945 59.1121 58.1337 57.7468 57.7108 57.654 57.5046 57.5045 57.5046 57.505 57.5009 0 
59.487 59.5695 59.5031 59.3656 59.4101 59.592 59.5531 58.8614 58.8578 58.8821 59.803 0 
59.4963 59.752 59.6604 59.6945 59.9254 59.4797 59.4754 59.4798 60.1858 60.3258 58.4866 58.4997 0 
59.4942 59.5359 59.5716 59.8804 59.935 59.9124 58.9329 58.7863 58.6888 58.4474 58.4517 58.4994 58.4957 58.4954 58.4943 0 
59.4812 59.3039 59.3052 59.0453 59.1996 59.1926 59.2757 59.6814 60.2497 0 
59.5024 59.804 59.7733 59.4859 59.4246 59.4458 59.3484 59.073 59.0856 0 
59.489 59.724 59.7375 59.846 60.1789 60.1819 60.0934 60.3805 60.0818 60.5501 60.5105 61.2164 61.4981 0 
59.5016 59.4783 59.4638 59.2298 59.0958 59.4624 59.4893 59.4866 59.9485 60.0522 0 
59.4921 59.504 59.3063 59.1979 59.1825 59.1625 59.0728 59.8064 59.9977 58.75 59.5055 59.5005 59.4996 0 
59.4887 59.4109 59.4713 59.592 59.6399 59.5771 59.3884 59.3571 59.7745 59.9887 59.9722 59.1044 58.996 0 
59.4983 59.4777 59.3863 59.346 59.3394 59.3266 59.2449 59.0386 59.1006 59.5223 59.6248 60.5284 60.3574 0 
59.483 59.5926 59.3814 59.3225 59.277 59.5316 59.4482 59.4621 59.4329 59.5988 59.239 59.8887 60.9803 61.0003 0 
59.4976 59.805 59.8354 59.8654 59.6874 59.6097 59.5975 59.6064 59.5908 59.673 0 
59.4909 59.4643 59.4767 59.488 59.1626 59.1117 59.1501 59.0853 59.9864 59.4108 59.3598 0 
59.4966 59.4268 59.5758 59.5916 59.5802 58.8953 59.6018 59.6018 59.355 59.3682 59.8175 0 
59.4933 59.7353 59.8259 59.6118 59.3939 59.376 59.7193 60.5988 60.628 58.6346 0 
59.4991 59.497 59.4542 59.4128 59.17 59.1883 59.214 58.752 59.8861 59.4763 59.4768 59.4733 59.4815 59.4858 0 
59.4843 59.4902 59.0767 58.9533 58.9373 59.0061 59.0662 59.1892 59.2019 59.7672 59.9468 59.7125 58.4681 0 
59.4848 59.728 59.6084 59.7751 60.1994 60.0457 59.1481 58.9112 58.9415 59.2009 59.8494 60.4731 0 
59.4968 59.513 59.501 59.8236 59.8362 59.2836 59.2213 59.3932 59.5407 59.7316 0 
59.4705 59.5115 59.4914 59.3822 59.265 58.7414 58.7606 58.5581 58.5003 58.777 59.1113 59.2491 59.4198 60.4752 60.4873 60.4913 0 
59.4952 59.7506 59.4795 59.1581 59.1704 59.5886 59.7809 59.512 59.2932 59.5546 59.4997 59.5018 0 
59.4932 59.4946 59.8667 59.8642 59.6095 59.3513 59.1599 59.1395 58.6864 58.5382 58.5471 58.5458 58.5003 0 
59.4958 59.3962 59.4674 59.4529 59.4413 59.4221 59.8165 60.2862 59.7109 60.5398 60.4849 60.7752 60.0182 60.0224 59.519 0 
59.4845 59.7904 59.6332 59.6337 59.8416 59.3516 59.7439 59.5125 59.4826 0 
59.4893 59.5251 59.5571 59.4685 59.6714 59.6275 59.6406 59.644 59.2804 59.0188 58.6496 58.5614 59.415 59.4145 0 
59.4913 59.4776 59.4577 59.453 59.2284 59.1882 58.983 58.9819 58.9933 58.6907 58.5133 58.9092 61.1287 61.4388 0 
59.5032 59.4702 59.5046 59.5153 59.4917 59.429 59.3965 59.4363 59.3861 59.3688 58.5139 0 
59.5129 59.5197 59.4486 59.4029 59.7183 59.9394 59.6514 58.555 58.6897 58.7569 59.5965 58.5926 0 
59.4811 59.5379 59.6123 59.3769 59.2286 59.8709 58.674 58.6836 58.6892 58.5803 0 
59.4998 59.3982 59.323 59.3087 58.7678 59.529 59.5207 59.5798 60.4702 60.3993 60.6175 61.4615 0 
59.4808 59.2424 59.5368 59.5424 59.8383 59.8454 59.0601 58.9624 59.7424 60.3175 59.6086 59.6414 0 
59.4957 59.4934 59.4554 59.4306 59.4258 59.4647 59.4872 59.4708 59.0661 59.3139 59.9935 60.1628 60.0044 59.9982 60.8174 0 
59.4945 59.6653 59.6789 59.5026 58.954 58.9768 58.9326 58.7826 58.8087 58.7742 58.8078 59.4884 59.7008 60.363 60.499 0 
59.5185 59.2616 59.2403 59.1847 59.3674 59.5524 59.4488 59.0618 59.1591 59.8963 59.9335 59.9558 59.5452 0 
59.4812 59.2752 59.2938 59.2837 59.2674 59.2394 59.3066 59.5627 59.5871 59.5179 59.7011 58.5086 58.5063 0 
59.4647 59.7436 59.7455 59.8455 59.8713 59.4741 59.5133 59.5273 59.9185 60.0215 61.4891 61.4936 61.4965 0 
59.4652 59.2865 59.3204 59.1544 59.1696 59.3243 59.3168 59.3613 59.4774 59.4971 59.5023 60.6482 61.1803 61.1683 61.2308 0 
59.4816 59.7634 59.2667 59.2748 59.2869 59.0273 58.938 58.9745 59.2167 59.0702 0 
59.488 59.5628 59.5666 59.4784 59.4327 59.4728 59.7077 59.6685 59.4914 57.9832 57.3891 57.3787 57.3327 57.4941 57.4953 57.5005 0 
59.5105 59.4885 59.3551 59.3501 59.3725 59.1465 58.8453 58.8575 58.9673 58.6896 58.1812 58.4444 57.5339 0 
59.4828 59.2906 59.2931 59.1588 59.0107 59.0216 59.0914 59.3202 59.6262 59.9571 59.4996 59.4989 59.5059 59.506 59.5051 0 
59.5048 59.4422 59.4892 59.6849 59.6074 59.7017 59.8554 59.8309 58.9737 58.9781 58.9946 59.0034 58.6371 0 
59.4734 59.4706 59.4942 59.524 59.6911 59.965 59.9685 60.1256 59.9874 59.662 59.541 59.5653 59.2557 59.6847 59.4501 0 
59.4935 59.4871 59.4904 59.4849 59.8938 59.7405 59.0011 58.6799 58.7666 58.7053 57.5046 0 
59.4945 58.7663 58.9729 59.0002 59.0493 59.4711 59.5322 59.5357 59.4848 58.6856 58.5673 58.5034 58.5036 0 
59.4874 59.5048 59.7991 59.805 59.7875 59.834 58.8154 58.517 58.4065 59.1004 58.5513 58.619 0 
59.5234 59.326 59.0107 58.8067 58.8048 58.8188 58.7611 58.8703 58.9926 59.3332 58.8037 58.5923 58.4703 58.6711 57.5176 0 
59.4934 59.4258 59.2431 59.2604 59.2234 59.2388 58.8985 58.8809 58.3611 58.6408 58.941 58.9271 58.9315 58.5011 0 
59.4922 59.7541 59.7662 59.624 59.3359 59.1946 59.0284 59.1509 59.2487 59.2819 59.2846 59.3011 60.0994 60.4261 0 
59.484 59.483 59.5741 59.6337 59.6348 59.8559 59.7869 60.049 60.0441 59.5315 60.9299 60.9287 60.9461 60.8386 60.5133 0 
59.5044 59.4343 59.4677 59.549 59.6644 59.634 59.9695 60.218 61 60.5109 60.5093 59.4588 58.8134 58.792 0 
59.5111 59.4843 59.6644 59.6398 59.35 59.1361 59.2079 59.1831 59.335 59.1602 58.2777 58.1698 58.0619 58.0613 58.4064 58.4307 58.4156 0 
59.4801 59.4281 59.3629 59.5027 59.8331 59.9342 59.9391 59.0979 58.9331 59.0375 0 
59.4867 59.5154 59.4063 59.4182 59.4203 59.3977 59.8964 59.915 60.0123 61.874 61.7254 61.7996 62.3295 0 
59.51 59.4884 59.5127 59.5213 59.5159 59.4554 59.1461 59.0185 58.969 59.2856 59.385 59.426 59.5274 0 
59.4875 59.3252 59.3138 59.6258 59.6425 59.4657 59.4893 59.5405 60.1825 60.4194 60.2813 0 
59.5139 59.5151 59.4831 59.5856 60.0241 59.7525 60.1451 58.6819 0 
59.4951 59.2455 59.2339 59.4428 59.8787 59.8203 59.7466 59.7656 59.8315 59.3653 58.8644 59.0081 59.0215 57.7326 0 
59.4973 59.5266 59.8405 59.8593 59.9115 59.9032 59.8695 60.0283 59.7526 59.4816 59.5292 59.4928 59.4817 59.4842 0 
59.4884 59.2369 59.2532 59.2612 59.5399 59.6546 58.9669 58.4833 58.4541 58.4803 59.9851 59.9324 60.4856 60.4898 0 
59.4699 59.4999 59.5653 59.9473 59.9959 59.9447 59.9731 59.7448 59.7204 0 
59.4966 59.495 59.4977 59.7641 59.7587 59.1128 59.5117 59.7711 60.2856 60.8902 61.393 61.491 0 
59.5096 59.0336 59.0922 59.6238 59.6508 59.5123 59.4441 59.5258 59.0266 56.6762 56.6665 0 
59.4909 59.2067 59.1517 59.102 59.2855 59.4837 59.4816 59.4598 59.8776 59.8661 59.8738 59.8472 59.189 59.1975 0 
59.4829 59.5276 59.4928 59.8254 59.228 59.0973 58.9896 58.8804 59.2073 59.6407 58.4125 59.4638 0 
59.4824 59.4929 59.512 59.5009 59.6657 59.7487 60.1769 61.1004 0 
59.502 59.7887 59.8307 59.6037 59.5699 59.5825 59.5517 58.9904 58.9632 58.655 0 
59.4929 59.4971 59.4735 59.4725 59.2683 59.0825 58.6343 58.6358 58.8826 0 
59.4664 59.1183 59.0676 58.9971 58.9542 58.9692 59.5364 59.5404 60.4759 60.4784 0 
59.4841 59.3649 59.3886 59.3428 59.3635 59.5736 59.4967 59.6312 59.7197 0 
59.5166 59.1776 59.205 59.1582 59.2067 59.5343 59.5309 59.7224 59.607 59.5583 58.517 58.5081 58.5087 58.5001 58.5 0 
59.4932 59.8123 59.8899 59.6206 59.6187 59.6371 59.5849 59.5897 60.2188 0 
59.4958 59.184 59.1845 59.2507 59.7161 60.021 60.1101 60.1868 0 
59.4916 59.5089 59.6331 59.8363 59.6306 59.5272 59.5298 59.958 60.3243 60.1493 59.4665 59.2314 58.5776 58.525 58.4998 0 
59.5091 59.6829 59.503 59.5047 59.4904 59.4861 59.5007 59.6673 59.4433 59.4125 59.1732 58.1869 59.1217 59.3155 0 
59.4913 59.485 59.5128 59.4972 59.5101 59.0769 59.1487 59.5411 59.6484 59.6378 60.0742 59.0417 0 
59.5022 59.5484 59.4099 59.3885 59.3701 59.1279 59.576 59.627 59.6275 59.9032 60.5131 59.6892 59.5025 0 
59.4897 59.5236 59.528 59.8736 60.0528 60.0185 60.1175 59.997 59.8923 59.8044 59.579 59.6149 60.0079 0 
59.4994 59.5154 59.446 59.5269 59.2274 59.1859 59.2414 59.5173 59.4503 62.4268 0 
59.4878 59.2096 59.1402 59.1414 59.1667 58.9267 58.8016 59.268 60.0312 0 
59.506 59.4992 59.54 59.5624 59.6025 60.2036 60.2176 60.0006 60.0289 59.8016 60.1133 59.9548 59.004 58.7913 0 
59.4972 59.487 59.2983 59.3186 59.3183 59.3139 59.4085 59.5074 59.4966 60.319 59.8032 59.0614 0 
59.51 59.5123 59.4443 59.7698 59.8757 59.8444 59.9288 59.554 59.4144 58.2133 58.2371 59.8951 59.9711 59.9875 59.9949 59.8808 59.4998 59.4999 0 
59.4833 59.6035 59.5479 59.5377 59.2993 59.0927 59.34 59.4514 59.4672 59.9946 59.5243 59.5106 59.5088 59.1799 0 
59.492 59.475 59.6213 59.7067 59.7477 59.7308 59.8436 59.8583 59.7975 59.8778 59.5005 59.3213 58.5697 58.5301 0 
59.4839 59.9235 59.781 59.787 59.7838 59.4636 59.8142 60.0112 59.8088 60.0844 60.1901 59.543 58.5058 0 
59.507 59.3687 59.3854 59.3948 59.0631 59.339 59.4808 59.4272 60.3892 59.5243 59.5127 59.512 59.5112 60.4747 60.4804 60.4997 0 
59.4955 59.4793 59.2475 59.2952 59.3006 59.1087 58.8555 58.9534 59.4716 60.2413 60.3059 0 
59.4868 59.448 58.9622 58.9846 58.9839 58.6077 60.1199 60.1284 60.0049 59.9366 60.133 60.1328 0 
59.4958 59.4769 59.2069 59.3667 59.5597 60.1536 59.4911 59.4796 59.4034 60.3382 0 
59.4861 59.7713 59.3791 59.4096 59.0735 58.4102 58.4204 58.836 58.8596 58.996 58.9777 59.5054 58.5321 0 
59.4867 59.1701 59.1571 59.1579 59.1198 59.1764 59.0262 60.3384 60.4648 60.4718 60.4803 60.4803 0 
59.4606 59.5178 59.1436 59.1961 59.239 59.3371 59.8275 59.6997 59.5637 0 
59.5323 59.4687 59.5902 59.5954 59.6356 59.2232 59.0183 59.4797 60.0511 59.2798 59.4724 59.4981 59.4979 59.4985 59.4985 59.4988 0 
59.4826 59.4721 59.493 59.5988 59.943 59.873 59.8773 59.6154 58.7943 59.1697 59.7071 0 
59.4775 59.5231 59.5171 59.4913 59.4875 59.2642 58.4617 58.217 58.7988 58.9569 58.9488 59.2156 59.718 59.7785 0 
59.4907 59.5205 59.8934 60.115 60.131 60.2558 59.8308 60.1966 60.2 60.1477 60.3485 0 
59.4889 59.4274 59.4742 59.3479 59.3396 59.3835 59.4056 59.2398 59.2942 59.297 59.2831 58.7989 0 
59.5074 59.527 59.6441 59.8107 59.8569 60.09 60.1714 59.8774 59.9076 60.3944 0 
59.5067 59.2848 59.7904 59.9526 59.2947 59.2474 59.2358 59.1966 58.9829 59.4366 0 
59.5181 59.3637 59.3733 59.158 59.1897 58.9858 59.3866 59.4007 59.4774 59.4865 59.7257 58.7777 58.7457 0 
59.5017 59.4836 59.4846 59.8153 59.0384 59.0896 58.8914 58.8805 58.5408 58.5789 58.3375 58.3309 58.4959 0 
59.5026 59.1213 59.4105 59.3263 59.6382 59.3844 59.4522 59.4441 59.2724 59.2766 59.1602 60.4638 60.4741 60.4827 0 
59.4799 59.4706 59.794 59.6207 59.4884 59.5691 59.5093 59.8763 60.0096 59.9364 0 
59.4971 59.4322 59.1451 59.1706 59.1789 59.2158 59.0967 59.2579 59.4519 0 
59.4981 59.0325 58.9546 59.0069 59.015 59.0173 59.0082 59.053 58.4836 58.7218 58.6442 57.3724 0 
59.4703 59.1562 59.1856 59.3546 59.2289 58.983 58.9407 59.0021 58.9733 58.327 59.2469 0 
59.4799 59.8502 59.8779 59.881 59.8568 59.3606 59.1136 58.4931 58.5143 59.2066 59.4297 59.3178 59.3098 0 
59.4887 59.4821 59.4756 59.4745 59.4832 59.4683 59.44 59.2341 59.1382 59.0317 59.9746 61.4392 0 
59.515 59.6478 59.5156 59.3915 59.4285 59.4506 59.8348 59.467 59.5336 59.447 59.5282 59.0148 0 
59.5031 59.4885 59.4907 59.7864 59.4677 59.5988 59.8506 59.7793 59.813 59.4831 59.5821 59.07 0 
59.4684 59.4819 59.3933 59.9398 59.8985 60.4324 60.4696 60.426 60.4219 60.3421 60.4345 0 
59.4894 59.6048 59.6353 59.6246 59.1654 59.797 59.8685 59.8754 59.7202 59.6294 58.9157 59.5263 58.5221 58.5274 0 
59.4709 59.3794 59.4797 59.5006 59.0874 59.3493 59.3262 59.2553 59.055 59.1484 59.1619 59.071 0 
59.5107 59.5895 59.302 59.2745 59.4841 59.6157 59.0836 59.1541 59.1584 59.8872 59.8805 59.9718 0 
59.4943 59.496 59.7184 59.7249 59.7285 59.6083 59.6571 59.5337 59.4431 59.1182 59.1208 59.2712 59.5147 59.5159 59.867 0 
59.4999 59.4032 59.3592 59.3635 59.5174 59.3499 59.1901 58.7143 57.914 56.9906 56.9927 57.0363 0 
59.4851 59.3998 59.0703 59.0683 59.0606 59.0761 59.0636 59.3397 60.0291 60.0915 59.897 59.8546 60.2524 0 
59.5093 59.3315 59.5416 59.431 59.4639 59.5792 59.992 60.0969 60.0976 60.4087 59.7548 59.6737 0 
59.5168 59.4723 60.0947 59.8884 59.9657 60.0091 59.8633 60.3863 60.359 60.3813 60.4454 60.4445 60.4369 0 
59.5299 59.4714 59.5529 59.5108 59.6945 59.6528 60.0741 59.0199 58.866 0 
59.5016 59.5996 59.9415 59.9867 59.5783 59.4999 59.4718 59.6005 59.5879 59.0265 60.832 0 
59.4933 59.5423 59.5374 59.6562 59.6524 59.2886 59.3256 59.0987 58.6635 58.96 57.8497 0 
59.4975 59.403 59.3699 59.3601 59.7959 59.4953 59.2938 59.1291 59.145 58.5573 59.0108 58.9989 58.6992 0 
59.4835 59.809 59.7274 59.598 59.4312 59.4614 59.0314 58.5631 57.8312 0 
59.5042 59.5144 59.6711 59.6734 59.2004 59.0988 59.0281 58.8919 59.0204 0 
59.4909 59.4956 59.19 59.2362 59.8621 59.4024 59.7314 60.1668 60.2852 60.8157 60.5387 60.4603 0 
59.4819 59.3511 59.3271 59.2673 59.437 59.4739 59.4063 59.495 59.3898 58.6193 0 
59.5002 59.457 59.512 60.0731 60.0251 59.3962 59.4398 59.4358 59.4008 60.1775 60.4908 60.4904 0 
59.4811 59.7536 59.3207 59.2932 59.0327 59.0493 59.0092 59.1387 59.1484 59.4078 59.4064 59.4264 0 
59.5018 59.4823 59.7122 59.6761 59.3798 59.2014 59.6305 59.6584 0 
59.5043 59.4497 58.9393 58.9641 58.9937 58.8912 58.8579 60.0241 60.0342 0 
59.4755 59.1523 59.2104 59.1573 59.6352 59.6991 60.4404 60.1726 60.4558 60.4657 60.4848 0 
59.522 59.502 59.5349 59.5895 59.6829 59.6673 59.3919 59.425 59.6696 59.894 58.4249 58.3232 0 
59.4725 59.4892 59.5763 59.6812 59.666 59.7356 59.6626 59.9423 59.2957 58.3744 57.6031 57.5299 0 
59.5019 59.4974 59.4941 59.4983 59.7589 59.2727 59.0848 59.1572 58.7824 59.9302 0 
59.5006 59.5044 59.7647 59.8389 59.7844 60.4751 59.9984 59.9928 59.7072 59.9773 59.9747 60.0353 60.4861 0 
59.4866 59.8105 59.82 59.8481 59.8146 59.8524 59.7938 60.0312 60.0407 59.4893 58.8989 57.5955 57.6034 0 
59.4919 59.554 59.5044 59.4924 59.4987 59.4977 59.4629 59.2516 59.4092 59.9334 59.8043 58.9191 0 
59.4827 59.1887 59.1675 59.1433 59.3084 59.4864 59.4332 59.2876 59.2572 58.1268 58.05 58.0916 58.1483 0 
59.4931 59.4892 59.5786 59.8845 59.8308 59.8249 59.9027 60.0764 60.2079 59.9177 60.0877 60.1396 0 
59.5154 59.4918 59.5415 59.5384 59.5305 59.5352 59.5008 59.5026 58.9067 59.6672 58.5638 58.5717 58.5693 0 
59.5001 59.4889 59.5696 59.4575 59.4533 59.5608 59.5394 59.4768 59.4494 59.1198 58.2491 56.9937 57.48 0 
59.5051 59.4982 59.3127 59.2341 59.1129 59.1546 59.4459 59.3479 59.1458 58.4269 58.6906 58.3198 0 
59.4709 59.4547 59.4414 59.1153 59.4349 59.4384 59.4583 59.8401 59.4986 59.4435 59.1319 59.1443 57.6562 57.5176 0 
59.4612 59.8342 59.8399 59.6428 59.6179 59.5827 59.5602 59.5561 59.4633 58.4629 58.3435 58.2713 58.6178 58.5811 0 
59.4853 59.2599 59.1469 59.2231 59.2015 58.9246 59.0266 58.6525 58.7458 58.3355 0 
59.4935 59.4947 59.3368 59.3529 59.877 60.0525 60.0515 60.0448 60.0014 59.9073 59.7682 60.293 60.4361 60.4988 0 
59.4987 59.4928 59.6859 59.7392 59.8406 60.0225 60.0209 59.983 59.5569 59.7346 59.3338 59.606 59.9406 60.234 0 
59.5084 59.5272 59.5159 59.5346 59.2297 59.2025 59.1877 59.1231 60.139 59.5003 58.774 59.4705 59.4979 59.4994 58.5031 0 
59.5106 59.4831 59.3131 59.7734 60.4475 60.0274 59.8778 59.7144 59.6381 59.6316 59.4974 59.4612 58.7017 58.5343 0 
59.4835 59.1333 59.1833 59.4801 59.5966 59.3269 59.0816 59.1503 59.4494 60.1472 60.4999 60.498 60.6013 0 
59.4797 59.4861 59.4947 59.356 59.1279 59.033 59.018 59.4362 58.8497 58.8402 59.286 59.4174 59.4014 59.4381 59.4986 0 
59.4901 59.606 59.7 59.7466 59.7864 60.8455 60.3768 60.2305 60.2348 0 
59.4898 59.4629 59.4488 59.3308 58.9357 58.7057 59.2445 59.3483 59.6865 59.9623 60.0242 60.8858 61.4252 0 
59.4868 59.4833 59.4688 59.4613 59.4925 59.4449 59.5579 59.9902 59.991 60.0438 60.5581 60.6702 60.6547 0 
59.5015 59.5162 59.4657 58.7709 58.7853 58.4162 58.2019 59.3481 59.4245 59.407 59.4041 0 
59.485 59.4749 59.6521 59.5379 59.6863 59.4781 58.8459 58.4618 58.7106 58.8414 60.3868 0 
59.489 59.2619 59.8431 59.9875 59.9894 59.9933 59.6159 59.5845 59.5522 59.3789 59.28 59.9095 59.8316 0 
59.5181 59.4684 59.3838 59.2834 59.1683 59.1619 59.2103 59.8572 59.8329 59.8464 60.9768 61.1116 61.4069 61.499 0 
59.5009 59.433 58.9744 59.0182 59.0223 59.1002 59.4571 59.5144 59.5232 59.5188 59.3746 60.421 60.4389 61.1917 61.487 0 
59.4834 59.4589 59.4918 59.8204 59.6939 59.1611 59.1943 58.9011 59.4868 59.4943 59.4742 59.6712 59.2765 0 
59.5065 59.486 59.6825 59.7085 59.9648 60.1639 60.1607 60.0959 60.4072 59.7557 59.6496 59.8283 59.649 59.6624 0 
59.472 59.383 59.4457 59.5205 59.5197 59.4282 59.4491 60.2281 0 
59.4891 59.4736 59.8756 59.9401 59.9027 59.8736 59.8278 59.1012 59.0862 59.8589 59.8562 59.5202 60.9822 61.3967 0 
59.5012 59.4514 59.1211 59.0143 59.3605 59.4707 59.4977 59.4662 59.5385 59.113 58.964 58.8033 59.7567 60.5374 60.8278 60.8422 0 
59.5055 59.191 59.1704 59.5081 59.5672 59.6655 59.4817 59.4958 59.4916 59.5407 59.5621 59.4998 59.813 60.446 0 
59.5047 59.3745 59.4391 59.1719 59.117 59.1579 59.4511 59.4509 59.4825 59.4839 58.719 59.3245 59.3186 0 
59.5031 59.6323 59.5998 59.5795 59.4525 59.0381 59.362 59.9266 59.9703 59.9475 59.1011 59.7216 0 
59.4987 59.7877 59.796 59.8115 59.7386 59.7036 60.2909 60.305 59.606 59.5178 59.7823 59.533 0 
59.4835 59.3761 59.4013 59.3378 59.3464 59.487 59.4637 59.4174 57.7995 0 
59.4795 59.5114 59.6732 59.6655 59.858 59.2277 59.1932 59.1199 59.0262 58.978 59.2214 59.6899 60.0464 0 
59.491 59.4665 59.441 59.1298 59.1623 59.1704 59.0163 58.0697 58.4906 58.5169 58.5206 58.4971 58.5015 58.5022 0 
59.4874 59.526 59.6754 59.566 59.489 59.7668 59.7558 59.2875 58.8335 58.5627 59.5636 60.2917 60.329 0 
59.4888 59.5606 59.4561 59.0704 59.0976 59.077 59.0552 58.9259 59.3169 58.5455 58.5321 58.7347 0 
59.5102 59.4348 59.7454 59.7741 59.7422 59.7407 59.7083 59.6509 58.9644 59.1958 61.234 61.3313 61.3877 61.4172 0 
59.4567 59.5291 59.5225 60.1692 60.2019 59.4082 60.1485 60.0793 60.0393 59.8743 58.5086 0 
59.5327 59.5102 59.4992 59.8181 59.9455 59.9402 59.6295 59.555 58.3226 58.2286 58.1987 58.273 0 
59.4978 59.4276 59.5497 59.3349 59.3628 59.4414 58.9992 59.0037 58.8524 58.4539 0 
59.5017 59.5033 59.4876 59.7769 59.5137 59.3328 59.427 59.4189 59.5338 59.5009 59.9676 59.628 0 
59.4797 59.8348 59.8234 59.8573 59.8258 59.8533 59.6793 59.9104 59.8428 59.8223 60.2993 60.3726 60.5107 0 
59.4864 59.5001 59.3031 59.0372 59.4609 59.4717 59.4662 60.0757 60.4248 60.3638 59.7813 59.2345 59.4451 59.4586 59.5052 0 
59.5015 59.5206 59.656 59.4969 59.2919 59.0012 59.3817 59.4817 59.5016 59.5404 58.5496 58.5236 58.518 0 
59.4833 59.7039 59.6053 59.5845 58.9137 58.9028 59.0843 59.4996 59.4998 59.0143 59.027 59.5266 59.8953 0 
59.5021 59.801 59.5693 59.5389 59.5414 59.4814 59.459 59.0101 58.0804 0 
59.4855 59.3575 59.3481 59.9021 60.3759 60.4213 60.0539 59.5033 59.491 59.5323 59.5496 59.6091 59.545 0 
59.4821 59.2346 59.2115 59.2371 59.2042 59.2154 59.8777 59.9689 0 
59.4766 59.5583 59.4902 59.4866 59.3639 59.6482 59.6104 59.6441 59.6361 60.3756 60.4096 60.5001 0 
59.4895 59.5184 59.1801 59.1325 59.2803 59.484 58.9334 58.1133 58.1298 59.7679 59.7382 59.8441 59.8769 59.8066 0 
59.4876 59.6975 59.2282 59.1547 59.027 59.032 59.024 59.0491 58.9422 59.057 58.8736 58.6261 58.5262 58.5005 0 
59.5007 59.4919 59.5229 59.5201 59.571 59.4763 59.2597 59.0919 59.3051 58.8177 0 
59.4956 59.4696 59.465 59.4892 59.1507 59.1169 59.11 59.1657 58.9592 59.6529 60.2867 0 
59.4806 59.5067 59.2861 59.4283 59.5525 59.5912 59.6503 59.6192 59.6834 60.1826 60.0895 59.629 59.4616 0 
59.495 59.5511 59.1636 59.1314 59.1335 59.119 59.1096 59.5313 58.7729 58.5267 58.4264 58.0652 58.0825 58.1886 58.4235 0 
59.4787 59.5115 59.4938 59.5157 59.628 59.6598 59.4441 59.1254 59.0093 58.6978 0 
59.515 59.5155 59.4199 59.5525 59.5533 59.5594 59.9952 59.8215 59.5626 0 
59.4967 59.1984 59.1628 59.0635 59.0509 59.2117 60.0328 60.7025 60.958 60.7345 60.702 0 
59.4849 59.5237 59.588 59.5822 59.6029 59.6 59.8318 59.7004 60.3764 60.4289 60.877 60.7731 60.9503 60.9158 60.8917 0 
59.4577 59.5244 59.6772 59.7001 59.5896 59.5801 59.5157 59.5233 59.5183 59.5048 59.4917 58.5672 58.4406 58.471 58.8367 0 
59.4872 59.4889 59.4735 59.4683 59.5073 59.5448 59.6957 59.625 59.6407 60.5528 0 
59.5075 59.1874 59.5146 59.5117 59.3264 59.3018 59.4104 60.4294 60.4208 60.4391 0 
59.4869 59.506 59.53 59.4826 59.4924 59.4997 59.8063 59.7722 59.6568 59.4703 60.1171 0 
59.46 59.4872 59.6085 59.5901 59.6156 60.0509 60.177 59.8539 58.9598 58.0323 59.3012 59.3653 59.4938 59.4926 0 
59.5102 59.5139 59.7998 59.1731 59.174 59.1794 59.1981 59.2557 59.7662 60.0158 60.0467 60.0592 59.4431 59.3885 0 
59.4795 59.6715 59.6274 59.9562 59.9877 59.9847 60.0192 60.2167 60.0829 59.812 59.2344 59.0724 0 
59.4922 59.5115 59.4965 59.4883 59.8823 59.5789 59.2618 59.2542 59.4792 59.4809 59.3862 59.3754 59.4788 59.5024 0 
59.5259 59.3424 59.3349 59.5066 59.5242 59.3422 59.2103 60.0158 60.2454 60.1651 0 
59.4991 59.436 59.4942 59.5129 59.5218 59.5222 59.6503 60.8779 60.8367 60.915 60.9003 60.4073 59.3771 57.9976 57.5039 57.5036 0 
59.4906 59.1776 59.0821 59.3131 58.9352 59.2043 58.9382 0 
59.4797 59.7881 59.7427 59.6999 59.7468 59.7457 59.1784 58.9656 58.5987 0 
59.5019 59.7442 59.5957 59.8414 59.7757 59.7713 59.5596 59.4891 59.2032 58.8568 60.463 60.4936 0 
59.5144 59.4922 59.5123 59.3771 59.4627 59.7656 60.5897 60.5654 60.569 0 
59.4884 59.7067 59.8066 59.8292 59.7937 60.2816 60.2345 60.5117 60.6997 60.5626 60.5461 60.2049 60.0426 0 
59.5209 59.4606 59.6736 59.7871 59.7715 59.7196 59.771 58.8074 59.8306 59.9725 59.9799 60.4494 60.4893 60.5263 60.5033 0 
59.4909 59.5088 59.868 59.8704 59.9704 59.4079 59.3761 59.7031 59.7996 59.3394 59.362 59.6162 59.795 60.4962 0 
59.4793 59.6191 59.616 59.5628 59.4324 58.7215 58.7733 59.4512 59.5613 59.2363 59.1163 59.0705 0 
59.5232 59.5011 59.8353 60.099 59.9567 59.9783 59.9749 58.961 58.91 0 
59.5105 59.5083 59.5176 59.2765 58.9984 59.2714 59.1307 59.103 59.0532 59.3099 0 
59.4776 59.5082 59.4993 59.1765 59.1219 59.0922 59.0927 59.1051 59.8279 60.0199 60.0286 60.4269 60.4361 0 
59.5011 59.5097 59.5232 59.7188 59.8495 59.8631 59.5157 59.6206 59.6341 59.4538 59.1012 59.5033 0 
59.4947 59.853 59.8775 59.7985 59.9023 59.8494 59.506 59.6047 59.2112 59.2546 59.0514 59.2709 59.3512 59.3711 59.4852 0 
59.4916 59.1654 59.1198 59.1337 59.1374 59.1223 59.1478 58.4866 58.8784 58.8801 58.3836 58.4194 58.4872 58.4503 0 
59.506 59.4987 59.539 59.5189 59.5068 59.2474 59.6207 59.6587 59.6728 58.3358 59.9128 60.1058 60.2209 0 
59.5027 59.5514 59.5684 59.5459 60.0096 60.0869 60.1327 60.2242 60.2286 60.4062 60.2975 60.6982 0 
59.5137 59.4945 59.5172 59.4951 59.3868 58.9247 58.9515 58.7124 59.7824 60.4941 60.4937 60.4969 60.5005 60.4971 0 
59.4957 59.6965 59.7815 59.5816 59.5305 59.1791 58.5449 58.4826 58.5403 58.8247 59.5093 59.4865 0 
59.5015 59.5856 59.7313 59.999 59.9633 59.9881 59.9953 59.9889 59.9609 58.8921 59.9224 0 
59.4771 59.7999 59.7418 60.1923 60.0048 59.9876 59.7683 59.7255 59.6355 59.7391 0 
59.5054 59.5283 59.6663 59.7084 59.4349 59.399 58.8737 60.3382 60.4739 0 
59.4825 59.4629 59.4847 59.4142 59.116 59.1387 59.1335 59.338 59.4828 59.6458 0 
59.5031 59.5132 59.5171 59.7622 59.8664 59.585 59.5311 59.5475 59.5382 0 
59.4764 59.5027 59.5547 59.6069 59.8144 59.5015 59.3753 59.2211 58.5756 58.5025 58.5159 58.5136 58.5051 58.5057 0 
59.5017 59.5232 59.2423 59.3199 59.2917 59.4226 59.3692 59.4014 60.2092 60.6273 60.5248 60.4719 60.5688 59.462 0 
59.4899 59.4491 59.4023 59.0554 59.075 59.0496 59.4482 59.2485 59.3966 59.6018 60.5013 60.5014 60.502 60.4978 60.4985 60.4983 0 
59.5111 59.4928 59.4502 59.3719 59.3569 59.1101 58.9743 59.0977 59.0309 59.4908 59.4961 59.496 59.496 59.5 59.5 59.5 0 
59.5102 59.5912 59.502 59.2634 59.3282 59.3145 59.476 59.5025 59.5049 59.195 58.3114 58.2402 59.0504 58.5403 0 
59.4853 59.5209 59.4944 59.2298 59.1829 59.4502 59.3872 59.429 59.8994 0 
59.5073 59.4881 59.2233 59.859 59.7949 59.6295 60.1054 59.9983 60.0226 60.8241 60.8144 0 
59.4688 59.5569 59.6703 59.0883 59.2214 59.1946 59.2093 59.7108 59.7392 59.2155 58.6211 59.4996 59.4991 0 
59.4814 59.5397 59.5799 59.5403 59.1363 59.1168 59.1013 59.108 59.2052 59.2133 58.9656 59.0174 59.8438 59.9336 60.4833 60.4882 0 
59.5204 59.5532 59.8136 59.8478 59.8278 59.1773 59.11 58.8653 58.588 60.5614 60.9128 60.4987 0 
59.4843 59.4923 59.5008 59.1972 59.1277 59.4583 59.4387 59.0178 59.4746 59.9684 59.7994 0 
59.4682 59.5157 59.4906 59.4433 59.4455 58.5805 58.4305 59.8442 59.5156 0 
59.5115 59.4881 59.4106 59.2851 59.3256 59.6723 59.3932 59.3781 59.1331 59.1531 59.0494 59.3779 59.5173 0 
59.508 59.6738 59.8823 59.8636 59.8697 59.9658 60.4801 60.2998 60.7966 60.7642 61.1032 0 
59.517 59.5827 59.589 59.8901 59.8629 59.8595 59.5787 60.5553 59.1624 59.0537 0 
59.4893 59.4855 59.5316 59.8839 59.9648 60.4198 60.6731 60.497 60.4988 60.4976 60.1803 0 
59.4743 59.4858 59.5085 59.3692 59.2802 59.2567 59.5485 59.6902 59.6234 59.6588 60.0397 61.4297 0 
59.5087 59.2758 59.7311 60.3085 60.2582 60.0709 60.097 60.1794 60.2144 60.5128 61.1596 0 
59.4889 59.3133 59.4347 59.4603 59.3749 59.7121 59.2126 59.3176 58.7086 58.8374 58.7808 0 
59.4934 59.498 59.8061 59.8564 59.8722 59.8263 59.8176 59.8124 59.6904 59.614 58.2654 0 
59.4831 59.2805 59.2274 59.2469 59.2134 59.2474 59.3193 59.697 59.6043 59.1494 0 
59.4845 59.1358 59.0879 59.0716 59.112 59.1139 59.1778 59.8325 59.8498 59.531 59.5729 60.6615 61.492 0 
59.4942 59.2696 59.4981 59.4841 59.3134 59.0377 59.0233 59.0314 58.7959 59.1489 59.6498 59.1031 0 
59.4988 59.4937 59.4883 59.7684 59.8251 59.5601 59.4774 59.4808 58.9912 59.5722 59.6614 60.655 0 
59.4816 59.8468 59.8963 59.7766 59.7952 59.4833 60.3572 60.7384 0 
59.4598 59.5581 59.495 59.2527 59.3934 59.4527 59.6557 59.8139 60.1431 59.5678 59.7506 60.1438 58.5012 0 
59.501 59.2614 59.7534 59.013 59.6453 59.924 59.837 59.8489 59.8529 60.0127 60.1632 0 
59.4965 59.4984 59.6165 59.6656 59.4936 59.4655 59.4553 59.1814 59.543 59.4546 58.531 0 
59.4883 59.4464 59.4447 59.492 59.4851 59.4838 58.9824 58.5352 59.1122 59.1121 0 
59.4817 59.8993 59.9274 59.9398 60.1926 60.4958 60.4958 60.5115 60.0421 59.5636 58.2079 58.1768 58.4666 58.472 0 
59.4911 59.534 59.1864 59.2606 59.518 59.5094 59.5228 59.8131 58.5378 59.1633 59.5006 0 
59.5111 59.4618 59.7836 59.72 59.6892 59.5057 59.2647 59.5262 59.4657 59.2867 58.4976 58.5161 58.5169 0 
59.4976 59.4713 59.4185 59.1485 59.154 59.4495 59.6434 59.5544 59.7104 58.575 59.0144 58.999 59.0012 59.0019 0 
59.4755 59.4546 59.2365 59.4732 59.4776 59.4446 59.4469 58.9013 58.9666 58.9331 60.8359 60.8899 60.7774 60.4448 60.4984 60.5 0 
59.5149 59.4772 59.323 59.9187 59.9767 60.0622 59.9833 59.5557 59.0473 58.7657 58.7758 58.5401 58.4595 59.4389 0 
59.4543 59.514 59.4818 59.2905 59.4273 58.9699 58.6197 58.0746 58.6576 59.0606 59.5001 59.4999 59.4995 59.4991 0 
59.4933 59.4927 59.7444 59.8075 59.9085 59.5568 59.7216 59.7116 60.2639 59.9748 60.8875 0 
59.5168 59.491 59.5386 59.2101 59.4983 59.5726 59.5636 59.9168 59.9293 59.8977 59.854 59.5091 0 
59.4884 59.4635 59.3288 59.0207 58.915 59.1661 59.1184 58.749 59.4397 59.4438 59.1039 58.0245 59.4273 59.4679 59.5006 0 
59.5034 59.4858 59.5288 59.5565 59.8614 60.4124 60.0475 59.9429 59.9939 59.9957 59.6677 59.5692 0 
59.5046 59.5025 59.8133 59.6508 59.5446 59.5306 59.5538 59.4623 59.4345 59.5593 59.864 60.2423 0 
59.5098 59.4506 59.3918 59.5153 59.2791 59.5134 59.4592 59.2224 59.0241 59.4343 59.4371 58.8543 0 
59.5186 59.6858 59.8322 60.1831 60.2708 60.2739 60.0025 59.9844 59.9891 59.6921 59.7483 0 
59.4917 59.46 59.1692 59.2718 59.2437 59.3286 59.2908 59.0535 59.0815 59.8661 59.9482 59.9899 0 
59.4636 59.5516 59.5714 59.4184 59.1163 59.1131 59.1155 59.0864 59.1512 59.1855 59.3267 59.7079 59.6027 59.4999 59.5 59.5 0 
59.4861 59.5226 59.2347 59.3 59.0414 59.0211 59.4116 59.0912 58.5642 59.4952 58.5657 58.5564 58.5036 58.4989 0 
59.496 59.0807 59.0641 59.2971 59.3498 59.3383 59.3312 59.6146 60.1176 59.6539 59.6975 59.423 59.4437 59.3789 0 
59.5046 59.5962 59.4852 59.4815 58.8944 58.8838 58.4988 58.6525 59.0884 59.4468 59.5221 59.6902 0 
59.4756 59.0671 58.9784 59.011 59.1982 59.5555 59.6243 61.2609 61.2102 61.2016 60.2943 60.227 59.7548 0 
59.4908 59.6972 59.6708 59.6893 59.6843 59.6232 59.4328 59.431 59.9278 0 
59.4943 59.4742 59.2829 59.0478 59.0592 59.0657 59.3526 59.8832 59.1999 59.0829 59.1222 59.7676 59.3134 60.4653 60.5012 0 
59.4826 59.503 59.5108 59.7985 59.8612 59.6097 59.4937 59.8612 60.0251 60.0625 0 
59.499 59.1814 59.1648 59.1794 59.2125 59.033 59.4332 59.7731 59.6793 0 
59.4774 59.2538 59.2271 59.0843 59.446 59.4383 59.0095 58.8872 58.8847 58.563 58.5551 58.3984 0 
59.4883 59.4666 59.3411 59.6616 59.2412 59.1797 59.2681 59.5179 59.4668 60.0565 60.4909 60.4898 60.4978 0 
59.492 59.8485 59.7912 59.8381 59.8597 59.8915 59.9348 59.8781 59.5945 58.9784 58.5006 0 
59.5 59.1847 59.218 59.1432 59.3791 59.5261 60.6059 60.6336 58.0535 58.0338 58.017 58.017 58.0141 58.4801 0 
59.5067 59.0497 59.2979 59.3078 59.4105 59.0219 59.0822 59.0909 59.103 59.0373 58.7997 59.9732 59.9614 60.0076 60.0054 0 
59.4955 59.7139 59.5432 59.2416 59.1666 59.0961 59.7266 59.7805 0 
59.4809 59.3382 59.0048 59.1016 59.1842 59.161 59.6818 59.7091 60.1976 59.9882 59.6442 59.6047 59.6175 0 
59.5053 59.3271 59.4055 59.2391 59.2504 59.0374 59.4524 59.4882 59.479 59.4575 59.0532 59.5991 59.7578 60.4885 0 
59.5025 59.654 59.6887 59.6673 59.4443 60.1367 60.1755 59.9449 59.8956 59.6555 59.661 0 
59.4841 59.1777 59.4135 59.4138 59.444 59.4673 59.4856 59.4856 58.941 60.9708 62.2658 62.4646 0 
59.4819 59.5156 59.5751 59.0078 58.9919 58.8143 58.8693 59.0596 59.0476 59.1017 60.1529 59.4875 59.4852 59.5301 59.5291 0 
59.4969 59.4674 59.5016 59.5109 59.5114 59.5371 59.5286 59.5905 61.0444 60.616 60.5163 60.5216 61.4831 0 
59.4832 59.3741 59.4857 59.4643 59.4606 58.9542 58.8477 58.7308 58.8247 58.5206 58.5403 58.5381 59.1185 60.4379 0 
59.5128 59.4802 59.5633 59.5567 59.8694 59.9971 60.0012 59.5513 59.6028 60.2995 60.6172 0 
59.4696 59.4604 59.5115 59.5267 59.7998 59.7246 59.8446 59.816 59.699 59.6671 58.8186 58.3277 58.3259 58.5506 58.5503 0 
59.5019 59.4988 59.4426 59.4051 59.3308 59.6923 59.4881 59.5415 59.596 59.9748 59.6889 59.3668 0 
59.4945 59.4699 59.1126 59.0627 59.6313 59.705 59.5653 60.3705 59.7028 59.3121 59.0852 58.5401 58.5165 58.5131 0 
59.5291 59.4673 59.3378 59.5481 59.8783 59.9435 59.9538 60.0105 59.6523 59.6597 60.1078 59.4803 59.5289 59.537 59.4779 60.2777 0 
59.512 59.8393 59.8278 59.8678 59.8489 59.8908 60.0871 60.0168 60.1136 59.3216 59.4812 59.4821 0 
59.4832 59.2393 59.2004 59.1714 59.2155 59.2028 58.9024 60.2188 60.2354 59.9231 59.7776 59.5012 0 
59.4843 59.5268 59.5235 59.4916 59.2175 59.3647 59.5253 59.5401 59.3649 58.9592 58.9645 58.9667 59.3992 58.5089 58.51 0 
59.4807 59.5473 59.1801 59.1867 59.0726 59.0907 59.1207 59.6939 59.5284 59.8488 59.4357 59.0639 59.0574 58.9345 0 
59.5396 59.5024 59.0337 59.0592 59.0609 59.0604 59.0571 58.6779 58.2761 0 
59.4953 59.5114 59.4091 58.9917 59.0417 59.0348 58.2621 58.2233 58.693 59.0572 59.1865 59.4656 0 
59.4988 59.5297 59.5097 58.9777 59.1873 59.2223 59.3329 59.3985 59.4643 60.0387 59.9943 60.1152 60.482 60.4977 0 
59.5011 59.1856 59.1462 59.3863 59.4277 59.405 59.465 59.5763 59.6086 59.8312 58.2823 58.0233 58.0289 58.4999 58.4997 58.5001 0 
59.5058 59.4628 59.4476 59.4279 59.3439 59.4884 59.2964 59.7887 59.851 60.0631 59.6457 62.373 0 
59.5065 59.16 59.1903 59.4806 59.4157 59.6165 59.6192 61.6781 61.6689 61.4455 61.4947 61.5004 61.5 0 
59.4944 59.1688 59.528 59.5239 59.9753 60.0021 59.9786 59.9775 60.065 59.9921 0 
59.4895 59.1887 59.1319 59.4399 59.4929 59.3878 59.5432 59.5475 59.5939 59.9623 59.6383 59.518 59.5096 59.5094 59.5 59.5 59.5 0 
59.4926 59.1563 59.496 59.5116 59.51 59.5177 59.311 59.5113 58.9099 58.2011 58.9177 58.9983 58.9195 0 
59.4933 59.4607 59.5077 59.4439 59.4689 59.5223 59.6147 59.6609 59.3006 58.9664 60.4597 0 
59.5075 59.7949 59.7914 59.1024 59.0832 59.4764 59.4435 59.1095 59.1045 59.139 0 
59.474 59.6051 59.4486 59.4162 59.4041 59.4094 59.0104 59.8442 61.4287 0 
59.5022 59.5082 59.501 59.6975 59.0751 59.5317 59.6007 59.6299 59.6819 59.1917 59.14 59.0406 59.0416 58.6378 0 
59.4898 59.8218 59.7474 59.5238 59.1858 58.863 58.8678 58.9166 58.9197 59.5252 59.55 59.54 0 
59.4983 59.4955 59.4544 59.491 59.4464 59.4366 59.4356 59.7114 59.7284 59.7751 58.9622 58.6537 0 
59.4941 59.4032 59.3521 59.4853 59.0713 59.0491 58.9559 58.4889 58.1903 58.7884 58.9426 58.6782 0 
59.4883 59.5493 59.4408 59.4672 59.4715 59.8234 59.2355 59.1717 59.1612 58.8958 59.4176 58.4908 58.5641 58.1824 58.1649 0 
59.5052 59.7998 59.8389 59.8363 59.7878 59.5184 59.4557 59.4453 59.281 0 
59.5112 59.5162 59.571 59.4186 59.0633 59.0948 59.0354 58.3206 58.3811 60.3188 60.4628 0 
59.5014 59.4803 59.2624 59.1229 59.5024 59.5211 59.495 59.6545 0 
59.4794 59.7755 59.9328 59.9101 59.6589 59.4586 59.4553 59.409 59.3082 59.0609 58.5166 58.5121 0 
59.4891 59.4885 59.5031 59.4512 59.4797 59.3133 59.2133 59.2834 59.3347 59.8106 59.3156 57.5337 0 
59.4617 59.5048 59.5327 59.1365 59.1926 59.2205 59.8081 59.8765 59.4919 59.4977 59.4897 59.4817 59.7026 0 
59.5038 59.5269 59.5037 59.9444 59.6733 59.654 59.7741 59.4794 59.4819 59.4936 60.0403 58.7332 58.5144 58.5131 58.5019 0 
59.4928 59.5281 59.7917 59.8998 59.8902 59.8772 59.7669 59.4851 59.565 60.0515 58.5198 0 
59.5229 59.2107 59.2267 59.4605 58.5364 58.5166 58.5272 58.5543 59.7818 0 
59.4922 59.396 59.3922 59.3342 59.7367 59.8016 59.7725 59.7377 60.0324 59.1618 59.0088 58.6019 58.5006 58.5002 58.5 58.5 0 
59.4844 59.4813 59.4535 59.4844 59.1536 59.1434 59.7042 59.9637 59.817 59.9679 59.0238 58.9956 58.9795 58.5007 58.5003 0 
59.4909 59.4126 59.4127 58.6602 58.6386 58.6367 58.6506 58.6646 59.0338 59.433 59.1028 58.5686 58.9676 0 
59.5053 59.6835 59.4491 59.4866 59.4912 59.3156 58.1096 58.4612 58.8909 59.0944 60.358 60.466 0 
59.4957 59.5443 59.3031 59.7882 59.7909 59.857 59.8501 59.456 59.4558 59.7274 60.1613 60.1605 60.1595 60.1665 59.5107 60.4998 0 
59.5202 59.7361 59.6901 59.6705 59.6277 59.1084 59.3527 59.3801 59.666 59.8734 0 
59.4999 59.5696 59.5425 59.8032 59.4468 59.408 59.3484 59.3667 59.2774 59.1252 60.0575 59.5037 59.2562 59.2419 0 
59.4973 59.4168 59.3261 59.4522 59.4579 59.8146 59.8589 60.3833 60.3887 61.618 0 
59.4702 59.8211 59.5386 59.0358 59.0835 59.09 59.0939 59.0638 59.1941 59.6347 58.1658 58.1755 0 
59.5181 59.1436 59.128 59.1387 59.1226 59.1532 59.1588 58.9793 58.4393 59.5169 59.7742 0 
59.4912 59.3109 59.2383 59.2627 59.474 58.8483 58.766 58.7007 58.7654 59.5485 59.5541 0 
59.5054 59.3366 59.3429 59.38 59.0874 59.1346 59.0984 59.7895 59.5165 59.3262 59.8909 0 
59.4884 59.5493 59.8809 59.858 59.7915 59.7769 59.2699 59.5626 60.1885 60.1484 60.3547 60.7227 0 
59.4803 59.5177 59.6095 59.5411 59.293 59.5549 59.5376 59.4535 60.6509 60.6881 60.691 59.6843 59.6325 60.5504 60.4927 0 
59.5088 59.7876 59.5364 59.5433 59.5364 59.4821 58.9798 58.1542 58.5546 58.3602 0 
59.4862 59.4902 59.4717 59.4395 59.4353 59.4414 59.7309 59.0983 59.1963 60.0537 60.5189 60.5141 0 
59.4913 59.4935 59.6955 59.6976 59.7131 59.298 59.1765 59.0399 58.9978 58.7266 59.3431 0 
59.4947 59.8008 59.8359 59.868 59.8468 59.7861 59.6447 59.5041 59.453 58.8054 58.5735 58.7055 58.4975 58.5028 0 
59.4923 59.6612 59.6118 60.0336 60.2376 60.0733 59.9161 59.7831 59.452 59.5853 60.5287 0 
59.4764 59.4785 59.24 59.0462 59.0205 58.972 58.9167 59.3647 59.3715 59.4569 59.4495 58.9441 58.8018 59.085 0 
59.5134 59.2255 59.3704 59.4924 59.4867 59.486 59.4836 59.6167 60.1007 0 
59.5058 59.1952 59.1731 59.1308 59.3436 59.4688 59.4673 59.6523 59.8265 59.6371 60.0235 60.0126 59.9929 59.9982 0 
59.4879 59.7137 59.5578 59.5127 59.6363 59.6827 59.6819 59.6487 60.383 60.3958 60.4476 61.2301 0 
59.483 59.8262 59.372 59.2785 59.4754 59.4638 59.4953 59.4998 59.8475 60.9011 0 
59.4944 59.5534 59.545 59.5473 59.5986 59.5654 59.7811 59.7549 59.5616 60.3829 61.7493 61.5274 0 
59.5008 59.1323 59.3745 59.4767 59.4689 59.478 59.8295 60.7323 61.3499 61.2876 0 
59.4845 59.491 59.4968 59.4292 59.2706 59.1214 59.1112 59.4201 59.4866 59.9134 59.787 59.5051 0 
59.5202 59.497 59.4702 58.7158 58.7572 58.7441 58.7975 59.4 59.9954 59.6629 59.9891 0 
59.4991 59.5176 59.4769 59.2878 59.293 59.0804 59.8717 59.7152 59.4407 59.5148 0 
59.4973 59.4874 59.6209 59.6651 59.7924 59.965 59.8675 59.6698 59.9847 59.531 59.6303 59.4399 0 
59.4988 59.6849 59.6499 59.6979 60.0429 60.0898 60.1165 60.0315 59.9851 0 
59.479 59.5127 59.3116 59.4761 59.4851 59.4343 59.2009 58.8639 59.3694 59.4925 58.7738 58.7347 0 
59.4708 59.7795 59.75 59.9557 59.9476 59.9523 60.4216 60.4191 60.3942 59.1034 58.6885 58.6466 0 
59.4985 59.5041 59.5257 59.7876 59.7843 59.5917 59.9107 60.212 59.9632 59.6942 59.5208 0 
59.5137 59.5287 59.654 59.5025 59.4922 59.5038 59.0489 59.2764 59.2967 59.3181 59.6597 60.3988 60.4872 0 
59.4892 59.508 59.4139 58.9756 59.1792 59.1551 59.0175 59.5947 60.112 59.5628 59.5471 0 
59.5017 59.0041 59.0857 59.2943 59.3097 59.7666 59.8083 59.4814 59.4734 59.0725 59.6433 59.6256 59.5941 58.5261 0 
59.4711 59.1727 59.163 59.2237 59.2735 59.5113 59.8755 59.828 59.6912 59.0972 56.8638 0 
59.5043 59.5737 59.2456 59.0458 59.0567 59.0372 59.7708 59.9982 61.354 60.5084 60.5056 0 
59.5034 59.5055 59.8035 59.7773 59.8583 59.8459 59.7606 59.4058 59.6582 59.9213 60.3583 59.783 0 
59.5027 59.6288 59.6498 59.3609 59.652 59.5223 59.513 59.3468 58.8306 58.8261 58.9002 58.9345 0 
59.486 59.4817 59.5923 59.5474 59.9292 59.9029 59.8579 59.5886 59.5753 59.1702 0 
59.4837 59.5146 59.8745 59.6936 59.7917 59.7731 59.1603 59.5911 59.5685 59.7143 59.7029 59.1173 0 
59.4978 59.4955 59.1747 59.235 59.2488 59.1961 59.4939 59.6167 59.5768 59.6333 60.1977 0 
59.495 59.2784 59.0921 59.0064 58.3489 58.554 58.3093 58.8718 58.9901 0 
59.5103 59.6629 59.7238 59.9931 59.4942 59.4789 59.4682 59.4619 59.7855 59.7564 59.7572 59.792 60.1977 59.4753 61.0973 0 
59.5052 59.512 59.6637 59.6852 59.5798 59.5738 59.5621 59.0237 58.5531 58.6444 59.5112 59.4889 60.1269 0 
59.4935 59.7388 59.7394 59.812 59.8526 60.1008 59.9098 60.1056 60.0902 60.1021 59.2839 58.3919 0 
59.5003 59.4853 59.4831 59.4823 59.7367 59.9802 59.9252 60.1758 60.0476 59.6647 59.632 59.5747 0 
59.5033 59.3981 59.3966 59.4643 59.1232 58.8818 59.4173 59.4458 59.2414 59.2431 59.3291 59.5926 0 
59.4942 59.4637 59.5192 59.5491 59.5804 59.2693 59.2887 59.4777 59.4964 59.5251 60.4864 0 
59.4997 59.4923 59.4991 59.2637 59.2235 59.538 59.8002 59.4651 59.732 59.6626 59.6739 0 
59.4893 59.4458 59.3879 59.3693 59.4104 59.8378 59.901 60.043 0 
59.4706 59.4596 59.6211 59.9773 60.34 59.9477 59.6253 59.5971 59.9036 59.8842 59.9312 59.9848 59.7407 0 
59.4698 59.7283 59.6401 59.6191 59.2703 58.9928 59.4435 59.1481 58.5101 0 
59.4946 59.4692 59.4944 59.402 59.3441 59.0714 59.0751 59.0728 59.1172 59.215 59.5469 59.8898 0 
59.4987 59.4798 59.2787 59.1052 59.1482 59.4018 60.0307 60.051 60.067 60.3637 0 
59.4882 59.1662 59.1764 58.8966 59.1186 59.2031 59.2363 59.5697 59.5354 59.5354 0 
59.4989 59.5195 59.4286 59.3446 59.3295 59.3277 59.3869 59.7329 58.8035 58.738 58.6591 58.6214 58.5188 0 
59.4722 59.4974 59.6953 59.4942 59.4322 59.3343 59.3929 59.3967 58.9404 58.9272 59.0236 0 
59.5229 59.4923 59.3342 59.0331 59.4797 59.4776 59.4297 59.3492 59.1534 60.3306 60.4975 60.4991 60.4992 60.4991 60.4999 0 
59.4872 59.5135 59.4259 59.3406 59.3146 59.3148 59.31 59.3232 59.2341 59.5443 60.0593 59.4903 59.8821 59.675 60.4988 60.5 0 
59.5107 59.5096 59.7773 59.4893 59.005 59.0113 59.0096 59.0255 59.5699 59.581 59.5743 59.1184 59.104 0 
59.5024 59.5039 59.5273 59.5124 59.7818 60.083 60.9518 60.9286 60.8325 60.8477 60.4514 60.3956 58.9214 58.8165 58.7142 58.6719 0 
59.4553 59.5116 59.4972 59.5962 59.8678 59.7318 59.8156 59.1357 59.131 59.1795 59.3662 0 
59.5221 59.3652 59.4551 59.455 59.446 59.458 59.5605 59.8152 59.8319 59.8867 58.5704 58.5295 58.5217 57.9939 0 
59.507 59.802 59.7871 59.7056 59.7609 59.1387 59.0713 59.0745 59.8104 59.9246 59.4012 58.087 58.0296 57.5071 0 
59.4939 59.6231 59.9294 60.1489 60.1374 59.9082 59.1839 59.1455 59.3855 59.2739 58.876 0 
59.4897 59.5036 59.4086 59.1393 59.1389 59.9525 60.1907 59.7048 58.9919 58.861 60.3902 60.3904 60.4007 60.4419 60.4415 0 
59.4973 59.5104 59.4811 59.4859 59.4896 59.3542 60.0768 59.4772 59.3402 59.4596 59.4242 58.9477 58.8653 58.9228 0 
59.4786 59.5118 59.4426 59.1984 59.18 59.4964 59.7863 59.504 58.7164 58.3276 58.9833 59.0497 0 
59.474 59.4953 59.7885 60.14 59.9408 59.9202 59.9034 59.4705 58.6462 58.7675 58.9346 59.0099 59.368 0 
59.465 59.476 59.8549 59.8771 60.2237 60.2033 60.1732 60.0109 59.7338 59.0096 58.5349 58.529 60.107 0 
59.4902 59.176 59.4863 59.4717 59.8659 59.8843 59.912 59.9863 59.6566 59.613 59.9279 0 
59.4882 59.6286 59.8006 59.8587 59.8432 59.5151 59.4432 59.0342 58.827 58.8349 59.8347 60.109 60.1213 60.4898 0 
59.4856 59.4969 59.6362 59.6801 59.6904 59.4257 59.8798 59.6961 59.4612 59.4378 0 
59.4944 59.1816 59.1209 59.1034 59.2392 59.3122 59.7549 59.9356 59.9292 59.9365 59.8807 59.8758 0 
59.503 59.3384 59.5775 59.6348 59.6533 59.3123 59.7342 59.5462 58.0968 0 
59.4762 59.3698 59.5289 59.1829 59.1795 59.1807 59.1908 59.2717 59.2765 61.0604 61.08 60.8305 59.5019 59.4972 0 
59.499 59.4937 59.4777 59.7002 59.5944 59.4198 59.3318 59.2443 59.2659 59.1991 59.0519 58.9954 58.8457 0 
59.4794 59.7369 59.78 59.7779 59.8536 59.7057 59.9271 59.9875 60.1259 59.5744 58.5893 0 
59.4726 59.4933 59.6067 59.1728 59.1843 59.1448 59.2239 59.1173 59.3637 59.6673 59.6163 60.291 61.2289 0 
59.4928 59.4699 59.131 59.2856 59.2974 59.4788 59.525 59.7782 59.7988 60.11 60.3999 60.0844 60.463 60.5015 60.499 60.4998 0 
59.5039 59.4813 59.7836 59.9289 59.734 59.6945 59.708 59.591 59.1935 59.3081 58.8431 59.5042 0 
59.507 59.5075 59.3137 59.3711 59.3694 59.379 59.4185 59.1786 57.7769 57.6825 57.7429 0 
59.4606 59.8232 59.7927 59.5568 59.5545 59.7764 59.8852 59.7924 59.6227 59.6501 58.6405 58.5058 0 
59.4874 59.5862 59.5361 59.5339 59.5766 59.1501 59.1915 59.193 59.7344 60.1582 59.922 60.2837 60.4703 60.4776 58.1202 0 
59.4802 59.5901 59.2875 59.0838 59.2378 59.2145 59.2208 59.2521 59.4675 59.7221 59.9944 59.9932 59.8042 0 
59.5186 59.7599 59.8313 59.8225 60.1303 59.9585 59.485 59.4045 59.4596 59.4509 59.4277 0 
59.4804 59.7538 59.8379 59.5646 59.6102 60.0154 59.8608 59.856 60.1717 60.044 0 
59.4622 59.199 59.0574 58.981 58.9912 58.8055 59.6212 59.5838 59.5575 60.1494 60.1399 59.3896 0 
59.4989 59.4639 59.3352 59.2515 59.1173 59.1601 59.1494 59.4546 60.0567 60.956 61.1515 0 
59.4817 59.76 59.8338 59.4991 58.634 58.6255 58.9331 58.9403 58.9478 60.5319 60.8423 60.8403 61.4933 0 
59.4785 59.4936 59.7901 59.4927 59.4859 59.8259 59.8411 59.8129 59.8833 59.5155 59.2796 58.8097 58.5028 0 
59.5205 59.6283 59.6121 59.6094 59.6343 59.4513 59.7107 59.9267 60.0658 60.295 60.5653 0 
59.5076 59.4809 59.504 59.4738 59.4872 59.5377 59.495 59.7395 59.7436 59.8137 59.1599 0 
59.4852 59.7607 59.7644 59.7342 59.8655 60.2394 59.7405 59.6999 59.7739 0 
59.4986 59.5507 59.5585 59.8919 59.7713 59.5242 59.7706 59.7717 59.7579 59.6383 59.9814 60.0623 60.0839 0 
59.5036 59.4881 59.1553 59.1273 58.7582 58.4356 58.588 59.5645 60.1947 60.2361 60.0095 59.4956 0 
59.4737 59.5375 59.5683 59.6577 59.6769 59.7069 59.6622 59.6481 59.9154 59.909 59.858 59.8577 0 
59.4882 59.5224 59.4805 59.6357 59.5876 59.5686 60.1152 59.1533 59.3172 0 
59.5147 59.8967 59.9114 59.4952 59.4252 59.1797 59.171 58.0228 58.0194 58.0803 58.1591 0 
59.5236 59.6213 59.6942 59.6374 59.6347 59.6341 59.6476 59.6758 59.4327 59.4405 0 
59.5002 59.2792 59.2383 59.305 59.0942 58.9556 59.5503 59.5126 59.5598 59.1631 0 
59.527 59.5122 59.4841 59.4998 59.4966 59.105 59.2088 59.5242 59.0146 58.6156 0 
59.4963 59.5598 59.5929 59.6509 59.627 59.617 59.8405 59.7939 60.3499 0 
59.4691 59.1118 59.178 59.1326 59.3638 59.4073 59.5528 59.9298 59.3715 59.9941 0 
59.4899 59.5003 59.4997 59.5407 59.5914 59.6839 60.4319 60.4643 60.1586 59.9907 60.201 60.6236 61.4981 0 
59.4469 59.4944 59.4309 59.4328 59.2261 59.2435 58.933 58.9361 58.8821 59.1328 59.0862 59.1238 58.4866 0 
59.5255 59.7983 59.5858 59.5837 59.6882 59.305 59.215 59.2338 59.2034 58.9443 0 
59.4903 59.6726 59.3481 59.3703 59.24 58.9061 59.3748 59.3227 59.3571 59.97 60.0261 0 
59.4922 59.4792 59.5318 59.5273 59.9435 59.9982 60.3681 60.2193 60.1855 59.953 59.9798 59.3405 0 
59.4714 59.4905 59.4783 59.5392 59.5325 59.6346 60.0953 60.308 59.5112 59.5183 59.5128 59.5151 0 
59.4742 59.1984 59.1851 59.4394 59.483 59.6464 60.4336 60.4274 59.5469 0 
59.4907 59.4501 59.0808 59.1101 59.5784 59.5767 60.7504 60.8233 60.8005 60.1057 59.8778 59.9189 0 
59.4841 59.5103 59.5305 59.567 59.2726 59.1203 59.1071 59.1686 59.4648 58.3611 0 
59.5067 59.4798 59.5179 59.5187 59.6199 59.8012 59.4841 59.4851 59.1222 59.2083 60.1277 0 
59.4764 59.2056 59.1627 59.1537 60.3864 60.4123 59.9989 59.9889 59.6323 0 
59.4841 59.454 59.4727 59.4287 59.8147 59.3163 58.7075 58.7403 60.4281 60.4282 60.8173 61.1394 61.3076 61.4889 0 
59.4954 59.3467 59.3453 59.1523 59.4048 59.9906 59.4134 59.4145 59.4789 59.4786 59.9725 59.9187 60.6606 0 
59.5001 59.2921 59.1926 59.4044 59.4185 59.4219 59.7458 59.8469 59.8904 59.857 59.9577 60.3255 60.3778 60.9512 0 
59.5367 59.5054 58.8252 58.8406 59.1005 58.9869 59.0072 59.0233 59.8415 58.2472 0 
59.4847 59.7222 59.753 59.7819 59.8645 59.8015 59.8157 59.1535 59.2245 60.11 59.4232 59.4993 59.4993 59.4999 59.5 0 
59.4988 59.8167 59.5058 59.7866 59.9585 60.2021 60.3986 60.3656 60.3933 60.4309 60.428 60.0881 60.1521 0 
59.5034 59.5004 59.3966 59.4995 59.5126 59.4795 59.494 59.4556 59.4102 57.8775 57.6678 0 
59.5201 59.4977 59.4183 59.5002 59.527 59.5346 58.6281 58.629 58.8586 58.8713 58.4842 58.0775 0 
59.5183 59.4935 59.5126 59.4776 59.5361 59.5351 59.631 59.6798 59.7067 59.7523 58.4448 59.3175 0 
59.4939 59.4808 59.4449 58.7984 58.7501 58.856 60.1488 60.0971 60.0964 59.2975 58.9364 58.946 0 
59.5041 59.6695 59.8119 59.6743 59.5785 59.5293 59.5081 59.3388 59.4586 59.4857 59.5878 59.0328 58.6843 0 
59.5063 59.5439 59.5574 59.553 59.5373 59.532 59.5227 59.2137 59.1857 60.0929 59.5516 59.5228 59.441 0 
59.4922 59.8699 59.5696 59.5378 59.3503 59.9432 59.6976 60.4065 60.3934 60.3799 59.5614 59.5814 59.5775 59.5685 59.4999 0 
59.5022 59.4184 59.4943 59.4787 59.4852 59.6354 59.7353 59.721 59.6584 59.5082 60.0086 60.422 60.4986 0 
59.4889 59.4569 59.4809 59.7233 59.9208 59.9347 60.0306 59.9636 60.2578 58.954 59.0384 58.986 58.9785 59.0394 0 
59.4787 59.2303 59.2237 59.5201 59.4664 59.5247 59.5636 60.135 59.1093 59.1208 59.041 59.1857 59.488 0 
59.5016 59.3139 59.3398 59.3178 59.0802 59.0819 58.8775 59.541 59.5151 59.798 61.0861 0 
59.4831 59.4779 59.8413 59.5516 59.5258 59.5332 59.6994 60.0462 60.0316 0 
59.4994 59.5737 59.3838 59.9126 59.6993 59.3993 59.4007 59.4312 59.4174 58.319 0 
59.4778 59.7937 59.8791 59.9113 59.5091 59.7107 59.8777 59.8679 59.4948 60.385 0 
59.5014 59.2106 59.163 58.8645 58.807 59.0226 59.2227 59.1024 58.8149 59.4097 59.5074 59.5074 59.5099 59.4975 0 
59.5032 59.4976 59.4832 59.5911 59.927 59.9252 60.2025 59.8294 59.3113 59.7372 59.4618 0 
59.4938 59.5097 59.8316 59.9984 60.0691 60.0123 60.3867 60.2032 59.84 59.576 59.478 59.4771 59.4796 59.4779 58.5729 0 
59.4905 59.4995 60.0104 59.9168 59.9048 59.5174 59.5631 59.5774 60.6944 60.7094 60.6997 60.4541 0 
59.4827 59.4919 59.9454 60.0919 59.8219 60.0803 60.0346 59.8308 59.799 59.7392 59.7224 59.6808 0 
59.4838 59.7608 59.4462 59.4113 59.444 58.7297 58.5912 58.5906 58.5941 58.6156 58.4884 58.4255 58.4726 58.5289 0 
59.4821 59.495 59.3001 59.2283 59.4845 59.566 59.5887 59.6969 59.6508 59.6318 59.4955 59.4389 60.0871 58.9508 58.8492 0 
59.4897 59.7386 59.6972 59.3292 59.215 58.9776 59.3988 59.9945 60.0939 60.3496 60.3445 0 
59.5012 59.4586 59.6304 59.5523 59.5287 59.3991 59.3462 59.3472 59.0755 59.0696 58.6425 0 
59.5286 59.4873 59.1772 59.1917 59.1844 59.5693 59.5199 59.4637 59.4924 59.4074 60.1178 60.2387 60.6599 0 
59.4961 59.4831 59.4911 59.4035 59.3798 59.3709 59.4908 59.6149 59.6172 59.7215 60.3394 59.8361 58.5295 58.5171 58.5021 58.4981 58.5 0 
59.501 59.508 59.8081 59.826 59.8046 59.574 59.6257 59.509 59.3184 59.0905 59.0587 0 
59.4999 59.2156 59.2049 59.2043 59.4382 59.2245 59.1331 59.1413 58.8516 57.7367 0 
59.5343 59.789 59.7236 59.8164 59.7434 59.6364 59.9697 60.2181 59.5872 59.4284 59.0078 0 
59.4899 59.6088 59.9526 59.9595 59.9998 60.0048 60.4591 60.0527 60.0361 58.7553 58.5455 58.5802 57.5182 0 
59.4927 59.5152 59.3829 60.0758 59.971 59.9776 59.9803 59.9784 59.7664 58.7211 59.903 0 
59.4943 59.5608 59.4909 60.0964 60.1514 59.9946 60.2847 60.0757 60.02 59.2801 58.5524 57.5358 0 
59.4966 59.655 59.6236 59.9751 59.9501 59.964 59.9304 59.0752 59.0548 58.436 58.2774 58.6997 58.6288 58.75 0 
59.4828 59.531 59.5141 59.7307 59.5904 59.8725 59.8151 59.7822 59.5551 59.5548 59.2193 59.3947 57.9776 57.9801 57.6359 0 
59.5068 59.4773 59.4945 59.5426 58.9684 58.7259 59.9188 59.985 59.5109 59.5077 0 
59.4941 59.4893 59.5213 59.8458 59.6007 59.8709 59.8053 59.8104 59.8175 59.9572 59.5505 59.574 59.5836 0 
59.4752 59.4734 59.5058 59.1807 59.3584 59.9806 60.0264 59.9147 59.3116 59.2474 58.1746 58.4913 0 
59.4896 59.4501 59.4734 59.4849 59.7975 59.8967 59.9191 59.5404 59.4956 60.4585 60.4925 0 
59.4989 59.3586 59.5064 59.8407 59.8642 59.8359 59.8848 59.9353 59.6301 59.8343 59.4803 59.6515 60.5 0 
59.4968 59.486 59.4351 59.6619 60.0748 60.0657 60.1498 59.8349 59.8949 59.9212 59.4849 59.5533 59.6079 60.0326 0 
59.5114 59.2244 59.1445 59.2834 59.2189 60.208 60.9378 61.0201 61.0135 59.8559 59.8078 59.485 59.4899 0 
59.4958 59.7851 59.7515 59.3978 59.25 58.8181 58.756 58.9313 58.7173 59.3145 59.5138 59.5253 59.5471 0 
59.4793 59.4951 59.9849 59.9848 60.0111 60.6084 60.6096 60.4473 60.448 60.9168 60.0752 0 
59.4937 59.4356 59.4121 59.5217 59.3134 59.0852 59.0772 59.418 59.4077 59.8093 60.0475 59.5013 59.4989 0 
59.4628 59.3492 59.5136 59.795 59.8199 59.7152 59.8613 59.887 59.8887 59.896 59.634 59.7846 0 
59.495 59.6288 59.4329 59.3638 59.0745 59.3556 59.4765 59.5209 59.5224 59.5612 59.6693 59.9513 0 
59.5021 59.2543 59.1778 59.2183 58.6064 59.3523 59.3301 59.1666 59.2771 59.0927 59.0966 59.1056 59.1492 59.6764 59.2172 0 
59.497 59.1884 59.3682 59.4417 59.5105 60.8897 60.3206 59.6997 59.2312 59.2859 59.0015 58.9664 58.9684 0 
59.4692 59.4873 59.5996 59.4906 59.4721 59.4839 59.4892 59.4887 59.7088 59.7012 60.4717 60.5265 60.5036 60.5006 60.4999 60.5 0 
59.4914 59.8054 59.5547 59.5378 59.5529 59.533 59.1595 59.0528 59.2973 59.4746 60.0686 60.0277 59.9721 59.5254 0 
59.4787 59.4839 59.4786 59.2615 59.2134 59.231 59.9364 59.9489 59.8574 59.8862 59.5961 58.3993 58.2378 58.4342 0 
59.4883 59.4992 59.5013 59.504 59.8518 59.9744 59.965 60.0026 60.4904 59.8468 0 
59.4949 59.283 59.2746 59.6835 59.4844 59.1103 59.0294 59.2977 59.4035 60.1435 60.146 60.0721 60.8348 0 
59.5025 59.4172 59.5127 59.4365 59.6563 59.6416 59.6275 59.8869 59.4421 59.6008 59.6192 59.5997 59.6306 59.6456 0 
59.5024 59.2042 59.1766 59.1336 59.1237 59.4227 59.3694 59.4948 59.7948 59.3342 58.5614 58.5148 58.5205 58.5147 58.5136 0 
59.4759 59.4688 59.4809 59.4666 59.4785 59.4437 59.6581 59.5434 60.0132 0 
59.4991 59.4773 59.8358 59.6202 59.4925 59.2182 59.191 59.1193 59.0148 59.0169 59.1368 0 
59.5038 59.4694 59.6355 59.6875 59.5829 59.613 59.7439 59.77 59.8228 59.6918 59.8768 58.834 58.7853 0 
59.4905 59.6142 59.517 59.7693 59.7438 59.7555 59.3687 59.4509 59.8427 60.8779 60.9012 61.4625 0 
59.4755 59.1837 59.168 59.1984 59.1844 59.3359 59.5389 59.5455 59.5574 59.4858 58.2074 0 
59.5123 59.515 59.4993 59.2919 59.5881 59.5497 59.4041 59.4881 60.0932 59.8374 0 
59.5068 59.0949 58.9928 59.0938 58.7134 59.0314 59.2486 59.4034 59.831 59.8408 59.0322 59.0865 59.0997 59.3281 0 
59.5147 59.7571 58.9672 59.1046 59.1425 59.4691 59.4738 58.9087 58.8529 58.8591 58.9231 57.5073 0 
59.4991 59.8375 59.8474 59.8452 60.0411 59.9856 60.008 59.5735 59.5077 59.499 0 
59.4974 59.4956 59.4853 59.525 59.5259 59.1193 59.6281 60.0408 60.078 60.4666 60.4542 60.4644 0 
59.5071 59.4623 59.4509 59.2771 59.1911 59.4195 59.4438 59.731 58.9696 58.9602 58.2213 58.7803 58.8806 58.9576 59.3354 0 
59.4985 59.5756 59.7127 59.3271 59.6306 59.5061 59.4524 59.4593 59.3766 59.339 59.1786 59.8545 0 
59.4822 59.6959 59.3805 59.4142 59.3866 59.4883 59.877 59.4755 59.4675 59.364 0 
59.5006 59.7614 59.5376 59.5006 59.5469 59.5403 59.5113 59.4877 59.4799 59.376 60.3242 0 
59.4888 59.4878 59.2991 59.2836 59.2844 59.1121 59.0343 60.4681 60.4859 60.4903 60.4945 60.6894 60.7028 0 
59.4976 59.5185 59.2202 59.933 59.9934 59.4473 59.3714 59.3524 60.3164 0 
59.4878 59.3741 59.406 59.3732 59.4081 59.4842 59.5361 58.086 58.3232 58.6206 60.4115 0 
59.5124 59.9927 59.994 59.9931 59.9895 59.9344 59.825 59.8016 59.7581 59.6896 58.3822 57.6596 0 
59.5008 59.5327 59.5036 59.8794 59.8801 60.4658 60.2407 60.2601 60.3856 60.3334 60.4359 61.6929 0 
59.5066 59.4808 59.2203 59.3965 59.5302 58.9819 58.8473 58.6507 58.9017 59.2507 60.4694 59.8392 0 
59.4942 59.8119 59.4342 59.8781 59.8805 59.9257 59.9326 59.9143 60.6316 60.2986 59.1669 59.0712 0 
59.5205 59.5135 59.4706 59.3446 59.5406 59.5221 59.5324 59.5569 59.7111 0 
59.4813 59.1728 59.1567 59.1462 59.4587 59.4647 59.4258 59.3853 59.6094 58.7222 58.4324 0 
59.4957 59.5479 59.4675 59.5139 59.9385 59.8498 59.7901 59.755 58.7838 59.0931 59.0653 59.6481 60.4947 60.5001 60.5001 0 
59.5102 59.4931 59.4608 59.4894 59.5066 59.5429 59.3941 59.68 59.5302 58.4121 58.0424 57.5041 57.5033 0 
59.5014 59.6565 59.6124 59.7566 59.2355 59.536 59.4222 59.4027 59.69 59.9138 59.2261 59.0494 0 
59.4807 59.565 59.5708 59.5928 59.6329 59.7401 59.9645 59.9437 59.7786 59.6969 59.5799 59.5262 59.504 59.4212 59.3197 0 
59.5067 59.4738 59.5034 59.8446 59.8384 59.9262 59.4876 59.4384 59.5073 59.2621 59.2416 60.3439 0 
59.4867 59.5746 59.8512 59.8327 59.446 59.1093 59.7305 60.0494 59.9991 58.6399 58.4876 0 
59.4822 59.5166 59.3787 59.4533 59.4498 59.4294 59.5524 59.6001 59.2306 58.9146 58.8907 58.6349 0 
59.4571 59.4693 58.7603 59.0407 59.0916 59.1116 58.9774 59.0159 58.7829 58.7302 59.2828 59.9849 59.4473 0 
59.4828 59.8399 59.7925 59.4692 59.0672 59.0813 59.077 59.0872 59.0868 59.4832 61.3665 61.4781 0 
59.5126 59.1453 59.4261 59.8375 59.873 59.8776 59.9843 59.9969 60.1085 58.525 58.5071 0 
59.4675 59.1454 59.1244 59.2776 59.2854 59.1548 59.181 59.1787 59.9615 0 
59.4956 59.1804 59.1002 59.7067 59.6758 60.1038 60.2509 60.2482 59.7627 59.7782 59.7642 60.4271 60.4387 0 
59.4843 59.5118 59.4897 59.0627 58.6116 58.7633 59.3393 59.4378 59.4197 59.3941 59.2636 58.8943 58.5526 58.5299 58.5213 0 
59.5132 59.5045 59.4916 59.4851 59.6029 59.5469 59.4498 59.3944 59.4551 59.363 59.5319 59.5751 0 
59.4912 59.5059 59.4716 59.5121 59.3151 59.1819 59.3691 58.9265 58.8859 58.9172 59.1016 0 
59.4754 59.4288 59.4602 59.3923 59.3425 59.3504 59.9626 59.9869 60.0071 60.0123 60.8773 0 
59.4936 59.5371 59.4488 59.1142 59.132 58.6188 58.6166 58.9635 58.135 0 
59.4774 59.4785 59.4556 59.513 60.323 60.0809 59.8971 59.9779 59.9792 59.9789 59.998 60.5686 60.5051 0 
59.4935 59.7042 59.7672 59.4539 58.9617 59.5195 59.9854 60.0267 60.4968 61.1807 0 
59.4745 59.5014 59.3924 59.3775 59.3883 59.249 59.0644 58.9038 58.8931 59.0144 59.0975 61.0697 60.3533 59.7864 0 
59.4896 59.507 59.4347 59.6495 59.8289 59.5432 59.3913 59.2765 58.6835 58.7578 58.5032 58.1366 58.0443 0 
59.4913 59.4052 59.3073 59.339 58.8447 59.4064 59.4661 59.8788 0 
59.4943 59.4577 59.7115 59.7684 59.4352 59.5001 59.6234 59.8922 60.1381 60.402 60.5913 60.0504 59.9605 60.5973 0 
59.5016 59.5356 59.4921 59.5218 59.4715 59.1541 58.9444 59.0179 61.0376 0 
59.5081 59.2899 59.5648 59.4496 59.7494 60.3292 60.4304 60.216 59.899 0 
59.5026 59.5082 59.4532 59.3372 59.2831 58.5055 58.3446 58.8567 58.9282 58.9351 59.4764 59.3007 58.4995 0 
59.4365 59.5051 59.8073 59.8538 59.8515 59.8218 59.7291 59.2215 58.0737 58.4368 0 
59.5167 59.1528 59.4305 59.4517 59.4435 59.5544 59.9757 60.3604 59.5869 59.5145 59.8923 0 
59.4698 59.1922 59.1599 59.1858 59.0349 58.7919 58.0596 58.6884 58.7505 60.2767 60.2263 60.2824 0 
59.5016 59.4884 59.5062 59.4557 59.0979 58.6652 58.6358 58.5642 59.8748 59.7228 58.8037 58.6355 0 
59.4901 59.7847 59.7574 59.8126 59.7941 59.6107 59.3208 59.3098 59.1331 59.0222 58.6319 0 
59.4798 59.5578 59.6569 59.6486 59.5588 59.566 58.9476 59.0071 0 
59.4916 59.7954 59.7869 59.1647 59.029 59.0237 59.1533 59.0667 60.2004 60.5029 60.4512 60.4661 0 
59.4997 59.5687 59.5235 59.2096 59.1955 59.4921 59.6396 59.6402 59.8584 59.8379 59.5353 59.3075 58.5001 0 
59.5173 59.495 60.1773 60.2179 60.1712 60.2353 60.1726 60.4042 59.5907 59.8914 60.6008 0 
59.5174 59.4757 59.6497 59.8547 60.2253 60.2394 59.9967 60.4116 60.411 59.9247 60.1771 60.488 60.4984 0 
59.4741 59.3565 59.3248 59.3278 59.488 59.4658 59.474 59.4456 58.9434 59.502 59.5565 60.2492 60.6056 60.7463 61.4688 0 
59.4922 59.5014 59.4354 59.221 58.8594 58.5489 58.6759 59.0113 59.4809 59.5575 59.6083 59.3462 0 
59.4925 59.7711 59.7324 59.7722 59.7302 59.7634 59.2001 58.9092 58.5585 0 
59.5089 59.1736 59.2613 59.2079 59.5097 59.7115 59.6833 58.8254 60.1926 60.2189 60.2045 60.4459 60.4786 0 
59.4756 59.4877 59.7082 59.7598 59.6632 60.0424 60.0187 59.0361 60.3677 60.0167 60.4183 60.431 60.4597 60.4983 0 
59.4987 59.6653 59.513 59.474 59.4549 59.6531 59.6671 60.0527 59.7308 59.7791 59.7498 59.6761 0 
59.5301 59.5276 59.2923 59.1831 59.6922 59.7201 59.6861 59.4216 59.5258 60.1431 58.6361 59.5013 0 
59.485 59.5301 59.2864 59.8599 59.9519 59.4141 59.5437 0 
59.4733 59.4272 58.9991 59.1534 59.2772 59.5967 60.4883 60.3727 60.3467 60.4095 60.4671 60.0072 59.9068 0 
59.4863 59.5324 59.5138 59.4981 59.7968 60.265 60.3226 60.266 60.3933 60.3326 59.8781 59.9049 59.0537 0 
59.502 59.457 59.6104 59.6304 59.7428 59.9092 60.1597 59.8477 60.4088 60.3826 60.5705 0 
59.4762 59.2313 59.2266 59.2124 59.4554 58.5725 58.5103 58.2139 58.0109 57.8974 58.2333 59.1286 59.4886 59.5077 60.4921 0 
59.4882 59.2664 59.4504 59.5821 59.7148 59.6805 59.7137 60.0598 59.8631 60.5432 60.4917 60.4849 60.4848 60.4913 60.4946 60.4927 0 
59.5081 59.414 59.7306 59.7339 59.7559 59.7222 59.7153 59.7685 59.0122 58.987 58.9617 58.8932 0 
59.5303 59.4207 59.1904 59.1506 59.2104 59.0362 59.126 58.9315 59.8044 59.1235 59.159 59.0163 58.6025 0 
59.4857 59.3336 59.3062 59.0366 59.1698 59.1938 59.3627 59.2599 59.2758 59.9886 59.4687 0 
59.496 59.4739 59.6976 59.7 59.629 59.6387 59.6635 59.6241 59.6506 59.5539 59.3001 59.0354 58.6012 58.5892 58.5533 58.5077 0 
59.515 59.4864 59.2993 59.4987 59.4863 59.4824 59.3541 59.5891 59.2793 59.3233 60.3978 60.4323 60.4938 0 
59.5053 59.3478 59.4152 59.285 59.2515 60.184 60.2144 0 
59.4973 59.474 59.4647 59.5022 59.4913 58.9931 59.7137 60.0698 60.5102 60.5037 60.3712 60.0094 61.4962 0 
59.5256 59.4341 59.447 59.7643 59.7387 59.7942 59.7664 59.5979 59.5378 59.718 59.8487 59.7622 0 
59.4951 59.7154 59.6843 59.6678 59.6481 58.9973 58.9443 58.5574 58.5169 59.0198 58.8047 58.7203 58.805 0 
