59.5 59.5 59.5 59 59 59 59 59.5 59.5 59.5 59.5 59.5 59.5 59.5 59.5 59.5 59.5 59.5 59.5 59.5 59.5 59.5 59.5 59.5 59.5 59.5 59.5 59.5 59.5 59.5 59.5 59.5 59.5 59.5 59.5 0 
59.5 59.5 59.5 59.5 59.5 59.5 59.5 59.5 59.5 59.5 59.5 59.5 59.5 59.5 59.5 59.5 59.5 59.5 59.5 59.5 59.5 59.5 0 
59.5 59.5 59.5 59.5 59.5 59.5 59.5 59.5 59.5 59.5 59.5 59.5 59.5 59.5 59.5 59.5 59.5 59.5 59.5 59.5 59.5 59.5 59.5 59.5 59.5 59.5 59.5 59.5 59.5 59.5 59.5 59.5 59.5 59.5 0 
59.5 59.5 59.5 59.5 59.5 59.5 59.5 59.5 59.5 59.5 59.5 59.5 59.5 59.5 59.5 59.5 59.5 59.5 59.5 59.5 59.5 59.5 59.5 59.5 59.5 59.5 59.5 59.5 59.5 59.5 59.5 59.5 59.5 59.5 0 
59.5 59.5 59.5 59.5 59.5 59.5 59.5 59.5 59.5 59.5 59.5 59.5 59.5 59.5 59.5 59.5 59.5 59.5 59.5 59.5 59.5 59.5 59.5 59.5 0 
59.5 59.5 59.5 59.5 59.5 59.5 59.5 59.5 59.5 59.5 59.5 59.5 59.5 59.5 59.5 59.5 59.5 59.5 59.5 59.5 59.5 59.5 59.5 59.5 59.5 59.5 59.5 59.5 59.5 59.5 59.5 59.5 59.5 59.5 59.5 0 
59.5 59.5 59.5 59.5 59.5 59.5 59.5 59.5 59.5 59.5 59.5 59.5 59.5 59.5 59.5 59.5 59.5 59.5 59.5 59.5 59.5 59.5 59.5 59.5 59.5 59.5 59.5 59.5 59.5 59.5 59.5 59.5 59.5 59.5 59.5 59.5 59.5 59.5 59.5 59.5 59.5 59.5 59.5 59.5 59.5 59.5 59.5 59.5 59.5 59.5 59.5 59.5 59.5 59.5 59.5 59.5 59.5 59.5 59.5 59.5 59.5 59.5 0 
59.5 59.5 59.5 59.5 59.5 59.5 59.5 59.5 59.5 59.5 59.5 59.5 59.5 59.5 59.5 59.5 59.5 59.5 59.5 59.5 59.5 59.5 59.5 59.5 59 59 59 59 59 59.5 59.5 59.5 59.5 59.5 59.5 59.5 59.5 59.5 59.5 59.5 59.5 59.5 59.5 59.5 59.5 0 
59.5 59.5 59.5 59.5 59.5 59.5 59.5 59.5 59.5 59.5 59.5 59.5 59.5 59.5 59.5 59.5 59.5 59.5 59.5 59.5 59.5 59.5 59.5 59.5 59.5 59.5 59.5 59.5 59.5 0 
59.5 59.5 59.5 59.5 59.5 59.5 59.5 59.5 59.5 59.5 59.5 59.5 59.5 59.5 59.5 59.5 59.5 59.5 59.5 59.5 59.5 59.5 59.5 59.5 59.5 59.5 59.5 59.5 59.5 59.5 59.5 59.5 59.5 59.5 59.5 59.5 0 
59.5 59.5 59.5 59.5 59.5 59.5 59.5 59.5 59.5 59.5 59.5 59.5 0 
59.5 59.5 59.5 59.5 59.5 59.5 59.5 59.5 59.5 59.5 59.5 59.5 59.5 59.5 59.5 59.5 59.5 59.5 59.5 59.5 59.5 59.5 59.5 59.5 59.5 59 59.5 59.5 59.5 0 
59.5 59.5 59.5 59.5 59.5 59.5 59.5 59.5 59.5 59.5 59.5 59.5 59.5 59.5 59.5 0 
59.5 59.5 59.5 59.5 59.5 59.5 59.5 59.5 59.5 59.5 59.5 59.5 59.5 59.5 59.5 59.5 59.5 59.5 59.5 59 59.5 0 
59.5 59.5 59.5 59.5 59.5 59.5 59.5 59.5 59.5 59.5 59.5 59.5 59.5 59.5 59.5 59.5 59.5 59.5 59.5 59.5 59.5 59.5 59.5 59.5 59.5 59.5 59.5 59.5 59.5 59.5 59.5 59.5 59.5 59.5 59.5 59.5 59.5 59.5 59.5 59.5 59.5 59.5 59.5 0 
59.5 59.5 59.5 59.5 59.5 59.5 59.5 59.5 59.5 59.5 59.5 59.5 59.5 59.5 59.5 59.5 59.5 59.5 59.5 59.5 59.5 59.5 59.5 59.5 59.5 59.5 0 
59.5 59.5 59.5 59.5 59.5 59.5 0 
59.5 59.5 59.5 59.5 59.5 59.5 59.5 59.5 59.5 59.5 59.5 59.5 59.5 59.5 59.5 59.5 59.5 59.5 59.5 59.5 59.5 59.5 59.5 59.5 59.5 59.5 59.5 59.5 59.5 59.5 59.5 59.5 0 
59.5 59.5 59.5 59.5 59.5 59.5 59.5 59.5 59.5 59.5 59 59 59 59 59 59 59 59 59 59 59 59 59.5 59.5 59.5 59.5 59.5 0 
59.5 59.5 59.5 59.5 59.5 59.5 59.5 59.5 59.5 59.5 59.5 59.5 59.5 59.5 59.5 59.5 59.5 59.5 59.5 59.5 59.5 59.5 59.5 59.5 59.5 59.5 59.5 59.5 59.5 59.5 0 
59.5 59.5 59.5 59.5 59.5 59.5 59.5 59.5 59.5 59.5 59.5 59.5 59.5 59.5 59.5 59.5 59.5 59.5 59.5 59.5 59.5 59.5 59.5 0 
59.5 59.5 59.5 59.5 59.5 59.5 59.5 59.5 59.5 59.5 59.5 59.5 59.5 59.5 59.5 59.5 59.5 59.5 59.5 59.5 59.5 59.5 59.5 59.5 59.5 59.5 59.5 59.5 59.5 59.5 59.5 59.5 59.5 59.5 59.5 59.5 59.5 59.5 59.5 59.5 59.5 59.5 59.5 59.5 59.5 59.5 59.5 59.5 59.5 59.5 59.5 0 
59.5 59.5 59.5 59.5 59.5 59.5 59.5 59.5 59.5 59.5 59.5 59.5 59.5 59.5 59.5 59.5 59.5 59.5 0 
59.5 59.5 59.5 59.5 59.5 59.5 59.5 59.5 59.5 59.5 59.5 59.5 59.5 59.5 59.5 59.5 59.5 59.5 59.5 59.5 59.5 59.5 59.5 59.5 59.5 59.5 59.5 59.5 59.5 59.5 59.5 59.5 59.5 59.5 0 
59.5 59.5 59.5 59.5 59.5 59.5 59.5 59.5 59.5 59.5 59.5 59.5 59.5 59.5 59.5 59.5 59.5 59.5 59.5 59.5 59.5 59.5 59.5 59.5 59.5 59.5 59.5 59.5 59.5 0 
59.5 59.5 59.5 59.5 59.5 59.5 59.5 59.5 59.5 59.5 59.5 59.5 59.5 0 
59.5 59.5 59.5 59.5 59.5 59.5 59.5 0 
59.5 59.5 59.5 59.5 59.5 59.5 59.5 59.5 59.5 59.5 59.5 59.5 59.5 59.5 59.5 59.5 59.5 59.5 59.5 59.5 59.5 59.5 59.5 59.5 59.5 59.5 59.5 59.5 59.5 59.5 59.5 59.5 59.5 59.5 59.5 59.5 59.5 59.5 0 
59.5 59.5 59.5 59.5 59.5 59.5 59.5 59.5 59.5 59.5 59 59 59 59 0 
59.5 59.5 59.5 59.5 59.5 59.5 59.5 59.5 59.5 0 
59.5 59.5 59.5 59.5 59.5 59.5 59.5 59.5 59.5 59.5 59.5 59.5 59.5 59.5 59.5 59.5 59.5 59.5 59.5 59.5 59.5 59.5 59.5 59.5 59.5 59.5 59.5 59.5 59.5 59.5 59.5 59.5 59.5 59.5 59.5 59.5 59.5 59.5 59.5 59.5 59.5 59.5 59.5 59.5 59.5 59.5 59.5 59.5 59.5 59.5 59.5 59.5 0 
59.5 59.5 59.5 59.5 59.5 59.5 59.5 59.5 59.5 59.5 59.5 59.5 59.5 59.5 59.5 59.5 59.5 59.5 59.5 59.5 59.5 59.5 59.5 59.5 59.5 59.5 59.5 59.5 59.5 59.5 59.5 59.5 59.5 59.5 59.5 59.5 59.5 0 
59.5 59.5 59.5 59.5 59.5 59.5 59.5 59.5 59.5 59.5 59.5 0 
59.5 59.5 59.5 59.5 59.5 59.5 59.5 59.5 59.5 59.5 59.5 59.5 59.5 59.5 59.5 59.5 59.5 59.5 59.5 59.5 59.5 59.5 59.5 59.5 59.5 59.5 0 
59.5 59.5 59.5 59.5 59.5 59.5 59.5 59.5 59.5 59.5 59.5 59.5 59.5 59.5 59.5 0 
59.5 59.5 59.5 59.5 59.5 59.5 59.5 59.5 59.5 59.5 59.5 59.5 59.5 59.5 59.5 59.5 59.5 59.5 59.5 59.5 59.5 59.5 59.5 0 
59.5 59.5 59.5 59.5 59.5 59.5 59.5 59.5 59.5 59.5 59.5 59.5 59.5 59.5 59.5 59.5 59.5 59.5 59.5 59.5 59.5 59.5 59.5 59.5 59.5 59.5 59.5 59.5 59.5 59.5 59.5 59.5 59.5 59.5 0 
59.5 59.5 59.5 59.5 59.5 59.5 59.5 59.5 59.5 59.5 59.5 59.5 59.5 59.5 59.5 59.5 59.5 59.5 59.5 59.5 59.5 59.5 59.5 59.5 59.5 59.5 59.5 59.5 59.5 59.5 59.5 59.5 0 
59.5 59.5 59.5 59.5 59.5 59.5 59.5 59.5 59.5 59.5 59.5 59.5 59.5 59.5 59.5 59.5 59.5 59.5 59.5 59.5 59.5 59.5 59.5 59.5 59.5 59.5 59.5 59.5 59.5 59.5 59.5 59.5 59.5 59.5 59.5 59.5 59.5 0 
59.5 59.5 59.5 59.5 59.5 59.5 59.5 59.5 59.5 59.5 59.5 59.5 59.5 59.5 59.5 59.5 59.5 59.5 59.5 59.5 59.5 59.5 59.5 59.5 59.5 59.5 59.5 59.5 59.5 59.5 59.5 59.5 59.5 59.5 59.5 59.5 0 
59.5 59.5 59.5 59.5 59.5 59.5 59.5 59.5 59.5 59.5 59.5 59.5 59.5 59.5 59.5 59.5 59.5 59.5 59.5 59.5 59.5 59.5 59.5 59.5 59.5 0 
59.5 59.5 59.5 59.5 59.5 59.5 59.5 59.5 59.5 59.5 59.5 59.5 59.5 59.5 59.5 59.5 59.5 59.5 59.5 59.5 59.5 59.5 59.5 59.5 59.5 59.5 59.5 59.5 59.5 0 
59.5 59.5 59.5 59.5 59.5 59.5 59.5 59.5 59.5 59.5 59.5 59.5 59.5 59.5 59.5 59.5 59.5 59.5 59.5 59.5 59.5 59.5 59.5 59.5 59.5 59.5 59.5 59.5 59.5 59.5 59.5 59.5 59.5 59.5 59.5 0 
59.5 59.5 59.5 59.5 59.5 59.5 59.5 59.5 59.5 59.5 0 
59.5 59.5 59.5 59.5 59.5 59.5 59.5 59.5 59.5 59.5 59.5 59.5 59.5 59.5 59.5 59.5 59.5 59.5 59.5 59.5 59.5 59.5 59.5 59.5 59.5 59.5 59.5 59.5 59.5 59.5 59.5 59.5 59.5 59.5 59.5 59.5 59.5 59.5 59.5 59.5 59.5 59.5 59.5 59.5 59.5 0 
59.5 59.5 59.5 59.5 59.5 59.5 59.5 59.5 59.5 59.5 59.5 59.5 59.5 0 
59.5 59.5 59.5 59.5 59.5 59.5 59.5 59.5 59 59 59 59 59.5 59.5 59.5 59.5 59.5 59.5 59.5 59.5 59.5 59.5 59.5 59.5 59.5 59.5 59.5 59.5 59.5 59.5 59.5 59.5 0 
59.5 59.5 59.5 59.5 59.5 59.5 59.5 59.5 59.5 59.5 59.5 59.5 59.5 59.5 0 
59.5 59.5 59.5 59.5 59.5 59.5 59.5 59.5 59.5 59.5 59.5 59.5 59.5 59.5 59.5 59.5 59.5 59.5 59.5 59.5 59.5 59.5 59.5 59.5 59.5 59.5 59.5 59.5 59.5 59.5 59.5 59.5 59.5 59.5 59.5 59.5 59.5 59.5 59.5 59.5 59.5 59.5 59.5 59.5 0 
59.5 59.5 59.5 59.5 59.5 59.5 59.5 59.5 59.5 59.5 59.5 59.5 59.5 59.5 59.5 59.5 59.5 59.5 59.5 59.5 59.5 59.5 59.5 59.5 59.5 59.5 59.5 59.5 59.5 59.5 59.5 59.5 59.5 59.5 59.5 59.5 59.5 0 
59.5 59.5 59.5 59.5 59.5 59.5 59.5 59.5 59.5 59.5 59.5 59.5 59.5 59.5 59.5 59.5 59.5 59.5 59.5 59.5 59.5 59.5 59.5 59.5 59.5 59.5 59.5 59.5 59.5 59.5 59.5 59.5 59.5 59.5 59.5 0 
59.5 59.5 59.5 59.5 59.5 59.5 59.5 59.5 59.5 59.5 59.5 59.5 59 59 59 59.5 59.5 59.5 59.5 59.5 59.5 59.5 59.5 59.5 59.5 59.5 59.5 59.5 59.5 59.5 59.5 59.5 59.5 59.5 59.5 59.5 59.5 59.5 59.5 59.5 59.5 59.5 0 
59.5 59.5 59.5 59.5 59.5 59.5 59.5 59.5 59.5 59.5 59.5 59.5 59.5 59.5 59.5 59.5 59.5 59.5 59.5 59.5 59.5 59.5 59.5 59.5 59.5 59.5 59.5 59.5 59.5 59.5 59.5 59.5 59.5 59.5 59.5 59.5 59.5 59.5 59.5 59.5 59.5 0 
59.5 59.5 59.5 59.5 59.5 59.5 59.5 59.5 59.5 59.5 59.5 59.5 59.5 59.5 59.5 59.5 59.5 59.5 59.5 59.5 59.5 59.5 59.5 59.5 59.5 59.5 59.5 59.5 59.5 59.5 59.5 59.5 59.5 59.5 59.5 59.5 59.5 59.5 59.5 59.5 59.5 59.5 59.5 59.5 59.5 59.5 59.5 59.5 0 
59.5 59.5 59.5 59.5 59.5 59.5 59.5 59.5 59.5 59.5 59.5 59.5 59.5 59.5 59.5 59.5 59.5 59.5 59.5 59.5 59.5 59.5 59.5 59.5 59.5 59.5 59.5 59.5 59.5 59.5 59.5 59.5 59.5 59.5 59.5 59.5 59.5 59.5 59.5 59.5 0 
59.5 59.5 59.5 59.5 59.5 59.5 59.5 59.5 59.5 59.5 59.5 59.5 59.5 59.5 59.5 59.5 59.5 59.5 59.5 59.5 59.5 59.5 59.5 59.5 59.5 59.5 59.5 59.5 59.5 59.5 59.5 59.5 59.5 59.5 59.5 59.5 59.5 59.5 59.5 59.5 59.5 59.5 59.5 59.5 59.5 59.5 59.5 59.5 0 
59.5 59.5 59.5 59.5 59.5 59.5 59.5 59.5 59.5 59.5 59.5 59.5 59.5 59.5 59.5 59.5 59.5 59.5 59.5 59.5 59.5 59.5 59.5 59.5 59.5 59.5 59.5 59.5 59.5 59.5 59.5 59.5 59.5 59.5 59.5 59 59 59 59 59.5 59.5 59.5 59.5 59.5 59.5 59.5 59.5 59.5 59.5 59.5 59.5 59.5 59.5 59.5 59.5 59.5 0 
59.5 59.5 59.5 59.5 59.5 59.5 59.5 59.5 59.5 59.5 59.5 59.5 59.5 59.5 59.5 59.5 59.5 59 59.5 59.5 59.5 59.5 0 
59.5 59.5 59.5 59.5 59.5 59.5 59.5 59.5 59.5 59.5 59.5 0 
59.5 59.5 59.5 59.5 59.5 59.5 59.5 59.5 59.5 59.5 59.5 59.5 59.5 59.5 59.5 59.5 59.5 59.5 59.5 59.5 59.5 0 
59.5 59.5 59.5 59.5 59.5 59.5 59.5 59.5 59.5 59.5 59.5 59.5 59.5 59.5 59.5 59.5 59.5 59.5 59.5 59.5 59.5 59.5 59.5 59.5 59.5 59.5 59.5 59.5 59.5 59 59 59.5 59.5 59.5 59.5 59.5 59.5 59.5 0 
59.5 59.5 59.5 59.5 59.5 59.5 59.5 59.5 59.5 59.5 59.5 59.5 59.5 59.5 59.5 59.5 59.5 59.5 59.5 59.5 59.5 59.5 59.5 59.5 59.5 59.5 59.5 59.5 59.5 59.5 59.5 59.5 59.5 59.5 59.5 59.5 59.5 59.5 59.5 59.5 59.5 59.5 59.5 59.5 59.5 0 
59.5 59.5 59.5 59.5 59.5 59.5 59.5 59.5 59.5 59.5 59.5 59.5 59.5 59.5 59.5 59 59 59 59 59 59 59 59.5 59.5 59.5 59.5 59.5 59.5 59.5 0 
59.5 59.5 59.5 59.5 59.5 59.5 59.5 59.5 59.5 59.5 59.5 59.5 59.5 59.5 59.5 59.5 59.5 59.5 59.5 59.5 59.5 59.5 59.5 59.5 59.5 59.5 59.5 59.5 59.5 59.5 59.5 59.5 59.5 59.5 59.5 59.5 59.5 59.5 59.5 59.5 59.5 59.5 0 
59.5 59.5 59.5 59.5 59.5 59.5 59.5 59.5 59.5 59.5 59.5 59.5 59.5 59.5 59.5 59.5 59.5 59.5 59.5 59.5 59.5 59.5 59.5 59.5 59.5 59.5 59.5 59.5 59.5 59.5 59.5 59.5 59.5 59.5 59.5 59.5 59.5 59.5 59.5 59.5 59.5 59.5 59.5 59.5 59.5 59.5 59.5 0 
59.5 59.5 59.5 59.5 59.5 59.5 59.5 59.5 59.5 59.5 59.5 59.5 59.5 59.5 59.5 59.5 59.5 59.5 59.5 59.5 59.5 59.5 59.5 59.5 59.5 59.5 59.5 59.5 59.5 59.5 59.5 59.5 59.5 59.5 59.5 59.5 59.5 59.5 59.5 59.5 0 
59.5 59.5 59.5 59.5 59.5 59.5 59.5 59.5 59.5 59.5 59.5 59 59 59 59.5 59.5 59.5 59.5 59.5 0 
59.5 59.5 59.5 59.5 59 59 59.5 59.5 59.5 59.5 59.5 59.5 59.5 59.5 59.5 59.5 59.5 59.5 59.5 59.5 59.5 59.5 59.5 59.5 59.5 59.5 59.5 59.5 0 
59.5 59.5 59.5 59.5 59.5 59.5 59.5 59.5 59.5 59.5 59.5 59.5 59.5 59.5 59.5 59.5 59.5 59.5 59.5 59.5 59.5 59.5 59.5 59.5 59.5 59.5 59.5 59.5 59.5 59.5 59.5 59.5 59.5 59.5 59.5 59.5 59.5 59.5 59.5 59.5 0 
59.5 59.5 59.5 59.5 59.5 59.5 59.5 59.5 59.5 59.5 59.5 59.5 59.5 0 
59.5 59.5 59.5 59.5 59.5 59.5 59.5 59.5 59.5 59.5 59.5 59.5 59.5 59.5 59.5 59.5 59.5 59.5 59.5 59.5 59.5 59.5 0 
59.5 59.5 59.5 59.5 59.5 59.5 59.5 59.5 59.5 59.5 59.5 59.5 59.5 59.5 59.5 59.5 59.5 59.5 59.5 59.5 59.5 59.5 59.5 59.5 59.5 59.5 59.5 59.5 59.5 59.5 59.5 59.5 59.5 59.5 59.5 59.5 59.5 59.5 59.5 59.5 59.5 59.5 59.5 59.5 59.5 59.5 59.5 59.5 59.5 59.5 59.5 0 
59.5 59.5 59.5 59.5 59.5 59.5 59.5 59.5 59.5 59.5 0 
59.5 59.5 59.5 59.5 59.5 59.5 59.5 59.5 59.5 59.5 59.5 59.5 59.5 59.5 59.5 0 
59.5 59.5 59.5 59.5 59.5 59.5 59.5 59.5 59.5 59.5 59.5 59.5 59.5 59.5 59.5 59.5 59.5 60 59.5 59.5 59.5 59.5 59.5 59.5 59.5 59.5 59.5 59.5 59.5 59.5 59.5 0 
59.5 59.5 59.5 59.5 59.5 59.5 59.5 59.5 59.5 59.5 59.5 59.5 59.5 59.5 59.5 59.5 59.5 59.5 59.5 59.5 59.5 59.5 59.5 59.5 59.5 59.5 59.5 59.5 59.5 59.5 59.5 59.5 59.5 59.5 0 
59.5 59.5 59.5 59.5 59.5 59.5 59.5 59.5 59.5 59.5 59.5 59.5 59.5 59.5 59.5 59.5 59.5 59.5 59.5 59.5 59.5 59.5 59.5 59.5 59.5 59.5 59.5 59.5 59.5 59.5 59.5 59.5 59.5 59.5 0 
59.5 59.5 59.5 59.5 59.5 59.5 59.5 59.5 59 59 59.5 59.5 59.5 59.5 0 
59.5 59.5 59.5 59.5 59.5 59.5 59.5 59.5 59.5 59.5 59.5 59.5 59.5 59.5 59.5 59.5 59.5 59.5 59.5 59.5 59.5 59.5 59.5 59.5 0 
59.5 59.5 59.5 59.5 59.5 59.5 59.5 59.5 59.5 59.5 59.5 59.5 59.5 59.5 0 
59.5 59.5 59.5 59.5 59.5 59.5 59.5 59.5 59.5 59.5 59.5 59.5 59.5 59.5 59.5 59.5 59.5 59.5 59.5 59.5 59.5 59.5 59.5 59.5 59.5 59.5 59.5 59.5 59.5 59.5 59.5 59.5 59.5 59.5 59.5 59.5 59.5 59.5 0 
59.5 59.5 59.5 59.5 59.5 59.5 59.5 59.5 59.5 59.5 59.5 59.5 59.5 59.5 59.5 59.5 59.5 59.5 59.5 59.5 59.5 59.5 59.5 59.5 59.5 59.5 59.5 59.5 59.5 59.5 59.5 59.5 59.5 59.5 59.5 59.5 59.5 0 
59.5 59.5 59.5 59.5 59.5 59.5 59.5 59.5 59 59 59.5 59.5 59.5 59.5 59.5 59.5 59.5 59.5 59.5 59.5 0 
59.5 59.5 59.5 59.5 59.5 59.5 59.5 59.5 59.5 59.5 59.5 59.5 59.5 59 59 0 
59.5 59.5 59.5 59.5 59.5 59.5 59.5 59.5 59.5 59.5 59.5 59.5 59.5 59.5 59.5 59.5 59.5 59.5 59.5 59.5 59.5 59.5 59.5 59.5 0 
59.5 59.5 59.5 59.5 59.5 59.5 59.5 59.5 59.5 59.5 59.5 59.5 59.5 59.5 59.5 59.5 59.5 59.5 59.5 59.5 59.5 59.5 59.5 59.5 59.5 59.5 59.5 59.5 59.5 59.5 59.5 59.5 59.5 59.5 0 
59.5 59.5 59.5 59.5 59 59 59 59 59.5 59.5 59.5 59.5 59.5 59.5 59.5 59.5 59.5 59.5 59.5 59.5 59.5 59.5 59.5 59.5 59.5 0 
59.5 59.5 59.5 59.5 59.5 59.5 59.5 59.5 59.5 59.5 0 
59.5 59.5 59.5 59.5 59.5 59.5 59.5 59.5 59.5 59.5 59.5 59 59 59 59 59.5 59.5 59.5 59.5 59.5 59.5 59.5 59.5 59.5 59.5 59.5 59.5 59.5 59.5 59.5 59.5 59.5 59.5 59.5 59.5 59.5 59.5 59.5 0 
59.5 59.5 59.5 59.5 59.5 59.5 59.5 59.5 59.5 59.5 59.5 59.5 59.5 59.5 59.5 59.5 59.5 0 
59.5 59.5 59.5 59.5 59.5 59.5 59.5 59.5 59.5 59.5 59.5 59.5 59.5 59.5 59.5 59.5 59.5 59.5 59.5 59.5 59.5 59.5 59.5 59.5 59.5 59.5 59.5 59.5 59.5 59.5 59.5 59.5 59.5 59.5 59.5 59.5 59.5 59.5 59.5 59.5 59.5 59.5 59.5 59.5 59.5 59.5 59.5 0 
59.5 59.5 59.5 59.5 59.5 59.5 59.5 59.5 59.5 59.5 59.5 59.5 59.5 59.5 59.5 59.5 59.5 59.5 59.5 0 
59.5 59.5 59.5 59.5 59.5 59.5 59.5 59.5 59.5 59.5 59.5 0 
59.5 59.5 59.5 59.5 59.5 59.5 59.5 59.5 0 
59.5 59.5 59.5 59.5 59.5 59.5 59.5 59.5 59.5 59.5 59.5 59.5 59.5 59.5 59.5 59.5 59.5 59.5 59.5 59.5 59.5 59.5 59.5 59.5 59.5 59.5 59.5 59.5 59 59.5 59.5 59.5 59.5 59.5 59.5 59.5 59.5 59.5 59.5 59.5 59.5 59.5 59.5 59.5 59.5 59.5 59.5 59.5 59.5 59.5 59.5 59.5 59.5 59.5 59.5 59.5 59.5 59.5 59.5 59.5 59.5 59.5 59.5 59.5 59.5 59.5 59.5 59.5 59.5 59.5 59.5 59.5 59.5 59.5 59.5 59.5 59.5 59.5 0 
59.5 59.5 59.5 59.5 59.5 59.5 59.5 59.5 59.5 59.5 59.5 59.5 59.5 59.5 59.5 59.5 59.5 59.5 59.5 59.5 59.5 59.5 59.5 59.5 59.5 59.5 59.5 59.5 59.5 59.5 59.5 59.5 59.5 59.5 59.5 59.5 59.5 59.5 59.5 59.5 59.5 59.5 59.5 59.5 59.5 59.5 59.5 59.5 59.5 59.5 59.5 59.5 0 
59.5 59.5 59.5 59.5 59.5 59.5 59.5 59.5 59.5 59.5 59.5 59.5 59.5 59.5 59.5 59.5 59.5 59.5 59.5 59.5 59.5 59.5 59.5 59.5 59.5 59.5 0 
59.5 59.5 59.5 59.5 59.5 59.5 59.5 59.5 59.5 59.5 59.5 59.5 59.5 59.5 59.5 59.5 59.5 59.5 59.5 59.5 59.5 59.5 59.5 59.5 0 
59.5 59.5 59.5 59.5 59.5 59.5 59.5 59.5 59.5 59.5 59.5 59.5 59.5 59.5 59.5 59.5 59.5 59.5 59.5 59.5 59.5 59.5 59.5 59.5 59.5 59.5 59.5 59.5 59.5 59.5 59.5 59.5 59.5 59.5 59.5 59.5 59.5 59.5 59.5 0 
59.5 59.5 59.5 59.5 59.5 59.5 59.5 59.5 59.5 59.5 59.5 59.5 59.5 59.5 59.5 59.5 59.5 59.5 59.5 59.5 59.5 59.5 59.5 59.5 59.5 59.5 59.5 0 
59.5 59.5 59.5 59.5 59.5 59.5 59.5 59.5 59.5 59.5 59.5 59.5 59.5 59.5 59.5 59.5 59.5 59.5 59.5 59.5 59.5 59.5 59.5 59.5 59.5 59.5 59.5 59.5 59.5 59.5 59.5 59.5 59.5 59.5 59.5 59.5 59.5 59.5 59.5 59.5 59.5 59.5 0 
59.5 59.5 59.5 59.5 59.5 59.5 59.5 59.5 59.5 59.5 59.5 59.5 59.5 59.5 59.5 59.5 59.5 59.5 59.5 59.5 59.5 59.5 59.5 59.5 59.5 59.5 59.5 59.5 59.5 59.5 59.5 59.5 59.5 59.5 59.5 59.5 59.5 59.5 59.5 59.5 59.5 59.5 0 
59.5 59.5 59.5 59.5 59.5 59.5 59.5 59.5 59.5 59 59.5 59.5 59.5 59.5 59.5 0 
59.5 59.5 59.5 59.5 59.5 59.5 59.5 59.5 59 59 0 
59.5 59.5 59.5 59.5 59.5 59.5 59.5 59.5 59.5 59.5 59.5 59.5 59.5 59.5 59.5 59.5 59.5 59.5 0 
59.5 59.5 59.5 59.5 59.5 59.5 59.5 59.5 59.5 59.5 59.5 59.5 59.5 59.5 59.5 59.5 59.5 59.5 59.5 59.5 59.5 0 
59.5 59.5 59.5 59.5 59.5 59.5 59.5 59.5 59.5 59.5 59.5 59.5 59.5 59.5 59.5 59.5 59.5 59.5 59.5 59.5 59.5 59.5 59.5 59.5 59.5 59.5 59.5 59.5 59.5 59.5 59.5 59.5 59.5 59.5 59.5 59.5 59.5 59.5 59.5 59.5 59.5 0 
59.5 59.5 59.5 59.5 59.5 59.5 59.5 59.5 59.5 59.5 59.5 59.5 59.5 59.5 59.5 60 0 
59.5 59.5 59.5 59.5 59.5 59.5 59.5 59.5 59.5 59.5 59.5 59.5 59.5 59.5 60 59.5 59.5 59.5 59.5 59.5 59.5 59.5 59.5 59.5 59.5 59.5 59.5 59.5 59.5 59.5 59.5 59.5 59.5 59.5 59.5 59.5 59.5 59.5 59.5 59.5 59.5 59.5 59.5 0 
59.5 59.5 59.5 59.5 59.5 59.5 59.5 59.5 59.5 59.5 59.5 59.5 59.5 59.5 59.5 59.5 59.5 59.5 59.5 59.5 59.5 59.5 59.5 59.5 59.5 59.5 59.5 59.5 59.5 59.5 59.5 59.5 59.5 59.5 59.5 59.5 59.5 59.5 59.5 59.5 59.5 59.5 59.5 59.5 59.5 59.5 59.5 59.5 0 
59.5 59.5 59.5 59.5 59.5 59.5 59.5 59.5 59.5 59.5 59.5 59.5 59.5 59.5 59.5 59.5 59.5 59.5 59.5 59.5 59.5 59.5 59.5 59.5 59.5 59.5 59.5 59.5 59.5 59.5 59.5 59.5 59.5 59.5 59.5 59.5 59.5 59.5 59.5 59.5 59.5 59.5 59.5 59.5 59.5 59.5 59.5 59.5 59.5 0 
59.5 59.5 59.5 59.5 59.5 59.5 59.5 59.5 59.5 59.5 59.5 59.5 59.5 59.5 59.5 59.5 59.5 59.5 59.5 59.5 59.5 59.5 59.5 0 
59.5 59.5 59.5 59.5 59.5 59.5 59.5 59.5 59.5 59.5 59.5 59.5 59.5 59.5 59.5 59.5 59.5 59.5 59.5 0 
59.5 59.5 59.5 59.5 59.5 59.5 59.5 59.5 59.5 59.5 59.5 59.5 59.5 59.5 59.5 59.5 59.5 59.5 59.5 59.5 59.5 59.5 59.5 0 
59.5 59.5 59.5 59.5 59.5 59.5 59.5 59.5 59.5 59.5 0 
59.5 59.5 59.5 59.5 59.5 59.5 59.5 59.5 59.5 59.5 59.5 59.5 59.5 59.5 59.5 59.5 59.5 0 
59.5 59.5 59.5 59.5 59.5 59.5 59.5 59.5 59.5 59.5 59.5 59.5 59.5 59.5 59.5 59.5 59.5 59.5 59.5 59.5 59.5 59.5 59.5 59.5 59.5 59.5 59.5 59.5 59.5 0 
59.5 59.5 59.5 59.5 59.5 59.5 59.5 59.5 59.5 59.5 59.5 59.5 59.5 59.5 59.5 59.5 59.5 59.5 59.5 59.5 59.5 59.5 59.5 59.5 59.5 59.5 59.5 59.5 59.5 59.5 59.5 59.5 59.5 59.5 59.5 59.5 59.5 59.5 59.5 59.5 59.5 59.5 59.5 59.5 0 
59.5 59.5 59.5 59.5 59.5 59.5 59.5 59.5 59.5 59.5 59.5 59.5 59.5 59.5 59.5 59.5 59.5 59.5 59.5 59.5 59.5 59.5 59.5 59.5 59.5 59.5 59.5 0 
59.5 59.5 59.5 59.5 59.5 59.5 59.5 59.5 59.5 59.5 59.5 59.5 59.5 59.5 59.5 59.5 59 0 
59.5 59.5 59.5 59.5 59.5 59.5 59.5 59.5 59.5 59.5 59.5 59.5 59.5 0 
59.5 59.5 59.5 59.5 59.5 59.5 59.5 59.5 59.5 59.5 59.5 59.5 59.5 59.5 59.5 59.5 59.5 59.5 59.5 59.5 59.5 59.5 59.5 59.5 59.5 59.5 59.5 59.5 59.5 59.5 59.5 59.5 59.5 59.5 59.5 59.5 59.5 59.5 59.5 59.5 59.5 59.5 59.5 59.5 59.5 59.5 59.5 59.5 59.5 59.5 59.5 59.5 59.5 59.5 0 
59.5 59.5 59.5 59.5 59.5 59.5 59.5 59.5 59.5 59.5 0 
59.5 59.5 59.5 59.5 59.5 59.5 59.5 59.5 59.5 59.5 59.5 59.5 59.5 59.5 59.5 0 
59.5 59.5 59.5 59.5 59.5 59.5 59.5 59.5 59.5 59.5 59.5 59.5 59.5 59.5 59.5 59.5 59.5 0 
59.5 59.5 59.5 59.5 59.5 59.5 59.5 59.5 59.5 59.5 59.5 59.5 59.5 59.5 59.5 59.5 59.5 59.5 59.5 59.5 59.5 59.5 59.5 59.5 59.5 59.5 59.5 59.5 59.5 59.5 59.5 59.5 59.5 59.5 59.5 59.5 59.5 59.5 59.5 59.5 59.5 59.5 59.5 59.5 59.5 59.5 59.5 59.5 59.5 59.5 59.5 59.5 59.5 59.5 59.5 59.5 59.5 59.5 59.5 59.5 59.5 59.5 59.5 59.5 59.5 59.5 0 
59.5 59.5 59.5 59.5 59.5 59.5 59.5 0 
59.5 59.5 59.5 59.5 59.5 59.5 59.5 59.5 59.5 59.5 59.5 59.5 59.5 59.5 59.5 59.5 59.5 59.5 59.5 59.5 59.5 59.5 59.5 59.5 59.5 59.5 59.5 59.5 59.5 59.5 59.5 59.5 59.5 59.5 59.5 59.5 59.5 59.5 59.5 0 
59.5 59.5 59.5 59.5 59.5 59.5 59.5 59.5 0 
59.5 59.5 59.5 59.5 59.5 59.5 59.5 59.5 59.5 59.5 59.5 59.5 59.5 59.5 59.5 59.5 59.5 59.5 59.5 59.5 59.5 59.5 59.5 59.5 59.5 59.5 59.5 59.5 59.5 59.5 59.5 59.5 59.5 0 
59.5 59.5 59.5 59.5 59.5 59.5 59.5 59.5 59.5 59.5 59.5 59.5 59.5 59.5 59.5 59.5 59.5 59.5 59.5 59.5 59.5 59.5 59.5 59.5 59.5 59.5 59.5 59.5 59.5 59.5 59.5 0 
59.5 59.5 59.5 59.5 59.5 59.5 59.5 59.5 59.5 59.5 59.5 59.5 59.5 59.5 59.5 59.5 59.5 0 
59.5 59.5 59.5 59.5 59.5 59.5 59.5 59.5 59.5 59.5 0 
59.5 59.5 59.5 59.5 59.5 59.5 59.5 59.5 59.5 0 
59.5 59.5 59.5 59.5 59.5 59.5 59.5 59.5 59.5 59.5 59.5 59.5 59.5 59.5 59.5 59.5 59.5 59.5 59.5 59.5 59.5 59.5 59.5 59.5 59.5 59.5 59.5 59.5 59.5 59.5 59.5 59.5 59.5 59.5 59.5 59.5 59.5 59.5 59.5 59.5 59.5 59.5 59.5 59.5 59.5 59.5 59.5 0 
59.5 59.5 59.5 59.5 59.5 59.5 59.5 59.5 59.5 59.5 59.5 59.5 59.5 59.5 59.5 59.5 59.5 59.5 59.5 59.5 59.5 59.5 59.5 59.5 59.5 59.5 59.5 0 
59.5 59.5 59.5 59.5 59.5 59.5 59.5 59.5 59.5 59.5 59.5 59.5 59.5 59.5 59.5 59.5 59.5 59.5 59.5 59.5 59.5 59.5 59.5 59.5 59.5 59.5 59.5 59.5 59.5 59.5 59.5 59.5 59.5 59.5 0 
59.5 59.5 59.5 59.5 59.5 59.5 59.5 59.5 59.5 59.5 59.5 59.5 59.5 59.5 59.5 0 
59.5 59.5 59.5 59.5 59.5 59.5 59.5 59.5 59.5 59.5 59.5 59.5 59.5 59.5 59.5 59.5 59.5 59.5 59 59 59 59 59 59.5 0 
59.5 59.5 59.5 59.5 59.5 59.5 59.5 59.5 59.5 59.5 59.5 59.5 59.5 59.5 59.5 59.5 59.5 59.5 59.5 59.5 59.5 59.5 59.5 59.5 59.5 59.5 59.5 59.5 59.5 59.5 59 59 59 59.5 59.5 59.5 0 
59.5 59.5 59.5 59.5 59.5 59.5 59.5 59.5 59.5 59.5 59.5 59.5 59.5 59.5 59.5 59.5 59.5 59.5 59.5 59.5 59.5 59.5 59.5 59.5 59.5 59.5 59.5 59.5 59.5 0 
59.5 59.5 59.5 59.5 59.5 59.5 59.5 59.5 59.5 59.5 59.5 59.5 59.5 59.5 59.5 59.5 59.5 59.5 59.5 59.5 59.5 59.5 59.5 59.5 59.5 59.5 59.5 0 
59.5 59.5 59.5 59.5 59.5 59.5 59.5 59.5 59.5 59.5 59.5 59.5 59.5 59.5 59.5 59.5 59.5 59.5 59.5 59.5 59.5 59.5 59.5 59.5 59.5 59.5 59.5 59.5 59.5 59.5 59.5 59.5 59.5 59.5 59.5 59.5 59.5 59.5 59.5 59.5 59.5 59.5 59.5 59.5 59.5 59.5 59.5 59.5 59.5 59.5 59.5 59.5 59.5 59.5 59.5 59.5 59.5 59.5 0 
59.5 59.5 59.5 59.5 59.5 59.5 59.5 59.5 59.5 59.5 59.5 59.5 59.5 59.5 59.5 59.5 59.5 59.5 59.5 59.5 59.5 59.5 59.5 59.5 59.5 59.5 59.5 59.5 59.5 59.5 59.5 59.5 59.5 59.5 59.5 59.5 59.5 59.5 59.5 59.5 0 
59.5 59.5 59.5 59.5 59.5 59.5 59.5 59.5 59.5 59.5 59.5 59.5 59.5 59.5 59.5 59.5 59.5 59.5 59.5 59.5 59.5 59.5 59.5 59.5 59.5 59.5 59.5 59.5 59.5 59.5 59.5 59.5 59.5 59.5 59.5 59.5 59.5 59.5 59.5 59.5 59.5 59.5 0 
59.5 59.5 59.5 59.5 59.5 59.5 59.5 59.5 59.5 59.5 59.5 59.5 59.5 59.5 59.5 59.5 59.5 59.5 59.5 59.5 0 
59.5 59.5 59.5 59.5 59.5 59.5 59.5 59.5 59.5 59.5 59.5 59.5 59.5 59.5 59.5 59.5 59.5 59.5 59.5 59.5 59.5 59.5 59.5 59.5 59.5 59.5 59.5 59.5 59.5 59.5 59.5 59.5 0 
59.5 59.5 59.5 59.5 59.5 59.5 59.5 59.5 59.5 59.5 59.5 59.5 59.5 59.5 59.5 59.5 59.5 59.5 59.5 59.5 59.5 59.5 59.5 59.5 59.5 59.5 59.5 59.5 59.5 59.5 59.5 59.5 59.5 59.5 59.5 59.5 59.5 59.5 59.5 59.5 59.5 59.5 59.5 0 
59.5 59.5 59.5 59.5 0 
59.5 59.5 59.5 59.5 59.5 59.5 59.5 59.5 59.5 59.5 59.5 59.5 59.5 59.5 59.5 59.5 59.5 59.5 59.5 59.5 59.5 59.5 59.5 59.5 59.5 59.5 59.5 0 
59.5 59.5 59.5 59.5 59.5 59.5 59.5 59.5 59.5 59.5 59.5 59.5 59.5 59.5 59.5 59.5 59.5 59.5 59.5 59.5 59.5 59.5 59.5 59.5 59.5 59.5 59.5 59.5 59.5 59.5 59.5 59.5 59.5 59.5 59.5 59.5 59.5 59.5 59.5 59.5 59.5 59.5 0 
59.5 59.5 59.5 59.5 59.5 59.5 59.5 59.5 0 
59.5 59.5 59.5 59.5 59.5 59.5 59.5 59.5 59.5 59.5 59.5 59.5 59.5 59.5 59.5 59.5 59.5 59.5 59.5 59.5 59 59 59 59 59 59.5 59.5 59.5 59.5 59.5 59.5 59.5 59.5 59.5 59.5 59.5 59.5 59.5 59.5 59.5 59.5 59.5 0 
59.5 59.5 59.5 59.5 59.5 59.5 59.5 59.5 59.5 59.5 59.5 59.5 59.5 59.5 59.5 59.5 59.5 59.5 59.5 59.5 59.5 59.5 59.5 59.5 59.5 59.5 59.5 59.5 59.5 59.5 59.5 59.5 59.5 59.5 59.5 59.5 59.5 59.5 59.5 59.5 59.5 59.5 59.5 59.5 59.5 59.5 59.5 59.5 59.5 59.5 59.5 59.5 0 
59.5 59.5 59.5 59.5 59.5 59.5 59.5 59.5 59.5 59.5 59.5 59.5 59.5 59.5 59.5 59.5 59.5 59.5 59.5 59.5 59.5 59.5 59.5 59.5 59.5 59.5 0 
59.5 59.5 59.5 59.5 59.5 59.5 59.5 59.5 59.5 59.5 59.5 59.5 59.5 59.5 59.5 59.5 59.5 59.5 59.5 59.5 59.5 59.5 59.5 59.5 0 
59.5 59.5 59.5 59.5 59.5 59.5 59.5 59.5 59.5 59.5 59.5 59.5 59.5 59.5 59.5 59.5 59.5 0 
59.5 59.5 59.5 59.5 59.5 59.5 59.5 59.5 59.5 59.5 59.5 59.5 59.5 59.5 59.5 59.5 59.5 59.5 59.5 59.5 59.5 59.5 59.5 59.5 59.5 59.5 59.5 59.5 59.5 59.5 59.5 59.5 59.5 59.5 59.5 59.5 59.5 59.5 59.5 59.5 59.5 59.5 59.5 59.5 59.5 59.5 59.5 59.5 59.5 59.5 59.5 59.5 59.5 59.5 59.5 59.5 59.5 59.5 59.5 59.5 0 
59.5 59.5 59.5 59.5 59.5 59.5 59.5 59.5 59.5 59.5 59.5 0 
59.5 59.5 59.5 59.5 59.5 59.5 59.5 59.5 59.5 59.5 59.5 59.5 60 59.5 59.5 59.5 59.5 59.5 59.5 59.5 59.5 59.5 59.5 59.5 59.5 59.5 59.5 59.5 59.5 59.5 59.5 59.5 0 
59.5 59.5 59.5 59.5 59.5 59.5 59.5 59.5 59.5 59.5 59.5 59.5 59.5 59.5 59.5 59.5 59.5 59.5 59.5 59.5 59.5 59.5 59.5 59.5 0 
59.5 59.5 59.5 59.5 59.5 59.5 59.5 59.5 59.5 59.5 59.5 59.5 59.5 59.5 59.5 59.5 59.5 59.5 59.5 59.5 59.5 59.5 59.5 59.5 59.5 0 
59.5 59.5 59.5 59.5 59.5 59.5 59.5 59.5 59.5 59.5 59.5 59.5 59.5 59.5 59.5 0 
59.5 59.5 59.5 59.5 59.5 59.5 59.5 59.5 59.5 59.5 59.5 59.5 59.5 59.5 59.5 59.5 59.5 59.5 59.5 59.5 59 59.5 59.5 0 
59.5 59.5 59.5 59.5 59.5 59.5 59.5 59.5 59.5 59.5 59.5 59.5 59.5 59.5 59.5 0 
59.5 59.5 59.5 59.5 59.5 59.5 59.5 59.5 59.5 59.5 59.5 59.5 59.5 59.5 59.5 59.5 59.5 59.5 59.5 59.5 59.5 59.5 59.5 59.5 59.5 59.5 59.5 59.5 59.5 59.5 0 
59.5 59.5 59.5 59.5 59.5 59.5 59.5 59.5 59.5 59.5 59.5 59.5 59.5 59.5 0 
59.5 59.5 59.5 59.5 59.5 59.5 59.5 59.5 59.5 59.5 59.5 59.5 59.5 59.5 59.5 59.5 59.5 59.5 59.5 59.5 59.5 59.5 59.5 59.5 59.5 0 
59.5 59.5 59.5 59.5 59.5 59 59 59 59 59.5 59.5 59.5 59.5 59.5 59.5 59.5 59.5 59.5 59.5 0 
59.5 59.5 59.5 59.5 59.5 59.5 59.5 59.5 59.5 59.5 59.5 59.5 59.5 59.5 59.5 59.5 59.5 59.5 0 
59.5 59.5 59.5 59.5 59.5 59.5 59.5 59.5 59.5 59.5 59.5 59.5 59.5 59.5 59.5 59.5 59.5 59.5 59.5 59.5 59.5 59.5 59.5 59.5 59.5 59.5 59.5 59.5 59.5 59.5 59.5 59.5 59.5 0 
59.5 59.5 59.5 59.5 59.5 59.5 59.5 59.5 59.5 59.5 59.5 59.5 59.5 59.5 59.5 59.5 59.5 59.5 59.5 59.5 59.5 59.5 59.5 59.5 59 59 59 59.5 59.5 59.5 59.5 59.5 59.5 59.5 59.5 59.5 59.5 59.5 59.5 59.5 0 
59.5 59.5 59.5 59.5 59.5 59.5 59 59.5 59.5 59.5 59.5 59.5 59.5 59.5 59.5 0 
59.5 59.5 59.5 59.5 59.5 59.5 59.5 59.5 59.5 59.5 59.5 59.5 59.5 59.5 59.5 0 
59.5 59.5 59.5 59.5 59.5 59.5 59.5 59.5 0 
59.5 59.5 59.5 59.5 59.5 59.5 59.5 59.5 59.5 59.5 59.5 59.5 59.5 59.5 59.5 59.5 59.5 59.5 59.5 59.5 59.5 59.5 59.5 59.5 59.5 59.5 59.5 59.5 59.5 59.5 59.5 59.5 59.5 59.5 59.5 59.5 59.5 59.5 59.5 59.5 59.5 59.5 59.5 59.5 59.5 59.5 59.5 59.5 59.5 0 
59.5 59.5 59.5 59.5 59.5 59.5 59.5 59.5 59.5 59.5 59.5 59.5 59.5 59.5 59.5 59.5 59.5 59.5 59.5 59.5 59.5 59.5 0 
59.5 59.5 59.5 59.5 59.5 59.5 59.5 59.5 59.5 59.5 59.5 59.5 59.5 59.5 59.5 59.5 59.5 59.5 59.5 59.5 59.5 59.5 59.5 59.5 59.5 59.5 59.5 59.5 59.5 0 
59.5 59.5 59.5 59.5 59.5 59.5 59.5 59.5 59.5 59.5 59.5 59.5 59.5 59.5 59.5 59.5 59.5 59.5 59.5 59.5 59.5 59.5 59.5 59.5 59.5 0 
59.5 59.5 59.5 59.5 59.5 59 59.5 59.5 59.5 59.5 59.5 59.5 0 
59.5 59.5 59.5 59.5 59.5 59.5 59.5 59.5 59.5 59.5 59.5 59 59 59 59 59 59 59 59.5 59.5 59.5 59.5 59.5 59.5 59.5 59.5 0 
59.5 59.5 59.5 59.5 59.5 59.5 59.5 59.5 59.5 59.5 59.5 59.5 59.5 59.5 59.5 59.5 59.5 59.5 59.5 59.5 59.5 59.5 59.5 59.5 59.5 59.5 59.5 59.5 59.5 59.5 59.5 59.5 59.5 59.5 59.5 59.5 59.5 59.5 59.5 59.5 59.5 59.5 59.5 59.5 59.5 59.5 59.5 59.5 59.5 59.5 59.5 59.5 59.5 59.5 59.5 59.5 59.5 59.5 59 59.5 59.5 59.5 59.5 59.5 59.5 59.5 59.5 0 
59.5 59.5 59.5 59.5 59.5 59.5 59.5 59.5 59.5 59.5 59.5 60 60 60 60 59.5 0 
59.5 59.5 59.5 59.5 59.5 59.5 59.5 59.5 59.5 59.5 59.5 59.5 59.5 59.5 0 
59.5 59.5 59.5 59.5 59.5 59.5 59.5 59.5 59.5 59.5 59.5 59.5 59.5 59.5 59.5 59.5 0 
59.5 59.5 59.5 59.5 59.5 59.5 59.5 59.5 59.5 59.5 59.5 59.5 59.5 59.5 59.5 59.5 59.5 59.5 59.5 59.5 0 
59.5 59.5 59.5 59.5 59.5 59.5 59.5 59 59.5 59.5 59.5 59.5 59.5 59.5 59.5 59.5 59.5 59.5 59.5 59.5 59.5 59.5 59.5 59.5 59.5 59.5 59.5 59.5 59.5 59.5 59.5 59.5 59.5 59.5 59.5 59.5 59.5 59.5 59.5 59.5 59.5 59.5 59.5 0 
59.5 59.5 59.5 59.5 59.5 59.5 59.5 59.5 59.5 59.5 59.5 59.5 59.5 59.5 59 59.5 59.5 59.5 59.5 59.5 59.5 59.5 59.5 59.5 59.5 59.5 59.5 59.5 59.5 59.5 59.5 59.5 59.5 59.5 59.5 59.5 0 
59.5 59.5 59.5 59.5 59.5 59.5 59.5 59.5 59.5 59.5 59.5 59.5 59.5 59.5 59.5 59.5 59.5 59.5 59.5 59.5 59.5 59.5 59.5 59.5 59.5 59.5 59.5 59.5 59.5 59.5 59.5 59.5 59.5 59.5 0 
59.5 59.5 59.5 59.5 59.5 59.5 59.5 59.5 59.5 59.5 59.5 59.5 59.5 59.5 59.5 59.5 59.5 59.5 0 
59.5 59.5 59.5 59.5 59.5 59.5 59.5 59.5 59.5 59.5 0 
59.5 59.5 59.5 59.5 59.5 59.5 59.5 59.5 59.5 59.5 59.5 59.5 59.5 59.5 59.5 59.5 59.5 59.5 59.5 59.5 59.5 59.5 59.5 59.5 59.5 59.5 59.5 59.5 59.5 59.5 59.5 59.5 59.5 59.5 59.5 59.5 59.5 59.5 59.5 59.5 59.5 59.5 59.5 59.5 59.5 59.5 0 
59.5 59.5 59.5 59.5 59.5 59.5 59.5 59.5 59.5 59.5 59.5 59.5 59.5 59.5 59.5 59.5 59.5 59.5 59.5 59.5 59.5 59.5 0 
59.5 59.5 59.5 59.5 59.5 59.5 59.5 59.5 59.5 59.5 59.5 59.5 59.5 59.5 59.5 59.5 59.5 0 
59.5 59.5 59.5 59.5 59.5 59.5 59.5 59.5 59.5 59.5 59.5 59.5 59.5 59.5 59.5 59.5 59.5 59.5 59.5 59.5 59.5 59.5 59.5 59.5 59.5 59.5 59.5 59.5 59.5 59.5 59.5 59.5 59.5 59.5 59.5 59.5 59.5 59.5 59.5 59.5 59.5 59.5 0 
59.5 59.5 59.5 59.5 59.5 59.5 59.5 59 59.5 0 
59.5 59.5 59.5 59.5 59.5 59.5 59.5 59.5 59 59 59 59 59 59 59.5 59.5 59.5 59.5 59.5 59.5 59.5 0 
59.5 59.5 59.5 59.5 59.5 59.5 59 59 59.5 59.5 0 
59.5 59.5 59.5 59.5 59.5 59.5 59.5 59.5 59.5 59.5 59.5 59.5 59.5 59.5 59.5 59.5 59.5 59.5 59.5 59.5 59.5 59.5 59.5 59.5 59.5 59.5 59.5 59.5 59.5 59.5 59.5 59.5 59.5 59.5 59.5 59.5 59.5 59.5 59.5 59.5 59.5 59.5 59.5 59.5 59.5 59.5 59.5 59.5 59.5 59.5 59.5 59.5 0 
59.5 59.5 59.5 59.5 59.5 59.5 59.5 59.5 59.5 0 
59.5 59.5 59.5 59.5 59.5 59.5 59.5 59.5 59.5 59.5 59.5 59.5 59.5 0 
59.5 59.5 59.5 59.5 59.5 59.5 59.5 59.5 59.5 59.5 59.5 59.5 59.5 59.5 59.5 59.5 59.5 59.5 59.5 59.5 59.5 59.5 59.5 59.5 59.5 59.5 0 
59.5 59.5 59.5 59.5 59.5 59.5 59.5 59.5 59.5 59.5 59.5 59.5 59.5 59.5 59.5 59.5 59.5 0 
59.5 59.5 59.5 59.5 59.5 59.5 59.5 59.5 59.5 59.5 59.5 59.5 59.5 59.5 59.5 59.5 59.5 59.5 59.5 59.5 59.5 59.5 59.5 59.5 59.5 59.5 59.5 59.5 59.5 59.5 59.5 59.5 59.5 59.5 59.5 59.5 59.5 59.5 59.5 59.5 59.5 59.5 59.5 59.5 59.5 59.5 59.5 59.5 59.5 59.5 59.5 59.5 59.5 59.5 59.5 59.5 59.5 59.5 59.5 0 
59.5 59.5 59.5 59.5 59.5 59.5 59.5 59.5 59.5 59.5 59.5 59.5 59.5 59.5 59.5 59.5 59.5 59.5 59.5 59.5 59.5 59.5 59.5 59.5 59.5 59.5 59.5 59.5 59.5 59.5 59.5 59.5 59.5 59.5 59.5 59.5 59.5 59.5 59.5 59.5 59.5 0 
59.5 59.5 59.5 59.5 59.5 59.5 59.5 59.5 59.5 59.5 59.5 59.5 59.5 59.5 59.5 59.5 59.5 59.5 59.5 59.5 59.5 59.5 59.5 59.5 59.5 59.5 59.5 59.5 59.5 59.5 59.5 59.5 59.5 59.5 59.5 0 
59.5 59.5 59.5 59.5 59.5 59.5 59.5 59.5 59.5 59.5 59.5 59.5 59.5 59.5 59.5 59.5 59.5 59.5 59.5 59.5 59.5 59.5 59.5 59.5 59.5 59.5 59.5 59.5 59.5 59.5 59.5 59.5 59.5 59.5 59.5 59.5 59.5 59.5 59.5 59.5 59.5 59.5 59.5 59.5 59.5 59.5 59.5 59.5 59.5 59.5 59.5 59.5 59.5 59.5 59.5 59.5 59.5 59.5 59.5 59.5 59.5 59.5 59.5 59.5 59.5 59.5 0 
59.5 59.5 59.5 59.5 59.5 59.5 59 59 59 59 59 59.5 59.5 59.5 59.5 59.5 59.5 59.5 59.5 59.5 59.5 59.5 59.5 59.5 59.5 59.5 59.5 59.5 59.5 59.5 59.5 59.5 59.5 59.5 59.5 59.5 59.5 59.5 59.5 0 
59.5 59.5 59.5 59.5 59.5 59.5 59.5 59.5 59.5 59.5 0 
59.5 59.5 59.5 59.5 59.5 59.5 59.5 59.5 59.5 59.5 59 59 59 59.5 59.5 0 
59.5 59.5 59.5 59.5 59.5 59.5 59.5 59.5 59.5 59.5 59.5 59.5 59.5 59.5 59.5 59.5 59.5 59.5 59.5 59.5 59.5 59.5 59.5 59.5 59.5 0 
59.5 59.5 59.5 59.5 59.5 59.5 59.5 59.5 59.5 59.5 59.5 59.5 59.5 59.5 59.5 59.5 59 59 59 0 
59.5 59.5 59.5 59.5 59.5 59.5 59.5 59.5 59.5 59.5 59.5 59.5 59.5 59.5 59.5 59.5 59.5 59.5 59.5 59.5 59.5 59.5 59.5 59.5 59.5 59.5 59.5 59.5 59.5 59.5 59.5 59.5 59.5 59.5 59.5 59.5 59.5 59.5 59.5 59.5 59.5 59.5 59.5 59.5 59.5 59.5 59.5 59.5 59.5 59.5 59.5 59.5 59.5 59.5 59.5 59.5 59.5 59.5 59.5 59.5 59.5 0 
59.5 59.5 59.5 59.5 59.5 59.5 59.5 59.5 59.5 59.5 59.5 59.5 59.5 59.5 59.5 59.5 59.5 59.5 59.5 59.5 59.5 59.5 59.5 0 
59.5 59.5 59.5 59.5 59.5 59.5 59.5 59.5 59.5 59.5 59.5 59.5 59.5 59.5 59.5 0 
59.5 59.5 59.5 59.5 59.5 59.5 59.5 59.5 59.5 59.5 59.5 59.5 59.5 59.5 59.5 59.5 59.5 59.5 0 
59.5 59.5 59.5 59.5 59.5 59.5 59.5 59.5 59.5 59.5 59.5 59.5 59.5 59.5 0 
59.5 59.5 59.5 59.5 59.5 59.5 59.5 59.5 59.5 59.5 59.5 59.5 59.5 59.5 59.5 59.5 59.5 59.5 59.5 59.5 59.5 59.5 59.5 59.5 59.5 59.5 59.5 59.5 59.5 59.5 59.5 59.5 59.5 59.5 59.5 0 
59.5 59.5 59.5 59.5 59.5 59.5 59.5 59.5 59.5 59.5 59.5 59.5 59.5 59.5 59.5 59.5 59.5 59.5 59.5 59.5 59.5 59.5 59.5 59.5 59.5 59.5 59.5 59.5 59.5 59.5 59.5 59.5 59.5 59.5 59.5 59.5 59.5 59.5 59.5 59.5 59.5 59.5 59.5 59.5 59.5 59.5 0 
59.5 59.5 59.5 60 59.5 59.5 59.5 59.5 59.5 59.5 59.5 59.5 59.5 59.5 59.5 59.5 59.5 59.5 59.5 59.5 59.5 59.5 59.5 59.5 59.5 59.5 0 
59.5 59.5 59.5 59.5 59.5 59.5 59.5 59.5 59.5 59.5 59.5 59.5 59.5 59.5 59.5 0 
59.5 59.5 59.5 59.5 59.5 59.5 59.5 59.5 59.5 59.5 59.5 59.5 59.5 59.5 59.5 59.5 59.5 59.5 59.5 59.5 59.5 59.5 59.5 59.5 59.5 59.5 59.5 59.5 59.5 59.5 59.5 59.5 59.5 59.5 59.5 59.5 59.5 59.5 59.5 59.5 59.5 59.5 59.5 59.5 59.5 59.5 59.5 59.5 59.5 59.5 59.5 59.5 0 
59.5 59.5 59.5 59.5 59.5 59.5 59.5 59.5 59.5 59.5 59.5 59.5 59.5 59.5 59.5 59.5 59.5 59.5 59.5 59.5 59.5 59.5 59.5 59.5 59.5 59.5 59.5 59.5 59.5 0 
59.5 59.5 59.5 59.5 59.5 59.5 59.5 59.5 59.5 59.5 59.5 59.5 59.5 59.5 59.5 0 
59.5 59.5 59.5 59.5 59.5 59.5 59.5 59.5 59.5 59.5 59.5 59.5 59.5 59.5 59.5 59.5 59.5 59.5 59.5 59.5 59.5 59.5 59.5 59.5 59.5 59.5 59.5 0 
59.5 59.5 59.5 59.5 59.5 59.5 59.5 59.5 59.5 59.5 59.5 59.5 59.5 59.5 59.5 59.5 59.5 59.5 59.5 59.5 59.5 59.5 59.5 59.5 59.5 59.5 59.5 59.5 59.5 59.5 59.5 59.5 59.5 59.5 59.5 59.5 59.5 59.5 59.5 59.5 59.5 59.5 59.5 59.5 0 
59.5 59.5 59.5 59.5 59.5 59.5 59.5 59.5 59.5 59.5 59.5 59.5 59.5 59.5 59.5 59.5 59.5 59.5 59.5 59.5 59.5 59.5 59.5 59.5 59.5 59.5 59.5 59.5 59.5 59.5 59.5 59.5 59.5 59.5 59.5 59.5 59.5 59.5 59.5 59.5 59.5 59.5 59.5 59.5 59.5 59.5 59.5 59.5 59.5 59.5 59.5 59.5 59.5 59.5 59.5 59.5 0 
59.5 59.5 59.5 59.5 59.5 59.5 59.5 59.5 59.5 59.5 59.5 59.5 59.5 59.5 59.5 0 
59.5 59.5 59.5 59.5 59.5 59.5 59.5 59.5 59.5 59.5 59.5 59.5 59.5 59.5 59.5 59.5 59.5 59.5 59.5 59.5 59.5 59.5 59.5 59.5 59.5 59.5 59.5 59.5 59.5 59.5 59.5 59.5 59.5 59.5 59.5 59.5 59.5 59.5 59.5 59.5 59.5 59.5 59.5 59.5 59.5 59.5 59.5 59.5 59.5 59.5 59.5 59.5 59.5 59.5 59.5 59.5 59.5 59.5 59.5 59.5 59.5 59.5 59.5 59.5 59.5 0 
59.5 59.5 59.5 59.5 59.5 59.5 59.5 59.5 59.5 59.5 59.5 59.5 59.5 59.5 59.5 59.5 59.5 59.5 59.5 59.5 59.5 59.5 59.5 59.5 0 
59.5 59.5 59.5 59.5 59.5 59.5 59.5 59.5 59.5 59.5 59.5 59.5 59.5 59.5 59.5 59.5 59.5 59.5 59.5 59.5 59.5 59.5 59.5 59.5 59.5 59.5 59.5 59.5 59.5 59.5 59.5 59.5 59.5 59.5 59.5 59.5 59.5 59.5 0 
59.5 59.5 59.5 59.5 59.5 59.5 59.5 59.5 59.5 59.5 0 
59.5 59.5 59.5 59.5 59.5 59.5 59.5 59.5 59.5 59.5 59.5 59.5 59.5 59.5 59.5 59.5 59.5 59.5 0 
59.5 59.5 59.5 59.5 59.5 59.5 59.5 59.5 59.5 59.5 59.5 59.5 59.5 59.5 59.5 59.5 59.5 59.5 59.5 59.5 59.5 59.5 59.5 59.5 59.5 59.5 59.5 59.5 59.5 59.5 59.5 59.5 59.5 59.5 59.5 59.5 59.5 0 
59.5 59.5 59.5 59.5 59.5 59.5 59.5 59.5 59.5 59.5 59.5 59.5 59.5 59.5 59.5 59.5 59.5 59.5 0 
59.5 59.5 59.5 59.5 59.5 59.5 59.5 59.5 59.5 59.5 59.5 59.5 59.5 59 59 59 59 59 59 59 59 59.5 59.5 59.5 59.5 59.5 59.5 59.5 59.5 59.5 0 
59.5 59.5 59.5 59.5 59.5 59.5 59.5 59.5 59.5 59.5 59.5 59.5 59.5 59.5 59.5 59.5 59.5 59.5 59.5 59.5 59.5 59.5 59.5 59.5 59.5 59.5 59.5 59.5 59.5 59.5 59.5 59.5 59.5 59.5 59.5 59.5 59.5 59.5 59.5 59.5 59.5 59.5 59.5 59.5 59.5 59.5 0 
59.5 59.5 59.5 59.5 59.5 59.5 59.5 59.5 59.5 59.5 59.5 59.5 59.5 59.5 59.5 59.5 59.5 59.5 59.5 59.5 59.5 59.5 59.5 59.5 59.5 59.5 59.5 0 
59.5 59.5 59.5 59.5 59.5 59.5 59.5 59.5 59.5 59.5 59.5 59.5 0 
59.5 59.5 59.5 59.5 59.5 59.5 59.5 59.5 59.5 59.5 59.5 59.5 59.5 59.5 59.5 59.5 59.5 59.5 59.5 59.5 59.5 59.5 59.5 59.5 0 
59.5 59.5 59.5 59.5 59.5 59.5 59.5 59.5 59.5 59.5 59.5 59.5 59.5 59.5 59.5 59.5 59.5 59.5 59.5 59.5 59.5 59.5 59.5 59.5 59.5 59.5 59.5 59.5 59.5 59.5 59.5 59.5 59.5 59.5 59.5 59.5 59.5 59.5 59.5 59.5 59.5 59.5 59.5 0 
59.5 59.5 59.5 59.5 59.5 59.5 59.5 59.5 59.5 59.5 59.5 59.5 59.5 59.5 59.5 59.5 59.5 59.5 59.5 59.5 59.5 59.5 59.5 59.5 59.5 59.5 59.5 59.5 59.5 59.5 59.5 59.5 59.5 59.5 59.5 59.5 59.5 59.5 59.5 59.5 59.5 0 
59.5 59.5 59.5 59.5 59.5 59.5 59.5 59.5 59.5 59.5 59.5 59.5 59.5 59.5 59.5 59.5 59.5 59.5 59.5 59.5 59.5 59.5 59.5 59.5 59.5 59.5 59.5 59.5 59.5 59.5 0 
59.5 59.5 59.5 59.5 59.5 59.5 59.5 59.5 59.5 59.5 59.5 59.5 59.5 59.5 59.5 59.5 59.5 59.5 59.5 59.5 59.5 59.5 59.5 59.5 59.5 59.5 59.5 59.5 59.5 59.5 59.5 59.5 59.5 59.5 59.5 59.5 59 59.5 59.5 59.5 59.5 59.5 59.5 59.5 59.5 59.5 59.5 59.5 59.5 59.5 59.5 59.5 59.5 59.5 59.5 59.5 59.5 59.5 59.5 59.5 59.5 59.5 59.5 59.5 59.5 59.5 59.5 59.5 59.5 59.5 59.5 59.5 59.5 59.5 59.5 0 
59.5 59.5 59.5 59.5 59.5 59.5 59.5 59.5 59.5 59.5 59.5 59.5 59.5 59.5 0 
59.5 59.5 59.5 59.5 59.5 59.5 59.5 59.5 59.5 59.5 59.5 59.5 59.5 59.5 59.5 59.5 59.5 59.5 59.5 59.5 59.5 59.5 59.5 59.5 59.5 59.5 59.5 59 59.5 59.5 59.5 59.5 59.5 59.5 59.5 59.5 59.5 59.5 59.5 59.5 59.5 59.5 59.5 0 
59.5 59.5 59.5 59.5 59.5 59.5 59.5 59.5 59.5 59.5 59.5 59.5 59.5 59.5 59.5 59.5 0 
59.5 59.5 59.5 59.5 59.5 59.5 59.5 59.5 59.5 59.5 59.5 59.5 59.5 59.5 59.5 59.5 59.5 59 59.5 59.5 59.5 59.5 59.5 59.5 0 
59.5 59.5 59.5 59.5 59.5 59.5 59.5 59.5 59.5 59.5 59.5 59.5 59.5 59.5 59.5 59.5 59.5 59.5 59.5 59.5 59.5 59.5 59.5 59.5 59.5 59.5 59.5 59.5 59.5 59.5 59.5 59.5 59.5 59.5 0 
59.5 59.5 59.5 59.5 59.5 59.5 59.5 59.5 59.5 59.5 59.5 59.5 59.5 59.5 59.5 59.5 59.5 59.5 59.5 59.5 59.5 59.5 59.5 59.5 59.5 59.5 59.5 59.5 59.5 59.5 59.5 59.5 59.5 59.5 59.5 59.5 59.5 59.5 59.5 59.5 59.5 59.5 59.5 59.5 0 
59.5 59.5 59.5 59.5 59.5 59.5 59.5 59.5 59.5 59.5 59.5 59.5 59.5 59.5 59.5 59.5 59.5 59.5 59.5 59.5 59.5 59.5 59.5 59.5 59.5 59.5 59.5 59.5 59.5 59.5 59.5 59.5 59.5 59.5 59.5 59.5 59.5 0 
59.5 59.5 59.5 59.5 59.5 59.5 59.5 59.5 59.5 59.5 59.5 59.5 59.5 59.5 59.5 59.5 59.5 59.5 59.5 59.5 59.5 59.5 59.5 59.5 59.5 59.5 59.5 59.5 59.5 59.5 59.5 59.5 59.5 59.5 59.5 59.5 59.5 59.5 59.5 59.5 59.5 59.5 59.5 59.5 59.5 59.5 59.5 59.5 59.5 59.5 59.5 59.5 59.5 59.5 59.5 59.5 59.5 59.5 59.5 0 
59.5 59.5 59.5 59.5 59 59 59 59 59 59 59 59.5 59.5 59.5 59.5 59.5 59.5 59.5 59.5 59.5 59.5 59.5 59.5 59.5 59.5 59.5 59.5 59.5 59.5 59.5 59.5 59.5 59.5 59.5 0 
59.5 59.5 59.5 59.5 59.5 59.5 59.5 59.5 59.5 59.5 59.5 59.5 59.5 59.5 59.5 59.5 59.5 59.5 59.5 59.5 59.5 59.5 59.5 59.5 59 0 
59.5 59.5 59.5 59.5 59.5 59.5 59.5 59.5 59.5 59.5 59.5 59.5 59.5 59.5 59.5 59.5 59.5 59.5 59.5 59.5 59.5 59.5 59.5 59.5 59.5 59.5 59.5 59.5 0 
59.5 59.5 59.5 59.5 59.5 59.5 59.5 59.5 59.5 59.5 59.5 59.5 59.5 59.5 59.5 59.5 59.5 59.5 59.5 59.5 59.5 59.5 59.5 59.5 59.5 59.5 59.5 59.5 60 59.5 59.5 59.5 59.5 59.5 59.5 59.5 0 
59.5 59.5 59.5 59.5 59.5 59.5 59.5 59.5 59.5 59.5 59.5 59.5 59.5 59.5 59.5 59.5 59.5 59.5 59.5 59.5 59.5 59.5 59 59 59 59.5 59.5 59.5 59.5 0 
59.5 59.5 59.5 59.5 59.5 59.5 59.5 59.5 59.5 59.5 59.5 59.5 59.5 59.5 59.5 59.5 59.5 59.5 59.5 59.5 59.5 59.5 59.5 59.5 59.5 59.5 59.5 59.5 59.5 59.5 59.5 0 
59.5 59.5 59.5 59.5 59.5 59.5 59.5 59.5 59.5 59.5 59.5 0 
59.5 59.5 59.5 59.5 59.5 59.5 59.5 59.5 59.5 59.5 59.5 59.5 59.5 59.5 59.5 59.5 59.5 59.5 59.5 59.5 59.5 0 
59.5 59.5 59.5 59.5 59.5 59.5 59.5 59.5 59.5 59.5 59.5 59.5 59.5 59.5 59.5 59.5 59.5 59.5 59.5 59.5 59.5 59.5 59.5 59.5 59.5 59.5 59.5 59.5 59.5 59.5 59.5 59.5 59.5 59.5 59.5 59.5 59.5 59.5 59.5 59.5 59.5 59.5 59.5 59.5 59.5 59.5 59.5 0 
59.5 59.5 59.5 59.5 59.5 59.5 59.5 59.5 59.5 59.5 59.5 59.5 59.5 59.5 59.5 59.5 59.5 59.5 59.5 59.5 59.5 59.5 59.5 59.5 59.5 59.5 59.5 59.5 59.5 59.5 59.5 59.5 59.5 59.5 59.5 59.5 59.5 59.5 59.5 59.5 59.5 59.5 59.5 59.5 59.5 59.5 59.5 59.5 59.5 59.5 59.5 59.5 59.5 59.5 59.5 59.5 59.5 59.5 59.5 59.5 59.5 59.5 59.5 59.5 0 
59.5 59.5 59.5 59.5 59.5 59.5 59.5 59.5 59.5 59 59 59 59.5 59.5 59.5 59.5 59.5 59.5 59.5 59.5 59.5 59.5 59.5 59.5 59.5 59.5 59.5 59.5 59.5 59.5 59.5 0 
59.5 59.5 59.5 59.5 59.5 59.5 59.5 59.5 59.5 59.5 59.5 0 
59.5 59.5 59.5 59.5 59.5 59.5 59.5 59.5 59.5 59.5 59.5 59.5 59.5 59.5 59.5 59.5 0 
59.5 59.5 59 59 59.5 59.5 59.5 59.5 59.5 59.5 59.5 59.5 59.5 59.5 59.5 59.5 0 
59.5 59.5 59.5 59.5 59.5 59.5 59.5 59.5 59.5 59.5 59.5 59.5 59.5 59.5 59.5 59.5 59.5 59.5 59.5 59.5 59.5 59.5 59.5 59.5 0 
59.5 59.5 59.5 59.5 59.5 59.5 59.5 59.5 59.5 59.5 59.5 59.5 59.5 59.5 59.5 59.5 59.5 59.5 59.5 59.5 59.5 59.5 0 
59.5 59.5 59.5 59.5 59.5 59.5 59.5 59.5 59.5 59.5 59.5 59.5 59.5 59.5 59.5 59.5 59.5 59.5 59.5 59.5 59.5 59.5 59.5 59.5 59.5 59.5 59.5 59.5 59.5 59.5 59.5 59.5 59.5 59.5 59.5 59.5 59.5 0 
59.5 59.5 59.5 59.5 59.5 59.5 59.5 59.5 59.5 59.5 59.5 59.5 59.5 59.5 59.5 59.5 59.5 59.5 59.5 59.5 59.5 59.5 59.5 0 
59.5 59.5 59.5 59.5 59.5 59.5 59.5 59.5 59.5 59.5 59 59 59 59 59 59.5 59.5 59.5 59.5 59.5 59.5 59.5 59.5 59.5 59.5 59.5 59.5 59.5 59.5 59.5 59.5 59.5 59.5 59.5 0 
59.5 59.5 59.5 59.5 59.5 59.5 59.5 59.5 59.5 59.5 59.5 59.5 59.5 59.5 0 
59.5 59.5 59.5 59.5 59.5 59.5 59.5 59.5 59.5 59.5 59.5 59.5 59.5 59.5 59.5 59.5 59.5 59.5 0 
59.5 59.5 59.5 59.5 59.5 59.5 59.5 59.5 59.5 59.5 59.5 59.5 59.5 59.5 59.5 59.5 59.5 59.5 59.5 0 
59.5 59.5 59.5 59.5 59.5 59.5 59.5 59.5 59.5 59.5 59.5 59.5 59.5 59.5 59 0 
59.5 59.5 59.5 59.5 59.5 59.5 59.5 59.5 59.5 59.5 59.5 59.5 59.5 59.5 59.5 59.5 0 
59.5 59.5 59.5 59.5 59.5 59.5 59.5 59.5 59.5 59.5 59.5 59.5 59.5 59.5 59.5 59.5 59.5 0 
59.5 59.5 59.5 59.5 59.5 59.5 59.5 59.5 59.5 59.5 59.5 59.5 59.5 59.5 59.5 59.5 59.5 59.5 59.5 59.5 59.5 59.5 59.5 59.5 59.5 59.5 59.5 59.5 59.5 59.5 59.5 59.5 0 
59.5 59.5 59.5 59.5 59.5 59.5 59.5 59.5 59.5 59.5 59.5 59.5 59.5 59.5 0 
59.5 59.5 59.5 59.5 59.5 59.5 59.5 59.5 59.5 59.5 59.5 59.5 59.5 59.5 59.5 59.5 59.5 59.5 59.5 59.5 59.5 59.5 59.5 59.5 59.5 59.5 59.5 59.5 59.5 59.5 59.5 59.5 59.5 59.5 59.5 59.5 0 
59.5 59.5 59.5 59.5 59.5 59.5 59.5 59.5 59.5 59.5 59.5 59.5 59.5 59.5 59.5 59.5 0 
59.5 59.5 59.5 59.5 59.5 59.5 0 
59.5 59.5 59.5 59.5 59.5 59.5 59 59 59 59 59 59 59 59 59 59.5 59 59.5 59.5 59.5 59.5 59.5 59.5 59.5 59.5 59.5 59.5 59.5 0 
59.5 59.5 59.5 59.5 59.5 59.5 59.5 59 59.5 59.5 59.5 59.5 59.5 59.5 59.5 59.5 59.5 59.5 59.5 59.5 59.5 59.5 59.5 59.5 59.5 59.5 59.5 59.5 59.5 59.5 0 
59.5 59.5 59.5 59.5 59.5 59.5 59.5 59.5 59.5 59.5 59.5 59.5 59.5 59.5 59.5 59.5 0 
59.5 59.5 59.5 59.5 59.5 59.5 59.5 59.5 59.5 59.5 59.5 59.5 59.5 59.5 59.5 59.5 59.5 59.5 59.5 59.5 59.5 59.5 60 59.5 59.5 59.5 59.5 59.5 59.5 0 
59.5 59.5 59.5 59.5 59.5 59.5 59.5 59.5 59.5 59.5 59.5 59.5 59.5 59.5 59.5 59.5 59.5 59.5 59.5 59.5 59.5 59.5 59.5 59.5 59.5 59.5 59.5 59.5 59.5 59.5 59.5 59.5 59.5 59.5 59.5 59.5 59.5 59.5 59.5 59.5 59.5 59.5 59.5 59.5 59.5 59.5 59.5 59.5 59.5 59.5 59.5 59.5 59.5 59.5 59.5 0 
59.5 59.5 59.5 59.5 59.5 59.5 59.5 59.5 59.5 59.5 59.5 59.5 59.5 59.5 59.5 59.5 59.5 59.5 59.5 59.5 59.5 59.5 59.5 59.5 59.5 59.5 59.5 59.5 59.5 59.5 59.5 59 59 59 59 59 59.5 59.5 59.5 59.5 59.5 59.5 59.5 59.5 59.5 59.5 59.5 59.5 59.5 0 
59.5 59.5 59.5 59.5 59.5 59.5 59.5 59.5 59.5 59.5 59.5 0 
59.5 59.5 59.5 59.5 59.5 59.5 59.5 59.5 59.5 59.5 59.5 59.5 59.5 59.5 59.5 59.5 59.5 59.5 59.5 59.5 59.5 0 
59.5 59.5 59.5 59.5 59.5 59.5 59.5 59.5 59.5 59.5 59.5 59.5 59.5 59.5 59.5 59.5 59.5 59.5 0 
59.5 59.5 59.5 59.5 59.5 59.5 59.5 59.5 59.5 59.5 59.5 59.5 59.5 59.5 59.5 59.5 59.5 59.5 59.5 59.5 59.5 59.5 59.5 59.5 59.5 59.5 59.5 59.5 59.5 59.5 59.5 59.5 59.5 59.5 59.5 59.5 59.5 59.5 59.5 59.5 59.5 59.5 59.5 59.5 59.5 0 
59.5 59.5 59.5 59.5 59.5 59.5 59.5 59.5 59.5 59.5 59.5 59.5 59.5 59.5 59.5 59.5 59.5 59.5 59.5 59.5 59.5 59.5 59.5 59.5 59.5 59.5 59.5 59.5 59.5 59.5 59.5 59.5 59.5 59.5 59.5 59.5 59.5 59.5 59.5 59.5 59.5 59.5 59.5 59.5 59.5 59.5 59.5 59.5 59.5 59.5 59.5 59.5 59.5 59.5 59.5 59.5 0 
59.5 59.5 59.5 59.5 59.5 59.5 59.5 59.5 59.5 59.5 59.5 59.5 59.5 59.5 59.5 59.5 59.5 59.5 59.5 59.5 59.5 59.5 59.5 59.5 59.5 59.5 59.5 59.5 59.5 59.5 59.5 59.5 59.5 59.5 59.5 59.5 59.5 59.5 59.5 59.5 59.5 59.5 59.5 0 
59.5 59.5 59.5 59.5 59.5 59.5 59.5 59.5 59.5 59.5 59.5 59.5 59.5 59.5 59.5 59.5 59.5 59.5 59.5 59.5 59.5 59.5 59.5 59.5 59.5 59.5 59.5 59.5 59.5 59.5 59.5 0 
59.5 59.5 59.5 59.5 59.5 59.5 59.5 59.5 59.5 59.5 59.5 59.5 59.5 59.5 59.5 59.5 59.5 59.5 59.5 59.5 59.5 59.5 59.5 59.5 59.5 59.5 59.5 59.5 59.5 59.5 59.5 59.5 59.5 59.5 59.5 59.5 59.5 59.5 59.5 59.5 59.5 59.5 59.5 59.5 59.5 59.5 59.5 59.5 59.5 59.5 59.5 59.5 59.5 59.5 59.5 0 
59.5 59.5 59.5 59.5 59.5 59.5 59.5 59.5 59.5 0 
59.5 59.5 59.5 59.5 59.5 59.5 59.5 59.5 59.5 59.5 59.5 59.5 59.5 59.5 59.5 59.5 59.5 59.5 59.5 59 59.5 59.5 59.5 59.5 59.5 59.5 59.5 59.5 59.5 59.5 59.5 59.5 59.5 59.5 59.5 59.5 59.5 59.5 59.5 0 
59.5 59.5 59.5 59.5 59.5 59.5 59.5 59.5 59.5 59.5 59.5 59.5 59.5 59.5 59.5 59.5 59.5 59.5 59.5 59.5 59.5 59.5 59.5 59.5 59.5 59.5 59.5 59.5 0 
59.5 59.5 59.5 59.5 59.5 59.5 59.5 59.5 59.5 59.5 59.5 59.5 59.5 59.5 59.5 59.5 59.5 59.5 59.5 59.5 59.5 59.5 59.5 59.5 59.5 59.5 59.5 59.5 59.5 59.5 59.5 59.5 59.5 59.5 59.5 59.5 59.5 59.5 59.5 59.5 59.5 59.5 59.5 59.5 0 
59.5 59.5 59.5 59.5 59.5 59.5 59.5 59.5 59.5 59.5 59.5 59.5 59.5 59.5 59.5 59.5 59.5 59 59 59 59.5 59.5 59.5 59.5 59.5 59.5 59.5 59.5 59.5 59.5 59.5 59.5 59.5 59.5 59.5 0 
59.5 59.5 59.5 59.5 59.5 59.5 59.5 59.5 59.5 59.5 59.5 59.5 59.5 59.5 59.5 59.5 59.5 59.5 59.5 59.5 59.5 59.5 59.5 59.5 59.5 0 
59.5 59.5 59.5 59.5 59.5 59.5 59.5 59.5 59.5 59.5 59.5 59.5 59.5 59.5 59.5 59.5 59.5 59.5 59.5 59.5 59.5 59.5 59.5 0 
59.5 59.5 59.5 59.5 59.5 59.5 59.5 59.5 59.5 59.5 59.5 59.5 59.5 59.5 59.5 59.5 59.5 59.5 59.5 59.5 59.5 59.5 59.5 59.5 59.5 59.5 59.5 59.5 59.5 59.5 59.5 59.5 59.5 59.5 59.5 59.5 59.5 59.5 59.5 0 
59.5 59.5 59.5 59.5 59.5 59.5 59.5 59.5 59.5 59.5 59 59 59 59 59 59 59 59.5 59.5 59.5 59.5 59.5 59.5 59.5 59.5 59.5 59.5 59.5 59.5 0 
59.5 59.5 59.5 59.5 59.5 59.5 59.5 59.5 59.5 59.5 59.5 59.5 59.5 59.5 59.5 59.5 59.5 59.5 0 
59.5 59.5 59.5 59.5 59.5 59.5 59.5 59.5 59.5 59.5 0 
59.5 59.5 59.5 59.5 59.5 59.5 59.5 59.5 59.5 59.5 59.5 59.5 0 
59.5 59.5 59.5 59.5 59.5 59.5 59.5 59.5 59.5 59.5 59.5 59.5 59.5 59.5 59.5 59.5 0 
59.5 59.5 59.5 59.5 59.5 59.5 59.5 59.5 59.5 59.5 59.5 59.5 59.5 59.5 59.5 59.5 59.5 59.5 59.5 59.5 59.5 59.5 59.5 59.5 59.5 59.5 59.5 59.5 59.5 59.5 59.5 59.5 59.5 59.5 0 
59.5 59.5 59.5 59.5 59.5 59.5 59.5 59.5 59.5 59.5 59.5 59.5 59.5 59.5 59.5 59.5 59.5 59.5 59.5 59.5 0 
59.5 59.5 59.5 59.5 59.5 59.5 59.5 59.5 59.5 59.5 59.5 59.5 59.5 59.5 59.5 59.5 59.5 59.5 59.5 59 59 59.5 59.5 59.5 59.5 59.5 59.5 0 
59.5 59.5 59.5 59.5 59.5 59.5 59.5 59.5 59.5 59.5 59.5 0 
59.5 59.5 59.5 59.5 59.5 59.5 59.5 59.5 59.5 59.5 59.5 59.5 59.5 59.5 59.5 59.5 59.5 59.5 59.5 59.5 59.5 59.5 0 
59.5 59.5 59.5 59.5 59.5 59.5 59.5 59.5 0 
59.5 59.5 59.5 59.5 59.5 59.5 59.5 59.5 59.5 59.5 59.5 59.5 59.5 59.5 59.5 59.5 59.5 59.5 59.5 59.5 59.5 59.5 59.5 59.5 59.5 59.5 59.5 59.5 59.5 59.5 59.5 59.5 59.5 59.5 59.5 59.5 59.5 59.5 59.5 59.5 59.5 59.5 59.5 59.5 59.5 59.5 59.5 59.5 0 
59.5 59.5 59.5 59.5 59.5 59.5 59.5 59.5 59.5 0 
59.5 59.5 59.5 59.5 59.5 59.5 59.5 59.5 59.5 59.5 59.5 59.5 59.5 59.5 59.5 59.5 59.5 59.5 59.5 59.5 59.5 59.5 59.5 59.5 0 
59.5 59.5 59.5 59.5 59.5 59.5 0 
59.5 59.5 59.5 59.5 59.5 59.5 59.5 59.5 59.5 59.5 59.5 59.5 59.5 59.5 59.5 59 59.5 59.5 59.5 59.5 59.5 59.5 59.5 59.5 59.5 59 59.5 59.5 59.5 59.5 0 
59.5 59.5 59.5 59.5 59.5 59.5 59.5 59.5 59.5 59.5 59.5 59.5 59.5 59.5 59.5 59.5 59.5 59.5 59.5 59.5 59.5 59.5 59.5 59.5 59.5 59.5 59.5 59.5 59.5 59.5 59.5 59.5 59.5 59.5 59.5 59.5 59.5 59.5 59.5 59.5 0 
59.5 59.5 59.5 59.5 59.5 59.5 59.5 59.5 59.5 59.5 59.5 59.5 59.5 59.5 59.5 59.5 59.5 59.5 59.5 59.5 59.5 59.5 59.5 59.5 59.5 59.5 59.5 59.5 59.5 59.5 59.5 59.5 59.5 0 
59.5 59.5 59.5 59.5 59.5 59.5 59.5 59.5 59.5 59.5 59.5 59.5 59.5 59.5 59.5 59.5 59.5 59.5 59.5 59.5 59.5 59.5 59.5 0 
59.5 59.5 59.5 59.5 59.5 59 59.5 59.5 59.5 59.5 59.5 59.5 59.5 59.5 59.5 59.5 59.5 59.5 59.5 59.5 59.5 59.5 59.5 59.5 59.5 0 
59.5 59.5 59.5 59.5 59.5 59.5 59.5 59.5 59.5 59 59.5 59.5 0 
59.5 59.5 59.5 59.5 59.5 59.5 59.5 59.5 59.5 59.5 59.5 59.5 59.5 59.5 59.5 59.5 59.5 59.5 59.5 59.5 59.5 59.5 59.5 59.5 59.5 59.5 59.5 59.5 59.5 59.5 0 
59.5 59.5 59.5 59.5 59.5 59.5 59.5 59.5 59.5 59.5 59.5 59.5 59.5 59.5 59.5 59.5 59.5 59.5 59.5 59.5 59.5 59.5 59.5 59.5 59.5 59.5 59.5 59.5 59.5 59.5 59.5 59.5 59.5 59.5 59.5 59.5 59.5 59.5 59.5 0 
59.5 59.5 59.5 59.5 59.5 59.5 59.5 59.5 59.5 59.5 59.5 59.5 59.5 59.5 59.5 59.5 59.5 59.5 59.5 59.5 59 59 59 59 59 59 59 59 59 59 59.5 59.5 59.5 59.5 59.5 0 
59.5 59.5 59.5 59.5 59.5 59.5 59.5 59.5 59.5 59.5 59.5 59.5 59.5 59.5 59.5 59.5 59.5 59.5 59.5 59.5 59.5 59.5 59.5 59.5 59.5 59.5 59.5 59.5 59.5 59.5 59.5 59.5 59.5 59.5 59.5 59.5 59.5 59.5 0 
59.5 59.5 59.5 59.5 59.5 59.5 59.5 59.5 59.5 59.5 59.5 59.5 59.5 59.5 59.5 59.5 59.5 59.5 59.5 59.5 59.5 59.5 59.5 59.5 59.5 59.5 59.5 59.5 59.5 59.5 59.5 59.5 59.5 59.5 59.5 59.5 59.5 59.5 59.5 59.5 0 
59.5 59.5 59.5 59.5 59.5 59.5 59.5 59.5 59.5 59.5 59.5 59.5 59.5 59.5 59.5 59.5 59.5 59.5 59.5 59.5 59.5 59.5 59.5 59.5 59.5 59.5 59.5 59.5 59.5 0 
59.5 59.5 59.5 59.5 59.5 59.5 59.5 59.5 59.5 59.5 59.5 59.5 59.5 59.5 59 59.5 59.5 59.5 59.5 59.5 59.5 59.5 59.5 59.5 59.5 59.5 59.5 59.5 59.5 59.5 59.5 0 
59.5 59.5 59.5 59.5 59.5 59.5 59.5 59.5 59.5 59.5 59.5 59.5 59.5 59.5 59.5 59.5 59.5 59.5 59.5 59.5 59.5 59.5 59.5 59.5 59.5 59.5 59.5 59.5 59.5 59.5 59.5 59.5 0 
59.5 59.5 59.5 59.5 59.5 59.5 59.5 59.5 59.5 59.5 59.5 59.5 59.5 59.5 59.5 59.5 59.5 59.5 59.5 59.5 59.5 59.5 59.5 59.5 59.5 59.5 59.5 59.5 59.5 0 
59.5 59.5 59.5 59.5 59.5 59.5 59.5 59.5 59.5 59.5 59.5 59.5 59.5 59.5 59.5 59.5 59.5 0 
59.5 59.5 59.5 59.5 59.5 59.5 59.5 59.5 59.5 59.5 59.5 59.5 59.5 59.5 59.5 59.5 59.5 59.5 59.5 59.5 59.5 59.5 59.5 59.5 59.5 59.5 59.5 59.5 59.5 59.5 59.5 59.5 59.5 59.5 0 
59.5 59.5 59.5 59.5 59.5 59.5 59.5 0 
59.5 59.5 59.5 59.5 59.5 59.5 59.5 59.5 59.5 59.5 59.5 59.5 59.5 59.5 59.5 59.5 59.5 59.5 59.5 59.5 59.5 59 59 59 59 59.5 59.5 59.5 59.5 59.5 59.5 59.5 59.5 59.5 59.5 59.5 59.5 59.5 59.5 59.5 59.5 59.5 59.5 59.5 59.5 59.5 59.5 59.5 59.5 59.5 59.5 0 
59.5 59.5 59.5 59.5 59.5 59.5 59.5 59.5 59.5 59.5 59.5 59.5 59.5 59.5 59.5 59.5 59.5 59.5 59.5 59.5 59.5 59.5 59.5 59.5 59.5 59.5 59.5 59.5 59.5 59.5 0 
59.5 59.5 59.5 59.5 59.5 59.5 59.5 59.5 59.5 59 0 
59.5 59.5 59.5 59.5 59.5 59.5 59.5 59.5 59.5 59.5 59.5 59.5 59.5 59.5 0 
59.5 59.5 59.5 59.5 59.5 59.5 59.5 59.5 59.5 59.5 59.5 59.5 59.5 59.5 0 
59.5 59.5 59.5 59.5 59.5 59.5 59.5 59.5 59.5 59.5 59.5 59.5 59.5 59.5 59.5 59.5 59.5 59.5 59.5 59.5 59.5 0 
59.5 59.5 59.5 59.5 59.5 59.5 59.5 59.5 59.5 59.5 59.5 59.5 59.5 59 59 59.5 59.5 59.5 59.5 59.5 59.5 59.5 59.5 59.5 59.5 59.5 59.5 59.5 59.5 59.5 59.5 0 
59.5 59.5 59.5 59.5 0 
59.5 59.5 59.5 59.5 59.5 59.5 59.5 59.5 59.5 59.5 59.5 59.5 59.5 59.5 59.5 59.5 59.5 59.5 59.5 59.5 59.5 59.5 59.5 59 59.5 59.5 59.5 59.5 0 
59.5 59.5 59.5 59.5 59.5 59.5 59.5 59.5 0 
59.5 59.5 59.5 59.5 59.5 59.5 59.5 59.5 59.5 0 
59.5 59.5 59.5 59.5 59.5 59.5 59.5 59.5 59.5 59.5 59.5 59.5 59.5 59.5 59.5 0 
59.5 59.5 59.5 59.5 59.5 59.5 59.5 59.5 59.5 59.5 59.5 59.5 59.5 59.5 59.5 59.5 59.5 59.5 59.5 59.5 59.5 0 
59.5 59.5 59.5 59.5 59.5 59.5 59.5 59.5 59.5 59.5 59.5 59.5 59.5 59.5 59.5 59.5 59.5 59.5 59.5 59.5 59.5 59.5 59.5 59.5 59.5 59.5 59.5 59.5 59.5 59.5 59.5 59.5 59.5 59 59 59.5 59.5 59.5 59.5 59.5 59.5 59.5 59.5 0 
59.5 59.5 59.5 59.5 59.5 60 60 60 60 60 59.5 59.5 59.5 59.5 59.5 59.5 59.5 59.5 59.5 59.5 59.5 59.5 59.5 59.5 59.5 59.5 59.5 59.5 59.5 59.5 59.5 59.5 59.5 59.5 59.5 0 
59.5 59.5 59.5 59.5 59.5 59.5 59.5 59 59 59 59 59 59 59 59.5 59.5 59.5 59.5 59.5 59.5 59.5 59.5 59.5 59.5 59.5 59.5 59.5 59.5 59.5 59.5 59.5 59.5 59.5 59.5 59.5 59.5 59.5 59.5 59.5 59.5 59.5 59.5 59.5 59.5 59.5 59.5 0 
59.5 59.5 59.5 59.5 59.5 59.5 59.5 59.5 59.5 59.5 59.5 59.5 59.5 59.5 0 
59.5 59.5 59.5 59.5 59.5 59.5 59.5 59.5 59.5 59.5 59.5 0 
59.5 59.5 59.5 59.5 59.5 59.5 59.5 59.5 59.5 59.5 59.5 59 59.5 59.5 59.5 0 
59.5 59.5 59.5 59.5 59.5 59.5 59.5 59.5 59.5 59.5 59.5 59.5 59.5 59.5 59.5 59.5 59.5 59.5 59.5 59.5 59.5 59.5 59.5 59.5 59.5 59.5 59.5 0 
59.5 59.5 59.5 59.5 59.5 59.5 59.5 59.5 59.5 59.5 59.5 59.5 59.5 59.5 59.5 59.5 59.5 59.5 59.5 59.5 59.5 59.5 59.5 59.5 59.5 59.5 59.5 59.5 59.5 59.5 59.5 59.5 59.5 59.5 59.5 59.5 59.5 59.5 59.5 59.5 59.5 59.5 59.5 59.5 59.5 59.5 59.5 59.5 59.5 59.5 59.5 59.5 59.5 59.5 59.5 59.5 59.5 59.5 59.5 59.5 0 
59.5 59.5 59.5 59.5 59.5 59.5 59.5 59.5 59.5 59.5 59.5 59.5 59.5 59.5 59.5 59.5 59.5 59.5 59.5 59.5 59.5 59.5 59.5 59.5 59.5 59.5 59.5 59.5 59.5 59.5 0 
59.5 59.5 59.5 59.5 59.5 59.5 59.5 59.5 59.5 59.5 59.5 59.5 59.5 59.5 59.5 59.5 59.5 59.5 59.5 59.5 59.5 59.5 59.5 59.5 59.5 59.5 59.5 59.5 59.5 59.5 59.5 59.5 59.5 59.5 59.5 59.5 59.5 59.5 59.5 59.5 59.5 59.5 59.5 59.5 59.5 59.5 59.5 59.5 59.5 59.5 59.5 59.5 59.5 59.5 59.5 59.5 59.5 59.5 59.5 59.5 59.5 59.5 59.5 0 
59.5 59.5 59.5 59.5 59.5 59.5 59.5 59.5 59.5 59.5 59.5 59.5 59 59.5 0 
59.5 59.5 59.5 59.5 59.5 59.5 59.5 59.5 59.5 59.5 59.5 59.5 59.5 59.5 59.5 59.5 59.5 59.5 59.5 59.5 59.5 59.5 59.5 0 
59.5 59.5 59.5 59.5 59.5 59.5 59.5 59.5 59.5 59.5 59.5 59.5 59.5 59.5 59.5 59.5 59.5 0 
59.5 59.5 59.5 59.5 59.5 59.5 59.5 59.5 0 
59.5 59.5 59.5 59.5 59.5 59.5 59.5 59.5 59.5 59.5 59.5 59.5 59.5 59.5 59.5 59.5 59.5 59.5 59.5 59.5 59.5 59.5 59.5 59.5 59.5 0 
59.5 59.5 59.5 59.5 59.5 59.5 59.5 59.5 59.5 59.5 59.5 59.5 59.5 59.5 59.5 59.5 59.5 59.5 59.5 59.5 59.5 59.5 59.5 59.5 59.5 59.5 59.5 59.5 59.5 59.5 59.5 59.5 59.5 59.5 59.5 59.5 0 
59.5 59.5 59.5 59.5 59.5 59.5 59.5 59.5 59.5 59.5 59.5 59.5 59.5 59.5 59.5 59.5 59.5 59.5 59.5 59.5 59.5 59.5 59.5 59.5 59.5 0 
59.5 59.5 59.5 59.5 59.5 59.5 59.5 59.5 59.5 59.5 59.5 59.5 59.5 59.5 59.5 59.5 59.5 59.5 59.5 59.5 0 
59.5 59.5 59.5 59.5 59.5 59.5 59.5 59.5 59.5 0 
59.5 59.5 59.5 59.5 59.5 59.5 59.5 59.5 59.5 59.5 59.5 59.5 59.5 59.5 59.5 59.5 59.5 59.5 59.5 59.5 59.5 59.5 59.5 59.5 59.5 59.5 59.5 59.5 59.5 59.5 59.5 59.5 59.5 59.5 59.5 59.5 0 
59.5 59.5 59.5 59.5 59.5 59.5 59.5 59.5 59.5 59.5 59.5 59.5 59.5 59.5 59.5 59.5 59.5 59.5 59.5 59.5 59.5 59.5 59.5 59.5 59.5 59.5 59.5 59.5 59.5 59.5 59.5 59.5 59.5 59.5 59.5 59.5 59.5 59.5 59.5 59.5 59.5 59.5 59.5 59.5 59.5 59.5 59.5 59.5 59.5 59.5 59.5 59.5 59.5 59.5 59.5 0 
59.5 59.5 59.5 59.5 59.5 59.5 59.5 59.5 59.5 59.5 59.5 59.5 59.5 59.5 59.5 59.5 59.5 59.5 59.5 59.5 59.5 59.5 59.5 59.5 59.5 59.5 59.5 59.5 59.5 59.5 59.5 59.5 59.5 59.5 59.5 0 
59.5 59.5 59.5 59.5 59.5 59.5 59.5 59.5 59.5 59.5 59.5 59.5 59.5 59.5 59.5 59.5 59.5 59.5 59.5 59.5 59.5 59.5 59.5 59.5 59.5 59.5 59.5 59.5 59.5 59.5 59.5 59.5 59.5 59.5 59.5 59.5 59.5 59.5 59.5 59.5 59.5 59.5 59.5 59.5 59 59 59 59.5 59.5 59.5 59.5 59.5 59.5 0 
59.5 59.5 59.5 59.5 59.5 59.5 59.5 59.5 59.5 59.5 59.5 59.5 59.5 59.5 59.5 59.5 59.5 59.5 59.5 59.5 59.5 59.5 59.5 59.5 59.5 59.5 59.5 59.5 59.5 0 
59.5 59.5 59.5 59.5 59.5 59.5 59.5 59.5 59.5 59.5 59.5 59.5 59.5 59.5 59.5 59.5 59.5 59.5 59.5 59.5 59.5 59.5 59.5 59.5 59.5 0 
59.5 59.5 59.5 59.5 59.5 59.5 59.5 59.5 59.5 59.5 59.5 59.5 59.5 59.5 59.5 59.5 59.5 59.5 0 
59.5 59.5 59.5 59.5 59.5 59.5 59.5 59.5 59.5 59.5 59.5 59.5 59.5 59.5 59.5 59.5 59.5 59.5 59.5 59.5 59.5 59.5 59.5 59.5 59.5 59.5 59.5 59.5 59.5 59.5 59.5 0 
59.5 59.5 59.5 59.5 59.5 59.5 59.5 59.5 59.5 59.5 59.5 59.5 59.5 59.5 59.5 59.5 59.5 59.5 59.5 59.5 59.5 59.5 59.5 59.5 59.5 59.5 59.5 59.5 59.5 59.5 59.5 59.5 0 
59.5 59.5 59.5 59.5 59.5 59.5 59.5 59.5 59.5 59.5 59.5 59.5 59.5 59.5 59.5 59.5 59.5 59.5 59.5 59.5 59.5 59.5 59.5 59.5 59.5 59.5 59.5 59.5 59.5 59.5 59.5 59.5 59.5 0 
59.5 59.5 59.5 59.5 59.5 59.5 59.5 59.5 59.5 59.5 59.5 59.5 59.5 59.5 59.5 59.5 59.5 59.5 59.5 59.5 59.5 0 
59.5 59.5 59.5 59.5 59.5 59.5 59.5 59.5 59.5 59.5 59.5 59.5 59.5 59.5 59.5 59.5 59.5 59.5 59.5 59.5 59.5 59.5 59.5 59.5 59.5 59.5 59.5 59.5 59.5 0 
59.5 59.5 59.5 59.5 59.5 59.5 59.5 59.5 59.5 59.5 59.5 59.5 59.5 59.5 59.5 59.5 59.5 59.5 59.5 59.5 59.5 59.5 59.5 59.5 59.5 59.5 59.5 59.5 59.5 59.5 59.5 59.5 59.5 59.5 59.5 59.5 0 
59.5 59.5 59.5 59.5 59.5 59.5 59.5 0 
59.5 59.5 59.5 59.5 59.5 59.5 59.5 59.5 59.5 59.5 59.5 59.5 59.5 59.5 59.5 59.5 0 
59.5 59.5 59.5 59.5 59.5 59.5 59.5 59.5 59.5 59.5 59.5 59.5 59.5 59.5 59.5 59.5 59.5 59.5 59.5 59.5 59.5 59.5 59.5 59.5 59.5 59.5 59.5 59.5 59.5 59.5 59.5 59.5 59.5 59.5 59.5 0 
59.5 59.5 59.5 59.5 59.5 59.5 59.5 59.5 59.5 59.5 0 
59.5 59.5 59.5 59.5 59.5 59.5 59.5 59.5 59.5 59.5 59.5 59.5 59.5 59.5 59.5 59.5 59.5 59.5 59.5 59.5 59.5 60 59.5 59.5 0 
59.5 59.5 59.5 59.5 59.5 59.5 59.5 59.5 59.5 59.5 59.5 0 
59.5 59.5 59.5 59.5 59.5 59.5 59.5 59.5 59.5 59 59.5 59.5 59.5 59.5 59.5 59.5 59.5 59.5 59.5 59.5 0 
59.5 59.5 59.5 59.5 59.5 59.5 59.5 59.5 59.5 59.5 59.5 59.5 59.5 59.5 59.5 59.5 59.5 59.5 59.5 59.5 59.5 59.5 59.5 59.5 59.5 59.5 59.5 59.5 59.5 59.5 59.5 59.5 59.5 59.5 59.5 59.5 59.5 59.5 59.5 59.5 59.5 0 
59.5 59.5 59.5 59.5 59.5 59.5 59.5 59.5 59.5 59.5 59.5 59.5 59.5 59.5 59.5 59.5 59.5 59.5 59.5 59.5 59.5 59.5 59.5 59.5 59.5 59.5 59.5 59.5 59.5 59.5 0 
59.5 59.5 59.5 59.5 59.5 59.5 59.5 59.5 59.5 59.5 59.5 59.5 59.5 59.5 59.5 59.5 59.5 59.5 59.5 59.5 59.5 59.5 59.5 59.5 59.5 59.5 59.5 59.5 59.5 59.5 59.5 59.5 59.5 59.5 59.5 59.5 59.5 59.5 59.5 59.5 59.5 59.5 59.5 59.5 59.5 59.5 59.5 59.5 59.5 59.5 59.5 59.5 59.5 59.5 59.5 59.5 59.5 59.5 59.5 59.5 0 
59.5 59.5 59.5 59.5 59.5 59.5 59.5 59.5 59.5 59.5 0 
59.5 59.5 59.5 59.5 59.5 59.5 59.5 59.5 59.5 59.5 59.5 59.5 59.5 59.5 59.5 59.5 59.5 59.5 59.5 59.5 59.5 59.5 59.5 59.5 59.5 59.5 59.5 59.5 59.5 59.5 59.5 59.5 59.5 59 59.5 59.5 59.5 59.5 59.5 59.5 59.5 59.5 59.5 59.5 59.5 59.5 59.5 59.5 59.5 59.5 59.5 59.5 0 
59.5 59.5 59.5 60 59.5 59.5 59.5 59.5 59.5 59.5 59.5 59.5 59.5 59.5 59.5 59.5 59.5 59.5 59.5 59.5 59.5 59.5 59.5 59.5 59.5 59.5 59.5 59.5 59.5 59.5 59.5 59.5 59.5 59.5 59.5 59.5 59.5 59.5 59.5 59.5 59.5 59.5 59.5 59.5 59.5 59.5 59.5 59.5 59.5 0 
59.5 59.5 59.5 59.5 59.5 59.5 59.5 59.5 59.5 59.5 59.5 59.5 59.5 59.5 59.5 59.5 59.5 59.5 59.5 59.5 59.5 59.5 59.5 59.5 59.5 59.5 59.5 0 
59.5 59.5 59.5 59.5 59.5 59.5 59.5 59.5 59.5 59.5 59.5 59.5 59.5 0 
59.5 59.5 59.5 59.5 59.5 59.5 59.5 59.5 59.5 59.5 59.5 59.5 59.5 59.5 59.5 59.5 60 59.5 0 
59.5 59.5 59.5 59.5 59.5 59.5 59.5 59.5 59.5 59.5 59.5 59.5 59.5 59.5 59.5 59.5 59.5 59.5 59.5 59.5 59.5 59.5 59.5 59.5 59.5 0 
59.5 59.5 59.5 59.5 59.5 59.5 59.5 59.5 59.5 59.5 59.5 59.5 59.5 59.5 59.5 59.5 59.5 59.5 59.5 59.5 59.5 59.5 59.5 59.5 59.5 59 0 
59.5 59.5 59.5 59.5 59.5 59.5 59.5 59.5 59.5 59.5 59.5 59.5 59.5 59.5 59.5 59.5 59.5 59.5 59.5 59.5 59.5 59.5 59.5 59.5 59.5 59.5 59.5 59.5 59.5 0 
59.5 59.5 59.5 59.5 59.5 59.5 59.5 59.5 59.5 59.5 59.5 59.5 59.5 59.5 59.5 59.5 59.5 59.5 59.5 59.5 59.5 59.5 59.5 59.5 59.5 59.5 59.5 59.5 59.5 59.5 59.5 59.5 59.5 59.5 59.5 59.5 59.5 59.5 59.5 0 
59.5 59.5 59.5 59.5 59.5 59.5 59.5 59.5 59.5 59.5 59.5 59.5 59.5 59.5 59.5 59.5 59.5 59.5 59.5 0 
59.5 59.5 59.5 59.5 59.5 59.5 59.5 59.5 59.5 59.5 59.5 59.5 59.5 59.5 59.5 59.5 59.5 59.5 59.5 59.5 59.5 0 
59.5 59.5 59.5 59.5 59.5 59.5 59.5 59.5 59.5 59.5 59.5 59.5 59.5 59.5 59 59.5 59.5 59.5 59.5 59.5 59.5 59.5 59.5 59.5 59.5 59.5 59.5 59.5 59.5 59.5 59.5 59.5 59.5 59.5 59.5 59.5 59.5 59.5 59.5 59.5 59.5 59.5 59.5 59.5 59.5 59.5 0 
59.5 59.5 59.5 59.5 59.5 59.5 59.5 59.5 59.5 59.5 59.5 59.5 59.5 59.5 59.5 59.5 59.5 59.5 59.5 59.5 59.5 59.5 59.5 59.5 59.5 0 
59.5 59.5 59.5 59.5 59.5 59.5 59.5 59.5 59.5 59.5 59.5 59.5 0 
59.5 59.5 59.5 59.5 59.5 59.5 59.5 59.5 59.5 59.5 59.5 59.5 59.5 59.5 59.5 59.5 59.5 59.5 59.5 59.5 59.5 59.5 59.5 59.5 59.5 59.5 59.5 59.5 59.5 59.5 59.5 59.5 59.5 59.5 59.5 0 
59.5 59.5 59.5 59.5 59.5 59.5 59.5 59.5 59.5 59.5 0 
59.5 59.5 59.5 59.5 59.5 59.5 59.5 59.5 59.5 59.5 59.5 59.5 59.5 59.5 59.5 59.5 59.5 59.5 59.5 59.5 59.5 59.5 59.5 59.5 59.5 59.5 59.5 59.5 59.5 59.5 59.5 59.5 59.5 59.5 59.5 59.5 59.5 59.5 59.5 59.5 59.5 59.5 59.5 59.5 59.5 59.5 59.5 0 
59.5 59.5 59.5 59.5 59.5 59.5 59.5 59.5 59.5 59.5 59.5 59.5 59.5 59.5 59.5 59.5 59.5 59.5 59.5 59.5 59.5 59.5 59.5 59.5 59.5 59.5 59.5 59.5 59.5 0 
59.5 59.5 59.5 59.5 59.5 59.5 59.5 59.5 59.5 59.5 59.5 59.5 59.5 59.5 59.5 59.5 59.5 59.5 59.5 59.5 59.5 59.5 59.5 59.5 0 
59.5 59.5 59.5 59.5 59.5 59.5 59.5 59.5 59.5 59.5 59 59.5 59.5 59.5 59.5 59.5 59.5 59.5 59.5 59.5 0 
59.5 59.5 59.5 59.5 59.5 59.5 59.5 59.5 59.5 59.5 59.5 59.5 59.5 59.5 59.5 59.5 59.5 59.5 59.5 59.5 59.5 59.5 59.5 59.5 59.5 59.5 59.5 59.5 59.5 59.5 59.5 59.5 59.5 59.5 59.5 59.5 59.5 59.5 59.5 0 
59.5 59.5 59.5 59.5 59.5 59.5 59.5 59.5 59.5 59.5 59.5 59.5 59.5 59.5 59.5 59.5 59.5 59.5 59.5 59.5 59.5 59.5 59.5 59.5 59.5 59.5 59.5 59.5 59.5 59.5 59.5 0 
59.5 59.5 59.5 59.5 59.5 59.5 59.5 59.5 59.5 59.5 59.5 59.5 0 
59.5 59.5 59.5 59.5 59.5 59.5 59.5 59.5 59.5 59.5 59.5 59.5 59.5 59.5 59.5 59.5 59.5 59.5 60 59.5 59.5 59.5 0 
59.5 59.5 59.5 59.5 59.5 59.5 59.5 59.5 59.5 59.5 59.5 59.5 59.5 59.5 59.5 59.5 59.5 59.5 59.5 59.5 59.5 59.5 59.5 59.5 59.5 59.5 0 
59.5 59.5 59.5 59.5 59.5 59.5 59.5 59.5 59.5 59.5 59.5 59.5 59.5 59.5 59.5 59.5 59.5 59.5 59.5 59.5 59.5 59.5 59.5 59.5 59.5 59.5 59.5 59.5 59.5 59.5 59.5 59.5 59.5 59.5 59.5 59.5 59.5 59.5 59.5 59.5 59.5 59.5 0 
59.5 59.5 59.5 59.5 59.5 59.5 59.5 59.5 59.5 59.5 59.5 59.5 59.5 59.5 59.5 59.5 59.5 59.5 59.5 59.5 59.5 59.5 59.5 59.5 59.5 59.5 59.5 59.5 59.5 59.5 59.5 59.5 0 
59.5 59.5 59.5 59.5 59.5 59.5 59.5 59.5 59.5 59.5 59.5 59.5 59.5 59.5 59.5 59.5 59.5 59.5 59.5 59.5 59.5 59.5 59.5 59.5 59.5 59.5 59.5 59.5 59.5 59.5 59.5 59.5 59.5 59.5 59.5 59.5 59.5 59.5 59.5 59.5 59.5 59.5 59.5 59.5 59.5 59.5 59.5 59.5 59.5 59.5 0 
59.5 59.5 59.5 59.5 59.5 59.5 59.5 59.5 59.5 59.5 59.5 59.5 59.5 59.5 59.5 59.5 59.5 0 
59.5 59.5 59.5 59.5 59.5 59.5 59.5 59.5 59.5 59.5 59.5 59.5 59 59 59 59 59.5 59.5 59.5 59.5 59.5 59.5 59.5 59.5 59.5 59.5 59.5 59.5 59.5 59.5 0 
59.5 59.5 59.5 59.5 59.5 59.5 59.5 59.5 59.5 59.5 59.5 59.5 59.5 59.5 59.5 0 
59.5 59.5 59.5 59.5 59.5 59.5 59.5 59.5 59.5 59.5 59.5 59.5 59.5 59.5 59 59.5 59.5 59.5 59.5 59.5 59.5 59.5 59.5 59.5 59.5 59.5 59.5 59.5 59.5 59.5 59.5 59.5 59.5 59.5 59.5 59.5 59.5 59.5 59.5 59.5 59.5 59.5 0 
59.5 59.5 59.5 59.5 59.5 59.5 59.5 59.5 59.5 59.5 59.5 59.5 59.5 59.5 59.5 59.5 59.5 0 
59.5 59.5 59.5 59.5 59.5 59.5 59.5 59.5 59.5 59.5 59.5 59.5 59.5 59.5 59.5 59.5 0 
59.5 59.5 59.5 59.5 59.5 59.5 59.5 59.5 59.5 59.5 59.5 59.5 59.5 59.5 59.5 59.5 59.5 59.5 59.5 59.5 59.5 59.5 59.5 59.5 59.5 59.5 59.5 59.5 59.5 59.5 59.5 0 
59.5 59.5 59.5 59.5 59 59.5 59.5 59.5 0 
59.5 59.5 59.5 59.5 59.5 59.5 59.5 59.5 59.5 59.5 59.5 59.5 59.5 59.5 59.5 59.5 59.5 59.5 59.5 59.5 59.5 59.5 59.5 59.5 59.5 59.5 59.5 59.5 59.5 59.5 59.5 59.5 59.5 59.5 59.5 59.5 59.5 59.5 59.5 59.5 59.5 59.5 59.5 59.5 59.5 59.5 59.5 59.5 59.5 59.5 59.5 59.5 59.5 59.5 59.5 59.5 59.5 59.5 59.5 59.5 0 
59.5 59.5 59.5 59.5 59.5 59.5 59.5 59.5 59.5 59.5 59.5 59.5 59.5 59.5 59.5 59.5 59.5 59.5 59.5 59.5 59 59.5 59.5 59.5 59.5 0 
59.5 59.5 59.5 59.5 59.5 59.5 59.5 59.5 59.5 59.5 59.5 59.5 59.5 59.5 59.5 59.5 59.5 59 59 59 59 59 59.5 59.5 59.5 59.5 59.5 59.5 59.5 59.5 59.5 59.5 59.5 59.5 0 
59.5 59.5 59.5 59.5 59.5 59.5 59.5 59.5 0 
59.5 59.5 59.5 59.5 59.5 59.5 59.5 59.5 59.5 59.5 59.5 59.5 59.5 59.5 59.5 0 
59.5 59.5 59.5 59.5 59.5 59.5 59.5 59.5 59.5 59.5 59.5 59.5 59.5 59.5 59.5 59.5 59.5 59.5 59.5 59.5 59.5 59.5 59.5 59.5 59.5 59.5 59.5 59.5 59.5 59.5 0 
59.5 59.5 59.5 59.5 59.5 59.5 59.5 59 59 59 59 59 59.5 59.5 59.5 59.5 59.5 59.5 59.5 59.5 59.5 59.5 59.5 59.5 59.5 0 
59.5 59.5 59.5 59.5 59.5 59.5 0 
59.5 59.5 59.5 59.5 59.5 59.5 59.5 59.5 59.5 59.5 59.5 59.5 59.5 59.5 59.5 59.5 59.5 59.5 59.5 59.5 59.5 59.5 59.5 59.5 59.5 59.5 59.5 59.5 0 
59.5 59.5 59.5 59.5 59.5 59.5 59.5 59.5 59.5 59.5 59.5 59.5 59.5 59.5 59.5 59.5 59.5 59.5 59.5 59.5 59.5 59.5 59.5 59.5 59.5 59.5 59.5 59.5 59.5 59.5 59.5 59.5 59.5 59.5 59.5 59.5 59.5 59.5 59.5 59.5 59.5 59.5 0 
59.5 59.5 59.5 59.5 59.5 59.5 59.5 59.5 59.5 59.5 59.5 59.5 59.5 59.5 59.5 0 
59.5 59.5 59.5 59.5 59.5 59.5 59.5 59.5 59.5 59.5 59.5 59.5 59.5 59.5 59.5 59.5 59.5 59.5 59.5 59.5 59.5 59.5 59.5 59.5 59.5 59.5 59.5 59.5 59.5 59.5 59.5 59.5 59.5 59.5 59.5 59.5 59.5 59.5 0 
59.5 59.5 59.5 59.5 59.5 59.5 59.5 59.5 59.5 59.5 59.5 59.5 59.5 59.5 59.5 59.5 59.5 0 
59.5 59.5 59.5 59.5 59.5 59.5 59.5 59.5 59.5 59.5 59.5 59.5 59.5 59.5 59.5 59.5 59.5 59.5 59.5 59.5 59.5 59.5 59.5 59.5 59.5 59.5 59.5 59.5 0 
59.5 59.5 59.5 59.5 59.5 59.5 59.5 59.5 59.5 0 
59.5 59.5 59.5 59.5 59.5 59.5 59.5 59.5 59.5 59.5 59.5 59.5 59.5 59.5 59.5 59.5 59.5 59.5 59.5 59.5 59.5 59.5 59.5 59.5 59.5 59.5 59.5 59.5 59.5 59.5 59.5 59.5 59.5 59.5 59.5 59.5 59.5 59.5 59.5 59.5 59.5 59.5 59.5 59.5 59.5 59.5 59.5 59.5 59.5 59.5 59.5 59.5 59.5 59.5 59.5 0 
59.5 59.5 59.5 59.5 59.5 59.5 59.5 59.5 59.5 59.5 59.5 59.5 59.5 59.5 59.5 59.5 59.5 59.5 59.5 59.5 59.5 59.5 59.5 59.5 59.5 59.5 59.5 59.5 59.5 59.5 59.5 59.5 59.5 59.5 59.5 59.5 59.5 59.5 59.5 59.5 59.5 59.5 59.5 59.5 59.5 59.5 59.5 59.5 59.5 59.5 59.5 59.5 59.5 59.5 59.5 59.5 59 59 59 59 59 0 
59.5 59.5 59.5 59.5 59.5 59.5 59.5 59 59 0 
59.5 59.5 59.5 59.5 59.5 59.5 59.5 59.5 59.5 59.5 59.5 59.5 59.5 59.5 59.5 59.5 59.5 59.5 59.5 59.5 59.5 59.5 59.5 0 
59.5 59.5 59.5 59.5 59.5 59.5 59.5 59.5 59.5 59.5 59.5 59.5 59.5 59.5 59.5 59.5 0 
59.5 59.5 59.5 59.5 59.5 59.5 59.5 59.5 59.5 59.5 59.5 59.5 59.5 59.5 59.5 59.5 59.5 59.5 59.5 59.5 59.5 59.5 59.5 0 
59.5 59.5 59.5 59.5 59.5 59.5 59.5 59.5 59.5 60 59.5 59.5 59.5 59.5 59.5 59.5 59.5 59.5 59.5 59.5 59.5 59.5 0 
59.5 59.5 59.5 59.5 59.5 59.5 59.5 59.5 59.5 0 
59.5 59.5 59.5 59.5 59.5 59.5 59.5 59.5 59.5 59.5 59.5 59.5 59.5 59.5 59.5 59.5 59.5 59.5 59.5 59.5 59.5 59.5 59.5 59.5 59.5 59.5 59.5 59.5 59.5 59.5 59.5 59.5 59.5 59.5 0 
59.5 59.5 59.5 59.5 59.5 59.5 59.5 59.5 59.5 59.5 59.5 59.5 59.5 59.5 59.5 59.5 59.5 59.5 59.5 59.5 59.5 59.5 59.5 59.5 59.5 59.5 59.5 59.5 59.5 59.5 59.5 59.5 59.5 59.5 59.5 59.5 59.5 59.5 59.5 59.5 59.5 0 
59.5 59.5 59.5 59.5 59.5 59.5 59.5 59.5 59.5 59.5 59.5 59.5 59.5 59.5 59.5 59.5 59.5 59.5 59.5 59.5 59.5 59.5 59.5 59.5 59.5 59.5 59.5 0 
59.5 59.5 59.5 59.5 59.5 59.5 59.5 59.5 59.5 59.5 59.5 59.5 59.5 59.5 59.5 59.5 0 
59.5 59.5 59.5 59.5 59.5 59.5 59.5 59.5 59.5 59.5 59.5 59.5 59.5 59.5 59.5 59.5 59.5 59.5 59.5 59.5 59.5 60 59.5 59.5 59.5 59.5 59.5 59.5 59.5 59.5 59.5 59.5 59.5 59.5 59.5 59.5 59.5 59.5 0 
59.5 59.5 59.5 59.5 59.5 59.5 59.5 59.5 59.5 59.5 59.5 59.5 59.5 59.5 59 59 59.5 0 
59.5 59.5 59.5 59.5 59.5 59.5 59.5 59.5 59.5 59.5 59.5 59.5 59.5 59.5 59.5 59.5 59.5 59.5 59.5 59.5 59.5 59.5 59.5 59.5 59.5 59.5 59.5 59.5 59.5 59.5 59.5 59.5 59.5 59.5 59.5 59.5 59 59 59 59.5 59.5 59.5 59.5 59.5 59.5 59.5 59.5 59.5 59.5 59.5 59.5 59.5 59.5 0 
59.5 59.5 59.5 59.5 59.5 59.5 59.5 59.5 59.5 59.5 59.5 59.5 59.5 59.5 59.5 59.5 59.5 59.5 59 59 59 59 59 59 0 
59.5 59.5 59.5 59.5 59.5 59.5 59.5 59.5 59.5 59.5 0 
59.5 59.5 59.5 59.5 59.5 59.5 59.5 59.5 59.5 59.5 59.5 59.5 59.5 59.5 59.5 59.5 59.5 0 
59.5 59.5 59.5 59.5 59.5 59.5 59.5 59 59 59 59.5 59.5 59.5 59.5 59.5 0 
59.5 59.5 59.5 59.5 59.5 59.5 59.5 59.5 59.5 59.5 59.5 59.5 59.5 59.5 59.5 59.5 59.5 59.5 59.5 59.5 59.5 59.5 59.5 59.5 59.5 59.5 59.5 59.5 59.5 59.5 59.5 59.5 59.5 59.5 59.5 59.5 59.5 59.5 59.5 59.5 59.5 59.5 59.5 59.5 59.5 59.5 59.5 59.5 59.5 59.5 59.5 59.5 59.5 59.5 59.5 59.5 59.5 59.5 0 
59.5 59.5 59.5 59.5 59.5 59.5 59.5 59.5 59.5 59.5 59.5 59.5 59.5 59.5 59.5 59.5 59.5 59.5 59.5 59.5 59.5 59.5 59.5 59.5 59.5 59.5 59.5 59.5 59.5 59.5 59.5 0 
59.5 59.5 59.5 59.5 59.5 59.5 59.5 59.5 59.5 59.5 59.5 0 
59.5 59.5 59.5 59.5 59.5 59.5 59.5 59.5 59.5 59.5 59.5 59.5 59.5 59.5 59.5 59.5 59.5 59.5 59.5 59.5 59.5 59.5 59.5 0 
59.5 59.5 59.5 59.5 59.5 59.5 59.5 59.5 59.5 59.5 59.5 59.5 59.5 59.5 59.5 59.5 59.5 59.5 59.5 59.5 59.5 59.5 59.5 59.5 59.5 0 
59.5 59.5 59.5 59.5 59.5 59.5 59.5 59.5 59.5 59.5 59.5 59.5 59.5 59.5 59.5 59.5 59.5 59.5 59.5 59.5 59.5 59.5 59.5 59.5 59.5 59.5 59.5 59.5 59.5 59.5 59.5 59.5 59.5 59.5 59.5 59.5 59.5 59.5 59.5 59.5 59.5 59.5 59.5 59.5 0 
59.5 59.5 59.5 59.5 59.5 59.5 59.5 59.5 59.5 59.5 59.5 59.5 59.5 59.5 59.5 59.5 59.5 59.5 0 
59.5 59.5 59.5 59.5 59.5 59.5 59.5 59 59 59 59 59 59 59 59.5 59.5 59.5 59.5 59.5 59.5 59.5 59.5 59.5 59.5 59.5 59.5 59.5 59.5 59.5 59.5 59.5 59.5 59.5 59.5 59.5 59.5 0 
59.5 59.5 59.5 59.5 59.5 59.5 59.5 59.5 59.5 59.5 59.5 59.5 59.5 59.5 59.5 59.5 59.5 59.5 59.5 59.5 59.5 59.5 59.5 59 59 0 
59.5 59.5 59.5 59.5 59.5 59.5 59.5 59.5 59.5 59.5 59.5 59.5 59.5 59.5 59.5 59.5 59.5 59.5 59.5 59.5 59.5 59.5 59.5 59.5 59.5 59.5 59.5 59.5 59.5 59.5 59.5 59.5 59.5 59.5 59.5 59.5 59.5 59.5 59.5 59.5 59.5 59.5 0 
59.5 59.5 59.5 59.5 59.5 59.5 59.5 59.5 59.5 59.5 59.5 59.5 59.5 59 59.5 59.5 59.5 59.5 59.5 59.5 59.5 59.5 59.5 59.5 59.5 59.5 59.5 59.5 59.5 59.5 59.5 59.5 59.5 59.5 59.5 59.5 0 
59.5 59.5 59.5 59.5 59.5 59.5 59.5 59.5 59.5 59.5 59.5 59.5 59.5 59.5 59.5 59.5 59.5 59.5 59.5 59.5 59.5 59.5 59.5 0 
59.5 59.5 59.5 59.5 59.5 59.5 59.5 59.5 59.5 59.5 59.5 59.5 59.5 59.5 59.5 59.5 59.5 59.5 59.5 59.5 59.5 59.5 59.5 59.5 59.5 59 59.5 59.5 59.5 0 
59.5 59.5 59.5 59.5 59.5 59.5 59.5 59.5 59.5 59.5 59.5 59.5 59.5 59.5 59.5 59.5 59.5 59.5 59.5 59.5 59.5 59.5 59.5 59.5 59.5 59.5 59.5 59.5 59.5 0 
59.5 59.5 59.5 59.5 59.5 59.5 59.5 59.5 59.5 59.5 59.5 59.5 59.5 0 
59.5 59.5 59.5 59.5 59.5 59.5 59.5 59.5 59.5 59.5 59.5 59.5 59.5 59.5 59.5 59.5 59.5 59.5 59.5 59.5 0 
59.5 59.5 59.5 59.5 59.5 59.5 59.5 59.5 59.5 59.5 59.5 59.5 59.5 59.5 59.5 59.5 59.5 59.5 59.5 59.5 59.5 59.5 59.5 59.5 59.5 59.5 59.5 59.5 59.5 59.5 59.5 59.5 59.5 59.5 59.5 59.5 59.5 59.5 59.5 59.5 59.5 59.5 59.5 59.5 59.5 59.5 59.5 59.5 0 
59.5 59.5 59.5 59.5 59.5 59.5 59.5 59.5 59.5 59.5 59.5 59.5 59.5 59.5 59.5 59.5 59.5 59.5 59.5 59.5 59.5 59.5 59.5 59.5 59.5 59.5 59.5 59.5 59.5 59.5 59.5 59.5 59.5 59.5 59.5 59.5 59.5 59.5 59.5 59.5 59.5 59.5 59.5 59.5 59.5 59.5 59.5 0 
59.5 59.5 59.5 59.5 59.5 59.5 59.5 59.5 59.5 59.5 59.5 59.5 0 
59.5 59.5 59.5 59.5 59.5 59.5 59.5 59.5 59.5 59.5 59.5 59.5 59.5 59.5 59.5 59.5 59.5 59.5 59.5 59.5 59.5 59.5 59.5 59.5 0 
59.5 59.5 59.5 59.5 59.5 59.5 59.5 59 59 59.5 59.5 59.5 59.5 59.5 59.5 59.5 59.5 59.5 0 
59.5 59.5 59.5 59.5 59.5 59.5 59.5 59.5 59.5 59.5 59.5 59.5 59.5 59.5 59.5 59.5 59.5 59.5 59.5 59.5 59.5 59.5 59.5 59.5 59.5 59.5 59.5 59.5 59.5 59.5 59.5 59.5 59.5 59.5 59.5 59.5 59.5 59.5 59.5 0 
59.5 59.5 59.5 59.5 59.5 59.5 59.5 59.5 59.5 59.5 59.5 59.5 59.5 59.5 59.5 59.5 59.5 59.5 59.5 0 
59.5 59.5 59.5 59.5 59.5 59.5 59.5 59.5 59.5 59.5 59.5 59.5 59.5 59.5 59.5 59.5 59.5 59.5 59.5 59.5 59.5 59.5 59.5 0 
59.5 59.5 59.5 59.5 59.5 59.5 59.5 59.5 59.5 59.5 59 59.5 59.5 59.5 59.5 59.5 59.5 0 
59.5 59.5 59.5 59.5 0 
59.5 59.5 59.5 59.5 59.5 59.5 59.5 59.5 59.5 59.5 59.5 59.5 59.5 59.5 59.5 59.5 59.5 59.5 59.5 59.5 59.5 59.5 59.5 59.5 59.5 59.5 59.5 59.5 59.5 59.5 59.5 59.5 59.5 59.5 0 
59.5 59.5 59.5 59.5 59.5 59.5 59.5 59.5 59.5 59.5 59.5 59.5 59.5 59.5 59.5 59.5 59.5 0 
59.5 59.5 59.5 59.5 59.5 59.5 59.5 59.5 59.5 59.5 59.5 59.5 59.5 59.5 59.5 59.5 59.5 59.5 59.5 59.5 59.5 59.5 59.5 59.5 59.5 59.5 59.5 59.5 59.5 59.5 59.5 59.5 59.5 59.5 59.5 59.5 59.5 59.5 59.5 59.5 59.5 0 
59.5 59.5 59.5 59.5 59.5 59.5 59.5 59.5 0 
59.5 59.5 59.5 59.5 59.5 59.5 59.5 59.5 59.5 59.5 59.5 59.5 59.5 59.5 59.5 59.5 59.5 59.5 59.5 59.5 59.5 59.5 59.5 59.5 59.5 59.5 59.5 59.5 59.5 59.5 59.5 59.5 0 
59.5 59.5 59.5 59.5 59.5 59.5 59.5 59.5 59.5 59.5 59.5 59.5 59.5 59.5 59.5 59.5 0 
59.5 59.5 59.5 59.5 59.5 59.5 59.5 59.5 59.5 59.5 59.5 59.5 59.5 59.5 59.5 59.5 59.5 59.5 59.5 59.5 59.5 59.5 59.5 59.5 59.5 59.5 59.5 59.5 59.5 59.5 59.5 59.5 59.5 0 
59.5 59.5 59.5 59.5 59.5 59.5 59.5 59.5 59.5 59.5 59.5 59.5 59 59 59 59 59.5 59.5 59.5 59.5 59.5 59.5 59.5 59.5 59.5 59.5 59.5 59.5 0 
59.5 59.5 59.5 59.5 59.5 59.5 59.5 59.5 59.5 59.5 59.5 59.5 59.5 59.5 59.5 59.5 59.5 59.5 59.5 59.5 59.5 0 
59.5 59.5 59.5 59.5 59.5 59.5 59.5 59.5 59.5 59.5 0 
59.5 59.5 59.5 59.5 59.5 59.5 59.5 59.5 59.5 59.5 59.5 59.5 59.5 59.5 59.5 59.5 59.5 59.5 59.5 59.5 59.5 59.5 59.5 59.5 59.5 59.5 59.5 0 
