59.5076 56.8236 55.1445 53.7758 52.2757 52.551 50.1744 49.6361 49.6258 49.4162 0 
59.5102 60.1073 57.9923 56.9353 58.3191 57.4714 54.7609 51.9856 49.469 0 
59.4944 56.0023 50.4915 52.1254 53.3223 51.9781 51.6487 50.1656 50.2824 50 0 
59.5016 56.8731 55.9439 50.6102 52.4847 52.0672 52.1387 51.5666 51.3071 49.9138 0 
59.5022 48.2334 47.7962 45.4527 48.8529 49.6368 49.8401 50.1661 49.3275 49.7486 0 
59.4945 54.506 50.7142 51.6287 52.0446 49.576 49.1444 47.9384 48.1977 48.5422 0 
59.4872 61.2504 57.0612 62.6102 56.7094 57.0205 52.7375 51.6448 50.9239 49.3128 0 
59.4788 63.5867 53.6292 52.4667 50.4463 50.8324 49.8228 49.7245 0 
59.4595 53.836 51.3822 49.347 50.2079 49.7231 49.7398 49.2733 48.7991 47.4588 0 
59.4879 57.8866 51.2265 53.1883 52.7994 50.8163 50.7746 49.8235 49.3224 49.1427 0 
59.5006 54.2515 50.0956 48.4109 48.8629 48.6897 45.9349 47.5215 47.3448 47.9671 0 
59.5021 59.3649 58.4122 55.489 53.1942 49.9643 48.4352 48.1691 49.3325 0 
59.5028 55.2423 56.5977 51.982 50.5462 49.7485 50.8645 50.7381 49.9791 50.077 0 
59.5015 54.4156 48.3764 46.0961 45.6741 44.5852 43.9855 45.6012 46.7956 0 
59.495 56.6278 56.7404 57.4416 55.7496 56.2679 56.2307 53.1034 49.5576 49.2231 0 
59.4843 57.7375 58.7449 51.4346 51.0333 52.1135 50.6203 50.6667 50.8471 50.9462 0 
59.4949 55.8152 51.3264 48.6364 47.0054 45.1623 45.0117 0 
59.4824 55.7973 55.4917 51.6103 51.1283 50.8985 50.8547 50.3312 48.6964 47.4945 0 
59.4821 55.7724 53.1855 52.0904 52.2643 51.6464 52.1591 49.5231 0 
59.4961 53.9057 51.0612 47.4806 47.8448 45.8921 45.0761 45.7277 0 
59.476 60.8426 59.1647 52.6037 49.4044 52.4613 51.673 48.6063 49.0409 50.115 0 
59.4861 58.3376 56.2072 51.5823 49.011 51.0541 50.497 49.9668 49.7123 50.0014 0 
59.4973 53.898 53.7296 49.7372 53.3992 54.2508 53.3989 52.3392 52.0891 51.7776 0 
59.5006 59.8968 61.8284 56.5931 53.8066 53.1448 52.2192 52.0772 50.3384 51.011 0 
59.4989 57.667 56.4329 52.7632 50.207 53.9522 52.7198 52.0585 50.6584 47.9451 0 
59.5082 56.439 52.1482 53.7555 51.3358 51.338 52.1179 52.0474 49.754 48.7015 0 
59.5029 54.2193 50.3351 52.3401 48.8341 48.3246 46.9184 46.7579 0 
59.4705 53.1505 52.4771 49.7315 51.0877 51.5225 51.0169 51.1054 49.6044 0 
59.4912 55.9713 57.181 55.6217 56.2045 52.3648 52.88 48.9903 49.2577 49.967 0 
59.4864 55.2098 51.0904 52.5437 52.4462 52.2398 52.5974 50.8538 50.658 0 
59.5152 49.9291 50.7143 50.7314 49.4839 51.5288 50.6279 50.6723 49.5778 49.7801 0 
59.4996 61.2162 56.6714 53.3399 54.2111 50.9354 48.0356 48.8349 49.7014 50.956 0 
59.5279 53.6673 54.2062 52.0728 49.6955 50.765 49.9544 47.594 48.9137 0 
59.4941 56.9258 54.4025 52.1025 50.4226 51.9715 48.6502 48.7829 48.0969 49.3761 0 
59.5 53.0784 51.7948 49.901 50.4358 49.8136 50.403 50.96 50.6144 49.0769 0 
59.4927 56.4682 56.6989 55.4931 54.878 51.673 52.5971 51.96 50.3735 0 
59.509 57.2803 52.6592 48.379 46.2936 47.157 47.6934 48.5637 48.445 49.2981 0 
59.469 61.9531 59.0377 55.1144 52.1957 49.9168 47.0859 47.2883 47.3581 47.3847 0 
59.4981 54.7234 54.8185 53.6887 52.5606 53.8879 52.8481 50.8902 49.6692 0 
59.5081 57.5074 56.1818 50.4847 49.344 48.39 47.8426 47.4246 48.2859 48.0985 0 
59.5095 61.9947 54.3153 50.1144 50.2123 50.4484 50.2049 48.4761 48.3184 49.6222 0 
59.498 52.7427 51.1308 49.5113 48.7176 48.2127 47.4842 47.9923 48.9637 49.2747 0 
59.4887 54.2471 52.1522 53.7584 54.2877 51.2098 51.9419 51.2648 49.9935 49.7549 0 
59.4828 50.9188 46.443 48.8544 52.3823 53.4559 51.6489 50.6468 50.0414 49.3956 0 
59.4643 54.2615 48.3202 50.0984 48.3924 47.9059 47.1747 46.0475 0 
59.4998 60.769 53.2608 51.0607 49.661 49.4111 49.2159 48.9765 48.3208 49.3735 0 
59.4935 51.1546 51.2233 51.0465 49.4726 47.3089 46.9628 45.7796 46.9651 48.1077 0 
59.4959 53.2935 49.4482 52.0292 51.9302 51.2473 48.3367 48.9385 48.5904 48.9032 0 
59.4895 53.1423 51.9934 50.5782 47.5467 46.8293 47.1275 0 
59.4922 53.4071 53.234 52.3463 50.8045 49.7313 49.6869 49.6129 48.094 46.989 0 
59.4898 57.4968 51.9774 51.2822 50.5876 51.1357 49.6422 50.735 49.7691 50.2857 0 
59.4805 56.2026 53.2563 48.7014 48.6045 49.4146 49.4001 47.1846 49.3087 0 
59.4964 56.7848 52.6629 53.814 53.1885 52.2861 49.6278 48.3197 49.8957 0 
59.515 53.4843 52.1236 52.8047 52.6516 50.7767 49.2667 49.1268 48.8643 47.9781 0 
59.513 54.1935 49.3114 47.4526 49.7254 49.0999 47.8428 48.3203 49.8654 49.7914 0 
59.4648 56.5369 56.0572 52.5627 52.2214 51.0842 49.4516 49.5795 47.5633 48.5264 0 
59.477 58.2628 55.6861 54.522 51.7834 52.3199 48.9558 46.8401 48.1928 48.4396 0 
59.501 57.4088 55.7299 53.5767 52.8583 53.7696 53.3671 50.6499 50.1839 49.1052 0 
59.4883 54.2291 57.4947 54.0903 53.8654 53.3166 54.1514 50.6082 49.4909 49.3956 0 
59.488 49.4708 48.9112 48.1961 48.5067 48.4876 50.9648 50.1571 49.2117 49.5714 0 
59.4775 55.9706 50.4512 49.2729 47.1851 48.4843 48.192 49.8293 49.1621 49.6923 0 
59.4914 50.7948 51.5881 50.9956 50.0995 49.9975 48.444 48.2105 48.6652 48.2984 0 
59.5002 52.6358 46.0383 47.7905 45.637 45.6007 47.2625 47.8765 49.566 0 
59.5033 55.1728 53.366 52.6844 49.6845 46.8342 48.0012 48.851 49.0458 49.8678 0 
59.5087 55.5183 52.0983 46.9411 47.5193 47.4192 48.9211 49.4929 47.9171 48.9013 0 
59.5077 55.4541 55.67 54.4204 54.3913 51.8751 52.4056 51.5852 50.6173 49.5274 0 
59.4882 62.0452 58.2049 56.3302 52.0227 51.2283 50.2471 50.3314 49.3377 49.6129 0 
59.5043 54.9058 51.8694 49.5015 50.9821 49.0659 49.5029 49.1421 48.6222 48.8912 0 
59.5411 52.3093 54.2652 54.6971 51.2303 51.0446 48.2884 49.8293 49.285 49.0397 0 
59.4855 51.825 45.543 45.8888 45.7457 45.174 44.3301 0 
59.486 54.0351 49.1878 52.8418 49.7284 49.0737 50.3399 51.6961 49.6372 49.9746 0 
59.5028 55.1372 51.9866 53.6717 51.4843 49.7546 49.8117 0 
59.4911 58.2114 52.6361 52.2648 50.8345 52.1668 49.1283 48.6062 49.1254 0 
59.4875 53.1944 51.6361 52.4477 49.744 49.3245 48.8515 47.9763 48.8909 49.1319 0 
59.5036 53.6714 51.6767 50.9064 52.1401 50.6585 48.71 48.6185 49.1881 49.2713 0 
59.4737 55.226 56.6231 55.3206 51.0474 50.8575 50.6651 49.9806 48.2786 48.6533 0 
59.4593 49.6536 50.0881 49.5026 49.5634 49.1808 48.9947 50.8598 50.558 49.5293 0 
59.4858 58.3922 57.669 54.8709 53.7889 54.3071 51.7415 52.8494 52.0067 50.3879 0 
59.4867 59.1595 54.5434 55.3579 54.2421 53.0743 50.3879 48.7902 48.8396 0 
59.4706 54.3299 58.6106 59.1891 54.2108 50.9478 50.478 49.6663 48.6624 0 
59.4999 54.5781 55.4874 52.2372 52.2375 53.0222 50.6712 49.4959 49.5608 48.7151 0 
59.5095 57.8861 52.202 51.6135 51.2344 49.3964 47.977 46.6901 47.963 0 
59.4999 57.4904 52.4199 50.6541 51.4423 50.7043 50.1298 50.3305 49.9702 48.4756 0 
59.5015 57.4336 53.6463 52.668 53.3627 51.1126 50.1177 50.557 48.3581 48.2418 0 
59.4942 55.3568 55.1793 52.189 51.1778 51.2094 52.233 52.6654 51.0998 49.6495 0 
59.4465 58.2718 55.1249 50.9589 51.1091 51.7576 51.242 50.2273 51.2294 48.4419 0 
59.5081 57.1731 57.2791 56.6884 54.5166 52.3632 50.941 49.8081 50.3295 49.8025 0 
59.4991 55.6988 50.878 50.7661 50.5867 50.5973 48.8557 49.2604 50.0241 49.6813 0 
59.5041 51.2666 49.7941 50.4857 48.2351 49.5489 51.2405 51.3475 50.4968 51.5156 0 
59.4939 52.1553 56.2384 54.9696 49.9434 49.1056 46.6399 49.0389 49.3219 49.1439 0 
59.4965 53.1938 45.9193 48.971 47.9578 51.2941 51.301 50.1334 51.2775 0 
59.4801 56.9781 52.5986 50.6543 51.437 49.0214 48.9229 48.6595 48.5421 48.6688 0 
59.4846 58.2836 54.0487 52.0893 52.1408 51.5907 50.5813 49.7342 49.7314 48.1758 0 
59.4929 59.8386 54.5697 53.5473 51.3638 51.9036 52.5471 52.6133 51.0843 0 
59.5123 62.491 59.7412 57.5263 55.5188 51.9238 52.8336 50.7864 50.063 49.1531 0 
59.4914 53.8597 54.7519 50.9016 47.1753 47.9413 48.2375 48.7737 49.1413 48.4521 0 
59.4836 49.632 54.3792 54.8273 50.6497 47.7735 46.7374 50.0532 50.3853 49.8901 0 
59.5093 50.0613 49.4437 45.4428 46.5884 46.5126 44.7904 46.1127 47.5391 48.3334 0 
59.4705 53.6541 52.5342 51.1576 49.4321 51.4477 50.7951 51.7347 49.6014 51.6776 0 
59.4946 56.9548 53.7855 49.9888 49.539 50.8508 49.8099 49.3152 49.1403 49.4762 0 
59.505 53.6325 51.7858 46.2186 45.8564 47.0571 48.5948 48.5541 48.6201 0 
59.4942 50.603 50.6673 51.4472 50.6763 51.7597 51.5939 49.7062 50.7881 0 
59.5223 55.8152 49.7934 52.2693 50.3651 52.111 52.9889 51.3707 50.3107 0 
59.5004 57.5132 54.3279 51.1903 51.3607 49.5498 49.1266 49.6591 48.4714 48.0295 0 
59.4814 61.5358 60.878 58.3066 56.364 56.5465 53.1102 51.5542 49.8272 0 
59.499 59.7654 51.5118 51.6319 51.5035 50.202 51.8715 50.7048 50.9336 50.4625 0 
59.4808 57.1689 56.2722 55.5942 56.0352 53.3902 50.9834 50.5379 48.8144 48.3842 0 
59.4738 56.9091 55.2758 55.1669 54.7389 52.415 51.4828 50.1111 49.5685 48.5721 0 
59.5549 63.0628 55.6062 54.6785 55.639 52.5485 53.5654 51.3283 50.1348 48.7253 0 
59.4602 52.5759 55.6941 53.1762 51.6135 48.7722 49.7552 49.4139 48.3851 49.457 0 
59.5028 60.4483 61.7831 57.5486 56.3429 54.1536 53.1861 53.7519 52.305 49.5763 0 
59.4984 53.8147 53.1327 51.851 54.3018 54.2331 53.8673 51.6086 50.3001 50.3544 0 
59.4896 54.3637 53.9878 52.2489 52.6221 49.6005 51.4922 48.5075 48.4991 48.275 0 
59.495 59.4518 58.3332 54.8816 52.6404 50.3273 50.4423 47.5896 48.1351 48.5457 0 
59.4898 54.6537 49.9084 52.0727 50.1781 49.0623 50.9778 50.6203 0 
59.4908 57.6992 55.2975 51.1853 51.8849 50.4429 49.4879 49.5664 50.9531 50.2984 0 
59.5058 55.6107 53.7027 57.253 54.0104 54.6315 52.9236 51.5703 50.0618 50.8462 0 
59.4807 57.5268 56.6188 57.083 54.1217 54.6848 52.7497 52.4487 50.4492 49.427 0 
59.5205 58.2801 52.4932 51.8943 49.5024 48.8481 48.5148 49.247 49.7231 49.5494 0 
59.5017 56.632 58.474 53.6719 50.8001 49.1186 51.9489 50.2178 50.1704 49.4872 0 
59.4986 52.7695 50.9934 46.6728 45.87 45.4772 47.792 48.3493 48.8463 48.2641 0 
59.5077 49.3912 49.5111 52.148 50.7141 47.4592 49.0116 49.076 49.1446 0 
59.4956 55.9802 56.4207 51.2615 53.6697 52.6751 51.2491 50.321 50.7955 0 
59.5104 56.8578 56.6999 53.1571 52.5959 51.0081 52.652 51.97 51.4895 50.0644 0 
59.5007 60.1837 55.2043 52.6011 51.2592 52.2179 51.3338 50.965 52.5667 51.1502 0 
59.5129 60.2813 59.853 58.1169 54.7132 55.1371 52.3523 52.2329 49.0939 0 
59.4987 56.3948 56.3188 58.9069 56.5047 54.4773 54.9036 52.662 50.4938 48.8022 0 
59.4877 53.2481 48.5749 48.8909 49.841 50.027 48.7142 48.8006 50.0715 49.5072 0 
59.5196 55.6786 53.2344 51.0588 54.7649 51.685 51.9309 50.8864 51.1983 50.9159 0 
59.5115 57.8524 62.1259 57.5204 56.5762 53.5754 52.6491 50.7786 48.8548 49.2878 0 
59.5105 54.3727 51.3859 49.1168 51.0956 50.0166 0 
59.5164 60.5816 55.7442 54.9897 52.8273 50.8334 48.3977 48.1793 0 
59.5249 54.1669 51.2584 51.6866 49.9645 46.9197 44.9722 44.8175 46.889 0 
59.5082 54.7521 51.854 49.8936 51.319 52.3252 54.0708 52.1101 51.7575 49.7484 0 
59.503 54.0258 53.8804 51.818 52.4654 51.7158 49.6065 47.7465 49.0678 48.4308 0 
59.5058 56.8879 59.4756 59.0076 58.4247 55.3334 52.7302 52.8358 50.9039 48.6774 0 
59.4976 50.9246 51.3269 48.9249 50.182 50.1216 49.6069 48.3279 48.3976 48.956 0 
59.4837 55.3027 53.4595 53.0682 53.4614 52.6082 51.1724 50.3175 50.5589 49.4652 0 
59.4938 58.6772 58.3289 60.2787 57.8771 57.2673 55.1547 52.3766 51.2069 49.2857 0 
59.4823 58.5083 54.7122 50.6511 48.5591 46.5163 46.4534 47.3006 47.472 48.942 0 
59.5007 51.1786 48.6008 47.0804 50.9597 49.5798 49.7724 47.9692 48.2306 49.8006 0 
59.5194 56.3105 52.493 49.3994 48.773 49.7286 48.85 50.2454 48.8427 49.1786 0 
59.5046 59.1445 61.1047 59.2571 55.746 56.0341 54.0455 50.6831 50.2312 50.4011 0 
59.4957 55.7825 53.7989 50.8176 49.0185 47.764 49.6865 47.2887 48.4188 48.6335 0 
59.4974 52.9668 53.5442 52.1863 53.2692 53.9297 51.2973 50.096 49.8502 49.5949 0 
59.5001 53.9836 52.8332 50.138 51.3404 51.031 49.3153 49.9458 48.4796 49.9186 0 
59.4793 50.8386 55.0587 52.0459 52.9601 52.4171 52.6526 51.5068 48.7851 48.2355 0 
59.5133 55.8555 56.4542 56.6094 54.0849 52.1149 51.856 51.6103 49.9531 49.11 0 
59.5077 54.6593 50.032 49.6528 46.4937 45.6093 44.7163 47.1039 47.2841 0 
59.4955 55.4171 52.0872 50.7336 52.2221 48.8823 48.0481 47.8697 48.382 48.2858 0 
59.5019 50.9795 52.07 52.5379 52.9786 53.7921 52.4756 49.4654 0 
59.4917 51.9513 52.8026 50.6238 47.8119 47.3625 47.6155 48.4688 0 
59.4883 58.2529 57.7123 53.9905 50.482 49.5763 49.2141 47.558 47.8056 48.3904 0 
59.4891 54.7312 52.6019 48.3112 48.3947 48.5734 47.7989 48.2198 49.3413 49.1206 0 
59.488 51.8946 49.5047 50.5507 49.7808 49.1453 49.5969 50.5416 50.123 49.9997 0 
59.5101 58.6451 58.5301 56.8548 53.4181 53.0553 51.9367 0 
59.505 54.7741 53.2346 54.0798 52.4533 51.6806 51.7496 51.1467 51.4301 51.5347 0 
59.4957 59.4992 56.3627 52.462 48.7615 46.8852 48.6567 48.5584 48.6264 49.0752 0 
59.509 57.2469 56.6041 55.2807 52.6219 51.5287 49.4828 48.7606 48.8514 49.8681 0 
59.5262 58.8738 60.1587 59.4913 57.8954 55.0189 53.5258 53.3243 50.8273 0 
59.487 57.6913 51.8371 50.8444 51.9876 51.6534 51.971 50.5928 49.3559 49.3843 0 
59.4886 58.8775 56.394 55.1425 53.8361 52.1963 51.7171 51.1449 49.8343 0 
59.4783 57.7511 55.3775 57.4918 55.8887 53.7464 51.0867 48.3194 49.6243 49.0967 0 
59.4783 53.1913 51.1835 49.2058 47.0522 48.0322 50.8728 0 
59.4944 56.3383 52.1421 53.3551 50.8482 51.2811 51.5696 50.7068 50.0755 48.5051 0 
59.4857 57.3753 58.5798 57.3011 54.9537 52.4811 50.5184 49.3405 49.7123 49.585 0 
59.4893 53.638 48.49 49.5305 51.9385 50.7502 48.7606 48.8948 49.408 48.5385 0 
59.4755 56.8546 52.6004 51.856 52.0581 52.3452 53.3062 49.5447 50.3408 50.4926 0 
59.4921 60.4336 56.2548 55.9641 54.4638 52.5471 50.7496 48.1726 48.3849 49.3407 0 
59.5022 55.1895 56.0824 52.4066 53.1804 53.6161 52.7074 53.4021 52.4828 50.2442 0 
59.5046 54.7476 49.9684 46.9089 48.2701 48.0884 48.182 49.3539 48.5609 0 
59.525 54.4605 53.5219 52.3372 51.9889 50.1368 51.9016 51.4051 49.9694 49.3979 0 
59.5031 60.3948 56.7503 55.2276 52.8143 52.3008 50.9525 50.3418 0 
59.4891 52.6607 54.2211 53.4561 53.9323 54.6989 53.3741 51.3564 51.4596 49.5275 0 
59.4932 56.8572 53.2944 53.5305 49.3309 51.4221 50.9427 51.1914 50.6374 48.5826 0 
59.4747 60.9263 59.2956 54.3634 52.1022 49.8561 48.105 49.5655 48.8742 49.7251 0 
59.4827 51.7556 48.9872 50.9698 51.6826 52.4079 51.5141 51.1318 50.6374 49.2491 0 
59.4869 56.7356 53.0273 53.1468 54.1227 55.0851 53.3243 50.9423 50.3932 49.0111 0 
59.5037 55.2955 50.0347 48.2336 48.199 45.7768 47.091 48.015 49.271 0 
59.4867 60.3686 59.1946 56.6074 53.6915 52.4595 51.3678 51.8976 48.4359 0 
59.4809 60.714 60.9801 59.6463 55.5005 55.7588 52.7988 53.3142 51.0362 0 
59.503 56.549 53.1571 49.9137 46.383 49.3325 49.8365 0 
59.4933 53.2792 52.409 52.3314 49.3181 50.3744 49.0654 48.4305 47.573 0 
59.4909 57.2619 57.4723 53.5098 50.2853 49.7306 49.5344 48.4686 49.0614 0 
59.4817 56.2268 54.7338 55.9999 53.7646 51.5427 50.5075 50.0247 49.7174 49.9129 0 
59.4947 55.2281 55.0063 52.6034 51.3478 49.5739 48.3025 50.1119 49.3198 49.4097 0 
59.4669 56.0704 57.1379 57.9006 55.5154 53.2661 53.9301 51.6505 51.5612 50.3623 0 
59.5006 56.5796 52.6949 49.68 49.4612 51.646 50.9542 50.4966 51.0051 50.9247 0 
59.5013 59.6422 61.1124 58.6226 56.2204 52.1126 49.8028 46.8901 48.1937 48.3192 0 
59.4882 56.9633 53.3919 49.2164 47.2518 48.0257 45.9002 46.9883 47.5424 48.2048 0 
59.4861 55.9618 52.6068 53.671 50.3088 50.9979 51.0446 49.6687 49.1874 0 
59.4962 56.0722 54.5831 52.2292 49.7601 51.1164 49.348 48.4131 47.5916 48.5738 0 
59.4915 59.4194 57.5286 50.9344 51.5373 51.732 51.5113 52.2733 52.2056 50.2541 0 
59.471 56.2965 59.5208 57.2042 52.9204 51.9292 50.7363 51.6314 50.4363 50.8501 0 
59.5081 51.6899 51.7773 48.3023 50.9647 51.284 50.5906 49.988 49.9515 0 
59.5273 50.7106 55.9593 52.6714 52.4868 53.2047 49.363 47.7741 46.4217 47.8172 0 
59.5236 50.3851 50.7781 50.8911 50.5858 49.3151 48.394 49.2248 0 
59.5092 57.853 56.6477 53.7653 55.7468 49.9543 50.931 51.1633 0 
59.4957 51.7728 56.0723 55.4106 55.2358 56.4584 53.8814 53.0719 51.8137 50.1401 0 
59.5218 55.287 50.1736 51.0844 49.5903 50.2397 49.0465 46.862 47.927 47.991 0 
59.4875 58.2638 54.612 53.6389 51.8431 51.0543 50.9091 50.441 49.2107 49 0 
59.5029 57.4739 55.59 53.2334 48.6943 47.1226 47.5559 49.676 49.1796 49.3033 0 
59.5047 61.2468 60.3251 55.6912 53.8955 52.0482 50.8463 50.0395 48.0473 0 
59.4778 52.6543 57.0718 56.3791 55.6432 52.2359 51.6646 50.0312 50.2355 49.4529 0 
59.5036 55.6731 54.4662 53.0733 52.0935 51.9421 51.2158 50.9897 50.7443 50.2105 0 
59.5036 57.124 54.9255 49.3634 51.2882 51.1535 52.5199 50.8708 50.8191 50.6062 0 
59.4891 51.7826 53.31 51.7619 52.1872 49.2685 50.393 50.341 50.4019 49.4385 0 
59.4894 52.6488 53.7019 51.908 52.3782 48.2034 50.4368 49.9234 49.0723 49.0216 0 
59.4928 55.2754 52.6271 48.5218 49.4524 49.3504 46.7602 46.6898 46.9085 0 
59.4972 58.4211 54.7043 52.329 51.333 50.6069 51.5049 49.9071 49.3053 49 0 
59.5067 54.5563 57.3437 54.2965 51.3678 54.132 51.1332 0 
59.5032 57.5549 55.9729 55.1384 56.6151 55.9274 51.2214 48.614 50.1531 49.2238 0 
59.4853 57.312 54.7769 50.9971 50.5119 50.4901 47.7501 48.3315 48.8191 49.6002 0 
59.4766 52.0061 52.9026 48.1856 47.7767 47.6835 48.5498 47.3895 48.1694 47.9048 0 
59.5013 57.8827 54.8237 53.1179 52.2882 52.4606 51.4642 52.0956 50.9282 49.6865 0 
59.5152 59.341 57.6793 55.3335 55.6307 54.0496 53.1959 52.4692 52.3294 50.7742 0 
59.5019 57.9277 54.186 50.5964 48.9644 50.2584 50.9083 50.4292 49.3387 48.277 0 
59.5019 55.8439 53.5444 51.877 52.3649 48.6443 49.2041 49.9134 48.9029 48.1319 0 
59.48 58.684 54.8627 51.7823 47.3464 48.6794 48.876 46.6338 45.7487 0 
59.5099 56.0808 51.1984 55.5267 53.3441 54.4138 50.8128 51.6886 51.5664 50.6264 0 
59.5084 55.9389 53.9336 55.2635 56.6688 53.6878 50.7202 48.9698 47.556 48.7122 0 
59.5138 57.2939 51.7473 53.3335 49.8423 50.1813 46.8552 47.106 48.5689 48.2366 0 
59.4799 54.6637 54.826 55.2416 52.1355 50.9299 49.4684 49.5075 48.357 48.8792 0 
59.4979 54.0846 48.9651 50.2526 48.5079 47.909 50.0105 50.0112 49.0403 48.9261 0 
59.4882 56.4928 56.9749 56.0835 52.1933 52.8836 53.4894 51.1295 49.479 0 
59.5038 52.1088 52.5938 53.0374 53.2132 52.9276 52.2841 50.6126 0 
59.4846 56.2847 50.7999 47.745 48.735 47.7853 47.1918 0 
59.4718 53.5422 50.601 52.2933 52.9209 51.8416 53.0682 52.9001 51.0504 50.1461 0 
59.4881 51.6226 49.1323 48.9572 49.6544 47.831 49.8365 50.7094 49.1045 48.9231 0 
59.4905 55.083 56.6583 53.5039 52.1386 52.8316 52.2315 49.48 49.5227 49.2473 0 
59.5046 55.6941 52.4644 51.7537 50.118 51.328 49.4012 48.3123 48.6272 49.5418 0 
59.4849 56.5912 58.2584 55.0811 53.8835 51.8852 50.9232 50.5902 49.837 0 
59.5004 57.8829 58.2994 56.729 56.57 56.0465 52.8854 50.8102 50.7714 0 
59.5063 59.4641 60.9744 57.1788 53.6344 53.9654 50.2793 50.1841 0 
59.4852 54.3071 52.171 49.0393 47.5247 50.0712 47.2197 49.8567 0 
59.5112 57.261 54.2486 53.6999 52.6489 52.5614 51.7623 51.2689 50.6986 49.308 0 
59.5026 55.2655 52.3992 49.2218 49.3213 51.6785 51.4063 50.7308 51.0485 0 
59.4997 54.2361 53.7902 53.795 49.8393 47.9828 47.6773 48.4665 0 
59.5013 56.2722 54.5368 54.0604 52.8039 50.9388 52.5809 0 
59.4935 53.3912 51.2495 47.383 47.1313 47.4408 47.8286 48.5064 48.5059 48.6702 0 
59.4865 51.5886 51.3096 49.9111 49.2687 49.9915 47.8241 48.763 48.3296 49.3683 0 
59.4747 58.4591 54.6384 50.2382 49.8787 49.6279 49.209 49.2001 49.2289 48.2747 0 
59.4672 55.233 54.4993 51.7581 52.0592 49.5968 47.0896 46.9866 47.1805 48.4616 0 
59.5135 49.3675 45.5494 49.6851 49.9144 49.1304 49.1559 50.4283 48.7641 0 
59.5143 56.5583 57.462 54.3745 56.3009 54.2762 52.0993 51.7462 50.1797 49.6029 0 
59.5214 56.1405 53.4017 51.9304 52.6187 50.5796 48.75 49.054 50.3582 0 
59.4656 52.038 53.7181 54.9403 50.7682 49.8775 49.0442 49.7766 50.2993 49.2529 0 
59.5046 56.0509 54.8512 52.3985 52.8924 50.83 52.3179 51.9178 49.7659 49.5571 0 
59.4955 57.3136 54.3236 53.5112 55.8516 55.0233 53.5782 51.493 47.952 48.0255 0 
59.534 56.471 52.116 49.0625 48.8813 50.1544 49.7138 50.8479 49.2758 50.086 0 
59.5252 52.6988 50.9888 51.1075 51.527 53.9641 52.8493 51.922 50.8598 0 
59.497 57.4488 56.861 55.1117 52.8696 51.0195 51.3743 50.8828 50.3635 50.7143 0 
59.4865 55.5284 51.1338 52.5727 50.8951 50.737 52.2503 52.9061 51.7919 49.1415 0 
59.5007 55.9928 54.0625 55.4064 55.1701 54.0786 54.6064 52.3534 52.7829 50.7579 0 
59.4914 55.5383 55.9095 55.9628 53.8376 50.65 49.5482 48.9226 48.7485 49.9785 0 
59.4885 58.2509 59.3935 57.4248 56.2541 55.8614 54.7849 54.443 52.4587 50.663 0 
59.4906 50.2921 48.0971 50.8215 48.8659 48.8747 47.7748 48.1434 48.7405 48.4011 0 
59.5016 54.6001 54.2727 56.148 56.0401 54.0759 53.3088 51.779 50.3856 0 
59.4757 56.5117 55.1822 51.7492 53.6051 51.5284 50.0671 48.8273 48.0293 49.1493 0 
59.4969 58.6944 55.3741 54.2383 52.6147 52.1963 49.5822 50.27 49.4281 48.1217 0 
59.5048 57.1939 56.0325 54.2942 54.642 54.9088 54.1464 51.182 48.9572 0 
59.5156 54.6042 51.25 47.6077 46.1765 49.2631 46.692 47.1641 47.7588 48.8132 0 
59.5153 53.9857 49.9609 47.2135 49.4864 50.1064 48.0998 48.5336 49.6052 48.3264 0 
59.4737 57.9262 56.4817 52.7882 51.4062 49.0542 49.763 49.3028 49.3646 50.5484 0 
59.491 55.6099 55.3516 53.4107 50.5733 51.4281 49.9931 50.6856 50.0338 50.1116 0 
59.5117 51.9611 50.2764 49.5941 51.6275 49.461 51.1545 50.0315 51.6467 49.7994 0 
59.495 61.7004 57.8769 55.7764 49.7064 49.8422 49.872 52.7508 50.4091 50.1547 0 
59.522 56.942 49.2438 45.9565 44.8979 48.8093 50.228 50.1501 49.3547 0 
59.4965 54.912 51.6134 49.4889 49.1013 51.79 51.1997 50.5232 49.8684 50.0678 0 
59.4874 55.5308 57.8065 52.3828 50.5943 50.2149 48.9247 48.1194 0 
59.4942 53.8367 55.9987 55.4037 55.0832 54.4042 53.4804 51.0069 0 
59.5035 54.1338 56.7652 53.1412 54.7542 56.3006 53.7153 53.5872 51.6204 50.8681 0 
59.4762 56.0519 47.9158 45.8974 45.1315 47.9093 47.8474 49.4844 50.0168 49.6947 0 
59.4887 58.9488 53.4786 50.5346 50.4275 49.61 51.9038 51.2587 49.8864 49.4948 0 
59.4762 54.8674 57.0788 56.5735 54.6782 55.6228 53.1017 50.5346 49.9678 0 
59.5036 55.8418 53.5135 55.3531 50.8083 51.6305 51.2621 50.2089 50.8194 49.3218 0 
59.4859 57.6876 54.6214 51.9523 52.7198 53.3665 54.3807 53.3017 52.6455 50.6612 0 
59.5131 55.4857 52.44 50.2296 47.2127 48.0832 49.152 50.1541 47.7711 47.8316 0 
59.4987 61.4434 58.3962 58.0178 57.4264 54.8957 53.7078 52.7632 52.5428 50.8019 0 
59.4895 52.157 47.9822 47.6407 45.5285 49.0917 48.2924 48.3792 49.6136 49.4608 0 
59.5079 53.5918 51.0557 50.5938 51.1841 50.0194 47.7151 47.3077 48.7914 48.7253 0 
59.4927 58.8249 58.2087 56.1847 55.3335 54.5503 51.0713 49.3706 49.2622 49.6988 0 
59.487 56.3403 55.0417 56.1987 56.0288 56.9075 55.8037 53.3135 50.8857 0 
59.4825 55.3614 54.3692 53.523 52.7407 47.6724 47.7641 47.8141 49.3704 49.8573 0 
59.5086 54.0768 49.6864 49.5952 50.1385 49.366 47.6453 48.937 49.2141 49.2974 0 
59.4856 53.5427 51.9115 50.1093 49.9763 49.2574 48.988 48.0849 50.3585 49.5055 0 
59.465 56.4228 55.4066 51.0532 50.6869 51.5163 50.0524 49.3435 49.0728 0 
59.5105 56.8581 56.5589 54.3236 51.8865 51.8129 51.1361 48.6975 0 
59.4887 53.1961 46.9831 52.2126 52.2102 51.3515 50.023 49.4383 50.1088 49.2203 0 
59.5241 58.4399 59.0643 56.7855 54.2213 51.9976 52.1527 49.4661 0 
59.5022 56.0473 54.2066 55.1764 53.1018 51.5352 50.9213 50.105 49.3953 47.5934 0 
59.5272 50.7767 49.6594 50.2446 51.8115 51.9754 50.9077 50.187 49.3917 49.1935 0 
59.5013 48.6485 50.5596 49.7143 48.1331 46.6384 48.7546 48.522 0 
59.4615 54.0839 50.2903 52.763 51.2862 49.602 50.4295 49.8098 50.2771 48.6484 0 
59.5061 59.4221 55.1003 53.908 52.9711 53.8421 53.0417 52.7366 50.3871 49.7485 0 
59.4952 58.3397 57.8834 55.8082 54.855 53.0321 53.0401 50.1943 49.4353 49.253 0 
59.4912 54.8273 53.6258 51.3293 54.7316 53.2401 50.0063 49.3547 48.5638 0 
59.4993 61.733 57.3151 54.8409 56.3554 54.5372 55.2707 51.5725 51.2568 50.441 0 
59.4764 58.8175 55.4524 53.3726 50.8693 49.0529 50.1821 49.1901 50.1118 49.2107 0 
59.492 50.466 50.0606 50.5453 50.2948 50.3659 50.0072 49.0993 47.7151 48.9011 0 
59.4811 55.8857 56.36 56.0921 55.8185 54.8419 53.0943 50.8819 50.9604 48.7268 0 
59.4938 59.3196 57.9424 54.1661 53.2068 52.528 51.1159 51.0837 50.5591 50.4945 0 
59.5211 65.5308 66.1927 63.6033 58.9527 57.3281 54.43 54.2901 51.3855 0 
59.486 53.4922 54.9382 52.419 50.5792 51.4059 49.2151 50.0092 50.8129 48.8603 0 
59.4867 46.9641 48.935 48.9854 47.9202 48.1617 48.7308 50.2504 48.9761 0 
59.4925 54.11 53.9856 52.6087 50.7843 48.4132 49.4251 49.5708 49.7561 50.4535 0 
59.485 56.1677 57.4341 54.4695 50.8772 50.8853 52.3274 51.7317 50.5878 50.1935 0 
59.5014 56.9262 50.9105 50.4214 48.8311 49.0698 50.4964 49.4203 0 
59.4974 48.4028 47.0055 46.1253 51.0477 51.924 49.169 48.8372 50.7162 0 
59.5003 61.6794 55.3651 56.5589 52.6197 52.2281 51.9651 50.6565 50.2972 48.9362 0 
59.4923 55.867 54.7843 53.9141 54.7692 55.037 53.6045 52.7846 49.4739 50.1874 0 
59.5015 50.3969 50.6919 49.0828 47.071 49.1722 48.7833 49.2583 51.2427 50.1464 0 
59.492 58.7106 54.9273 54.4215 54.2895 53.8457 53.7401 51.5327 50.2448 49.9454 0 
59.5096 56.71 53.2048 53.3094 56.1753 50.7683 50.5754 50.4911 50.3908 0 
59.4605 55.1965 50.1823 49.3561 50.2686 47.9412 48.9703 48.5537 48.7218 0 
59.505 57.4858 56.961 51.7589 51.9564 53.5999 51.8096 51.5467 49.3087 49.4945 0 
59.5065 53.2594 51.1468 48.9383 49.2285 50.903 51.4545 0 
59.4908 59.138 54.2943 52.9348 55.8095 55.6099 53.5151 51.7747 49.6558 49.5264 0 
59.4806 52.9717 55.2155 51.1029 50.985 49.8761 48.8383 50.7723 49.2889 49.5126 0 
59.4961 59.1937 53.6174 49.2357 49.9361 50.1299 48.2897 48.8221 49.1734 48.9747 0 
59.5008 52.9469 52.2713 47.7699 46.6884 48.1346 49.9 48.4149 48.8441 49.153 0 
59.5176 51.7419 51.6566 54.1991 53.3357 51.2806 50.9849 50.9864 0 
59.4721 51.582 51.9017 51.5152 52.5966 50.2245 49.6106 50.2975 0 
59.5007 52.9954 54.7893 55.1678 56.8442 52.2538 51.0434 50.1253 51.0791 49.7109 0 
59.4954 56.8928 52.2112 51.2077 51.3154 53.147 51.5558 51.3694 52.1775 49.4104 0 
59.4769 56.2687 53.4458 49.771 49.6839 49.431 48.7716 49.1501 50.0126 0 
59.5061 59.4875 54.869 53.0791 52.6235 51.853 49.508 48.8406 48.5764 48.3794 0 
59.5019 57.3857 55.7966 55.9795 52.6552 50.3144 48.9933 49.598 48.1045 48.6831 0 
59.4777 54.7323 52.2514 49.9178 49.665 50.5404 50.8924 50.4004 51.0921 49.6154 0 
59.492 50.6772 54.8394 51.2315 53.0963 54.8377 53.008 53.2688 50.097 49.8901 0 
59.5144 54.9376 51.5334 48.88 50.8088 47.1737 0 
59.5215 50.2614 50.1489 52.4806 55.3555 50.45 51.0503 52.0402 50.8252 0 
59.4638 55.9458 50.2057 47.2111 46.4205 47.2865 47.4262 48.8713 50.7354 48.9781 0 
59.4797 60.0596 57.0195 54.144 53.7341 50.8226 50.1349 50.2757 49.8874 48.6447 0 
59.5005 54.2377 50.6697 47.6188 46.4152 47.9673 50.1599 50.5344 50.825 50.2236 0 
59.5077 56.19 55.1087 53.793 54.6099 53.597 51.6365 52.6086 51.2963 50.5165 0 
59.497 55.3335 56.027 54.1094 52.1439 51.3822 51.8505 49.875 47.9388 48.5623 0 
59.4799 57.0973 50.6581 49.695 49.0721 49.3002 48.5556 47.7815 0 
59.4977 53.0525 49.54 47.9656 48.2377 46.9876 47.5791 47.025 48.0677 49.6816 0 
59.4984 57.2191 55.4831 52.701 53.3202 50.8501 48.6872 48.6805 50.6467 49.9063 0 
59.489 57.3687 55.8268 49.4056 50.4896 48.1215 50.3793 51.3323 48.8845 0 
59.4846 55.2866 56.5308 55.1025 52.9977 51.9375 50.2061 49.6122 50.2815 48.6237 0 
59.5029 54.1768 52.4745 55.2335 56.6715 55.9359 55.9898 54.024 53 50.9892 0 
59.502 52.0788 49.7445 48.2535 46.1507 47.1214 47.4889 48.3142 47.6207 0 
59.5019 61.0767 57.6865 54.3809 54.1493 52.3487 52.0756 50.2752 49.2829 48.6925 0 
59.4949 55.1229 52.2966 50.3811 53.1995 49.9133 48.7917 48.5887 48.1739 47.1228 0 
59.5132 52.0699 52.0284 51.6251 50.8294 48.1712 48.9413 48.9568 49.0484 0 
59.4865 53.8665 54.9661 49.0338 49.5018 50.2961 48.2554 49.7073 50.591 49.8791 0 
59.491 56.5128 55.6155 50.2825 49.7301 47.1743 49.6209 50.7564 49.3428 49.957 0 
59.5046 57.0631 54.0755 51.2812 52.2477 48.6128 50.0107 51.4319 49.6483 49.914 0 
59.4951 57.566 56.5493 55.0779 53.6538 52.2791 52.2968 51.9628 50.1482 49.1982 0 
59.4921 59.9293 58.9547 55.3598 51.8349 48.423 47.6341 47.8814 49.3265 47.9173 0 
59.4909 55.3248 53.5023 53.8389 55.2089 51.5933 52.0902 51.7954 51.7997 50.5385 0 
59.5164 56.4058 54.5898 53.9963 50.0468 50.6205 50.2506 49.2348 48.0825 48.8285 0 
59.5042 59.8147 53.7353 52.998 52.7104 54.179 51.6992 50.8555 49.0837 48.6374 0 
59.4792 54.3982 52.2354 50.5953 49.5732 51.141 49.4466 47.0842 47.5523 48.5316 0 
59.4943 52.6625 49.2434 51.0728 50.1366 49.9203 49.4721 49.7909 49.6931 48.9743 0 
59.5088 51.6019 52.4712 49.4277 49.8475 51.1828 50.8198 51.8196 51.4151 50.1134 0 
59.4942 56.2756 53.7131 49.2372 48.0056 48.9841 50.7037 48.5581 49.5133 0 
59.4962 55.6061 52.3649 53.7312 51.6647 52.8881 51.5722 50.654 49.522 49.0475 0 
59.485 51.1292 49.0061 50.6398 50.2044 48.3466 48.0927 50.3508 50.7447 51.0989 0 
59.4618 52.9794 51.2496 53.6227 52.1651 51.2954 47.6062 47.5504 48.8296 0 
59.488 56.9207 51.5486 50.9671 49.4288 50.0277 49.0952 50.7963 49.3651 49.7582 0 
59.495 56.0954 49.4003 51.4729 49.371 49.2999 47.6311 49.8779 51.1477 0 
59.4855 56.4129 55.7736 55.3258 52.1506 53.1753 50.9994 48.2912 48.2885 0 
59.4919 54.135 51.799 51.736 48.3488 46.593 47.6708 48.2584 47.9342 0 
59.4907 57.0372 51.2653 54.0235 53.8001 52.5825 53.2895 50.5742 49.9832 48.8094 0 
59.4972 57.8849 56.0515 54.7625 52.9846 52.8162 53.3947 53.62 51.829 0 
59.4871 51.5568 53.8276 50.0034 47.8579 47.4933 46.5632 47.2177 0 
59.4885 52.3341 48.7467 49.0601 46.8688 46.6712 46.201 48.0436 0 
59.4988 60.6605 54.8506 53.3737 52.8433 50.8244 50.828 52.5348 51.4089 50.1148 0 
59.5129 51.7525 58.8289 54.0331 50.6529 51.6826 52.9195 52.1746 51.2471 50.0443 0 
59.5008 55.8166 53.6026 50.68 53.1433 54.3279 53.1075 52.5057 49.9755 49.5789 0 
59.4716 58.6472 59.5333 56.0985 55.4331 54.8675 52.6016 51.0581 51.3859 0 
59.502 56.961 60.1715 57.2969 56.3208 53.4524 49.1499 50.8594 50.7777 0 
59.4953 50.4104 52.7656 53.6732 51.4646 51.0811 50.7444 51.8351 51.6722 49.01 0 
59.487 57.7229 55.5535 56.1425 55.3884 53.9376 51.5205 50.3372 47.5668 47.785 0 
59.5017 53.8116 54.9865 54.1124 53.6315 52.6682 51.1211 50.6667 50.9012 0 
59.4882 58.2479 58.6917 57.6883 55.1016 51.0313 51.0114 51.8216 0 
59.4915 54.6855 54.361 52.4304 49.8475 51.4876 50.8329 51.0814 49.6959 50.6895 0 
59.4897 56.4935 53.4699 53.8891 53.1674 50.8589 48.8574 50.4384 47.9226 49.383 0 
59.4704 57.7516 52.7264 50.7891 49.1931 50.7205 51.3298 50.0356 50.7502 50.3879 0 
59.5216 56.4091 51.9922 53.1321 51.0078 53.0453 51.6457 50.666 50.7763 49.8787 0 
59.4971 58.7941 56.4324 54.3427 52.9595 52.7349 51.584 51.3037 49.7659 50.5934 0 
59.489 58.4764 56.023 53.4432 54.2451 53.0151 52.5567 52.9487 50.2483 49.2077 0 
59.4881 55.3951 51.0446 50.1789 50.0961 53.0478 52.9625 53.4312 51.2526 0 
59.4863 59.5117 57.9715 59.211 55.6151 54.2809 52.8964 50.5497 51.6316 51.2732 0 
59.4603 61.5538 53.8571 49.0487 49.651 47.8686 50.4395 0 
59.4878 53.7977 51.3793 49.0782 50.0595 51.0327 50.0439 49.4798 48.4021 49.2527 0 
59.5238 57.5759 58.0759 53.1099 51.8419 50.8284 50.4751 0 
59.4927 54.6043 54.0629 51.307 48.2601 50.0101 49.6042 49.3574 48.9993 48.3512 0 
59.4834 52.1141 48.9958 47.9004 44.5309 46.711 48.1319 48.249 49.2828 0 
59.5041 54.5895 54.4976 53.4715 50.1092 48.1317 47.2628 47.5854 49.5664 48.9011 0 
59.5168 61.3979 58.0392 57.2123 53.4574 52.3691 50.9984 49.9099 51.1354 49.5387 0 
59.4659 54.2663 51.0127 49.9362 50.0769 50.0095 50.9276 48.3333 47.9753 0 
59.488 60.2356 55.4996 53.1619 52.5711 50.7689 49.6782 50.1757 49.3501 0 
59.4977 53.8099 54.5658 50.111 48.9724 48.372 47.5283 47.8182 47.759 0 
59.5345 55.2932 52.7676 53.3991 51.4135 52.6974 50.9851 50.3731 49.605 0 
59.4993 54.2906 52.3913 51.6004 48.8912 50.3236 49.0582 48.0549 0 
59.495 53.7483 53.5519 52.2035 49.3805 50.5328 47.8066 48.0827 49.1646 47.2578 0 
59.4463 57.153 51.8236 48.88 49.8212 51.1221 51.3333 50.0843 48.977 48.4067 0 
59.5017 58.7178 54.1486 53.7954 52.7346 50.0028 48.5714 48.7061 48.9753 0 
59.4688 54.5101 53.3912 53.1219 54.0717 54.2893 52.704 51.5142 49.8075 0 
59.4905 57.6008 58.361 56.8165 56.9848 52.6819 51.5717 50.1734 51.5399 49.3798 0 
59.5215 51.0759 51.5176 50.4143 52.4872 51.8475 48.8649 49.7435 48.8399 49.0462 0 
59.4945 60.7832 53.7093 53.915 51.3726 51.2795 51.0421 49.6483 49.8113 50.4493 0 
59.4733 56.9096 52.6422 53.3431 51.6383 51.08 50.6889 48.9941 50.1316 49.8712 0 
59.5163 60.714 62.3936 58.1104 56.2894 52.093 51.7617 52.6244 0 
59.5063 59.2219 59.0071 54.3333 53.4964 51.4209 52.0927 51.5143 50.567 49.6237 0 
59.5069 55.176 57.1988 55.2011 52.6956 51.2275 49.3156 49.2673 48.1774 49.5097 0 
59.4913 56.5985 51.5271 52.2324 50.9923 51.2268 50.9386 48.744 47.5015 49.5386 0 
59.488 56.3346 55.1254 54.7812 54.7531 51.4607 49.1505 48.3679 48.1522 48.3803 0 
59.4834 51.8018 51.103 50.487 48.7725 50.6441 50.5822 50.759 49.874 49.0441 0 
59.4876 53.8734 52.9292 52.8546 52.0781 50.1661 48.9625 50.1754 0 
59.5021 62.6041 58.2409 53.8766 51.482 51.0453 49.4982 49.9632 50.0015 49.3652 0 
59.4909 59.1008 59.5418 58.5742 55.3489 56.0004 54.4175 53.1781 50.9519 49.7143 0 
59.4932 54.6226 52.5386 52.5736 48.5835 49.7892 51.7261 49.2269 0 
59.4828 58.0636 54.9843 55.2267 52.8584 52.7386 51.2701 51.2747 50.4706 49.5699 0 
59.4952 54.9557 53.0013 49.6228 48.992 48.687 48.3227 49.3991 49.653 50.3372 0 
59.4987 59.2828 53.9831 50.9612 52.8027 51.9724 50.7782 50.4036 49.321 48.9023 0 
59.4821 56.4242 55.3041 53.7004 51.8705 52.5026 51.4439 50.9723 50.2287 49.9676 0 
59.4804 56.8885 53.2296 52.0004 51.7916 51.1328 51.3505 49.9427 50.4963 48.8681 0 
59.4794 59.7691 56.8805 53.8945 53.0078 49.3215 48.3378 48.4169 0 
59.4908 56.5192 52.4691 51.0424 49.6906 49.3009 49.448 49.2839 47.2959 48.6432 0 
59.5101 55.3201 52.093 51.1954 49.8922 50.2884 50.1591 48.9931 49.9869 48.6553 0 
59.483 56.748 54.8777 52.0276 49.0971 46.6453 45.965 47.2022 46.9678 48.4217 0 
59.5111 53.17 45.3369 46.7893 48.723 48.3545 49.2687 48.524 48.5976 50.0212 0 
59.4826 58.7029 54.6116 57.8561 53.0561 51.8068 51.7908 48.9935 48.5364 48.7921 0 
59.5031 56.9942 55.6121 52.061 49.9825 51.0049 46.7801 47.0332 0 
59.4813 57.6247 53.8865 50.1576 51.1576 51.9346 50.3581 0 
59.4686 59.7467 58.4264 58.4511 54.6113 52.2758 52.3038 51.6227 51.1078 50.6175 0 
59.5045 56.3231 53.39 53.7237 53.2906 51.9167 52.5494 49.5804 49.1592 47.9355 0 
59.4785 57.7464 57.1783 58.2522 55.2819 54.2863 51.3439 49.7177 49.5256 49.5032 0 
59.5261 53.176 54.1645 52.1961 52.2669 51.5748 52.1904 52.4214 50.6761 49.8196 0 
59.5118 51.4319 50.8521 52.6656 51.3843 52.0124 49.8752 48.8965 48.6061 49.9265 0 
59.4991 52.1037 53.5865 51.8715 53.4076 48.9848 47.4581 47.7259 47.0617 0 
59.5354 55.3628 50.846 46.1653 47.4959 47.538 48.8848 46.3571 47.1025 48.537 0 
59.5002 54.1575 50.3265 48.4358 48.037 48.8372 47.3958 48.1344 0 
59.4906 51.9317 48.7567 46.5854 51.9175 51.436 48.1791 48.9745 48.104 47.764 0 
59.4939 56.934 53.0334 48.9887 47.8438 47.2602 47.2316 45.9671 45.8864 0 
59.4988 57.4877 57.5514 56.0964 53.438 51.1241 50.6769 50.9987 48.5413 50.0308 0 
59.5144 57.7318 54.9474 51.3455 52.7468 50.9859 49.611 50.8338 49.9949 50.3698 0 
59.4907 55.3608 52.8137 53.8769 53.2308 51.6256 50.9093 49.4414 48.92 48.701 0 
59.4751 56.3789 55.3224 52.7864 51.5431 51.1082 50.949 50.0989 51.4972 50.4899 0 
59.5035 51.815 47.9727 49.3134 51.8391 50.8082 49.446 50.6805 50.2838 48.3406 0 
59.5272 56.057 56.4317 52.0846 52.108 50.9477 52.821 51.3734 49.8 48.8817 0 
59.4602 58.213 56.177 52.7302 51.3043 51.2051 48.7929 47.7431 47.3604 48.4201 0 
59.4853 56.5184 52.2657 53.9782 49.6718 51.3463 51.0684 48.3348 48.4321 49.7097 0 
59.4813 50.2689 50.8709 46.9401 48.9189 50.0739 48.6699 49.9171 48.7458 49.5912 0 
59.5161 53.655 53.1493 51.177 50.5164 51.5141 50.3163 49.6397 49.1136 48.9774 0 
59.498 55.527 54.374 53.0988 52.118 51.061 0 
59.4815 58.1507 55.3883 52.1472 51.5817 51.4496 49.461 50.0135 49.3251 49.3581 0 
59.5145 54.1126 51.0185 51.0218 51.0661 50.5986 49.9408 50.4566 48.7935 48.7984 0 
59.4977 55.205 54.8617 51.8353 51.5148 49.6942 48.0661 48.2398 49.3804 48.2241 0 
59.4851 54.3413 50.0356 50.6798 46.6486 45.0984 47.5727 48.5822 48.5269 49.2637 0 
59.5068 64.2789 60.3226 55.6256 52.622 52.7203 51.5535 52.2262 50.4019 49.6925 0 
59.5018 54.4437 50.8075 50.9537 50.934 50.6633 49.7671 51.273 50.6063 49.9011 0 
59.4837 55.9695 54.512 54.8089 52.7224 50.8484 51.2162 49.1486 48.3179 47.5271 0 
59.4973 56.0738 55.8272 56.0308 57.8773 54.6285 51.2069 51.3787 51.4586 0 
59.474 52.5416 48.6768 45.7673 45.7578 47.5048 48.2597 46.9431 48.4691 47.5396 0 
59.493 54.6188 55.6309 54.9659 53.8433 53.0513 50.9519 49.7991 50.567 50.8145 0 
59.5022 54.6296 51.1356 50.0483 49.0258 48.3054 48.3136 46.5639 46.7672 0 
59.5013 55.267 51.2242 50.6374 51.1537 51.9211 51.2771 50.7844 50.1446 50.0193 0 
59.4724 52.5073 52.689 52.9323 51.9654 51.1466 52.9262 53.0496 51.7358 49.7421 0 
59.4804 55.1867 52.6162 52.6069 53.5018 53.2524 52.8993 50.245 50.6471 49.6989 0 
59.4818 58.7349 57.0035 52.6228 53.6771 53.7569 51.9004 51.0526 52.5087 50.7381 0 
59.5009 52.5063 48.2858 50.1372 49.2285 51.9843 50.1376 51.6715 50.1862 48.8162 0 
59.4813 52.343 52.5779 54.0982 53.8018 49.0902 50.9953 50.7178 0 
59.5006 52.9335 55.878 55.4299 54.0581 52.6981 51.0793 48.6708 47.4031 49.543 0 
59.5079 56.2987 54.6571 55.4202 53.3029 53.043 51.774 51.1082 49.5703 49.4946 0 
59.4907 59.6331 57.9074 56.9481 55.1815 54.4622 52.3478 50.9602 50.6431 49.7378 0 
59.4992 58.0467 54.423 56.0732 53.2791 49.8016 49.0671 49.6913 49.5691 48.8317 0 
59.5027 59.1705 56.004 56.2444 51.6918 51.7241 51.0396 51.5633 50.8366 0 
59.5129 56.2341 57.0364 55.3404 55.2126 55.2384 52.9368 51.5039 50.5243 50.6773 0 
59.4585 55.6552 51.5634 48.6289 47.0355 49.4119 47.6356 48.0459 48.314 48.011 0 
59.4845 57.6447 59.6416 54.4281 55.1105 54.4121 52.3347 51.0907 50.2048 0 
59.4861 56.5734 51.1894 51.7809 48.7355 49.3611 48.5141 48.6387 47.1354 0 
59.483 50.6928 49.6603 49.4561 44.0608 43.0202 46.2321 45.8853 47.6123 49.2241 0 
59.4819 56.5943 52.0725 51.3008 50.3065 49.3845 47.741 46.9628 47.5173 47.8737 0 
59.4901 61.7582 60.4977 58.4499 55.541 55.9022 53.1668 52.5694 50.3714 50.1471 0 
59.4762 53.544 52.1092 50.3853 49.0704 49.4321 48.2706 46.5578 45.6878 0 
59.5026 57.4994 53.6424 50.1912 51.1555 51.4558 48.9197 48.3122 48.3829 49.2226 0 
59.497 57.0148 55.5551 52.5024 53.6441 54.6614 54.0302 51.6332 50.5511 0 
59.5067 61.3291 56.5495 53.6348 54.6432 54.4221 52.4629 51.2483 50.7759 0 
59.5147 51.8161 50.8514 50.0394 51.8567 52.4373 52.485 52.3235 51.2471 49.7033 0 
59.4905 60.5641 58.89 54.227 52.0219 52.7391 52.4516 49.475 49.5771 48.9755 0 
59.4867 56.5736 55.0942 52.7526 50.5876 49.7305 50.8519 47.0265 47.9278 48.8681 0 
59.5394 54.9558 53.8285 54.2863 53.3067 52.0699 50.9163 50.9943 50.2251 49.5866 0 
59.5061 55.3974 57.1102 52.5653 55.4719 56.6965 53.9939 52.9015 50.6227 49.4289 0 
59.5436 55.5666 55.9956 52.7153 53.2768 52.1114 50.5739 50.0355 48.3604 48.8493 0 
59.502 57.108 53.184 52.568 51.6523 51.6981 51.4493 51.1076 49.6977 49.3588 0 
59.4732 55.5775 53.9204 52.3646 48.6236 48.203 48.4808 49.472 49.9178 0 
59.4938 55.1527 54.5232 52.4389 50.4227 50.6838 49.8129 51.3467 50.1199 49.6872 0 
59.524 54.6945 47.5929 46.0235 48.0975 46.6228 47.4625 47.2332 48.5425 48.7033 0 
59.5172 58.6838 55.4265 55.5361 50.2496 50.3674 49.9512 48.5528 47.7258 49.1921 0 
59.4865 54.218 56.813 56.48 51.3985 49.4916 50.3684 50.6805 50.5969 49.7805 0 
59.5062 60.5382 52.7944 51.9687 51.7412 50.1861 49.0376 47.4314 47.9307 48.8573 0 
59.4989 57.5234 54.6027 53.887 52.998 51.1379 50.3246 50.4453 50.442 48.9044 0 
59.4924 54.6539 51.7632 51.0761 51.1006 50.0977 51.213 49.7194 50.5537 47.7251 0 
59.5113 54.6266 50.6921 48.3215 49.1115 49.9973 49.712 47.6973 47.2962 48.2259 0 
59.4927 54.945 51.8257 51.8563 48.0858 46.6141 46.3431 47.1304 49.1303 49.2484 0 
59.4912 53.7486 53.674 52.4962 51.0249 50.6507 51.5531 0 
59.4832 59.308 52.6156 53.8267 52.5283 47.2701 47.7893 48.7848 48.5924 0 
59.5062 56.2442 49.4667 50.2258 52.669 51.3374 52.5022 0 
59.5004 51.8342 54.9431 56.5419 54.957 54.9634 55.141 52.1031 50.2436 49.6841 0 
59.4869 53.6306 51.2024 51.3446 50.8953 50.7303 49.6428 51.0516 51.2818 49 0 
59.4876 57.162 48.5765 49.6411 49.2605 50.4789 51.6651 52.0068 50.1106 0 
59.5074 56.9613 53.4552 49.8716 51.8876 50.4958 52.206 50.7007 0 
59.4845 60.0243 57.0737 54.0472 53.3073 54.1286 54.7747 53.9506 52.2809 50.397 0 
59.5098 60.1466 55.4697 55.1923 51.6925 50.3409 50.7792 50.2606 48.7055 49.7124 0 
59.5014 56.3352 58.56 57.8319 56.0718 54.414 51.6996 50.6356 50.259 49.6989 0 
59.5067 61.7615 53.8846 51.6913 51.8012 51.2203 50.655 49.7665 0 
59.5013 49.9956 48.6207 46.5168 44.7997 45.51 47.7175 48.4131 48.8269 0 
59.4781 57.1399 54.9729 51.1869 52.5246 50.3649 49.922 50.1186 50.6031 0 
59.4893 60.7165 58.7416 51.6628 54.174 52.4152 52.9174 52.9509 49.4876 50.5674 0 
59.5065 54.9334 53.4073 53.7475 56.2264 54.1398 50.7428 50.1646 49.5672 49.4949 0 
59.4905 55.608 53.8642 49.7676 49.7115 47.5988 48.6342 50.0212 48.926 48.4852 0 
59.4961 54.7672 53.7142 53.0733 54.9815 53.0866 51.4647 50.2828 49.7099 48.9932 0 
59.4853 53.8151 51.9512 51.7106 49.4517 49.8993 51.0509 50.8095 48.7901 48.7363 0 
59.4761 53.8973 50.0301 48.5439 48.4791 48.082 47.9675 49.6211 48.0795 48.0333 0 
59.4891 53.3333 52.8796 51.8068 49.818 48.0979 48.3584 47.6194 48.2222 49.1398 0 
59.481 54.2737 57.4984 54.8558 51.8185 49.9004 49.1574 48.3137 47.8192 0 
59.5167 56.7619 56.7887 57.7618 53.0569 52.1557 50.7967 50.1752 48.5001 48.3697 0 
59.4999 59.0258 53.9427 55.3975 52.6507 50.0865 49.1104 50.6907 50.6007 49.0417 0 
59.4914 52.1874 50.2956 51.5989 49.731 51.0608 51.1668 49.7072 48.4695 0 
59.4991 54.7117 54.1861 52.9093 49.4696 47.7694 49.2089 50.1679 49.8667 48.8498 0 
59.5147 61.3419 55.024 54.5062 56.794 51.9194 52.0148 51.4082 51.1361 0 
59.5141 52.7189 52.0022 53.0687 49.4551 48.932 47.4755 47.2038 49.1146 49.5653 0 
59.483 56.6768 55.9285 54.7617 52.5551 50.7565 50.4368 48.3662 0 
59.4996 50.4903 52.1046 50.2927 51.6258 51.9908 50.4718 50.624 50.6239 50.4416 0 
59.4927 50.409 50.443 47.537 49.1649 49.2736 48.7089 50.4606 50.2934 50.5165 0 
59.4993 60.2658 57.8945 56.9326 54.5041 54.4212 51.7134 50.0316 49.5413 48.8241 0 
59.4735 55.3973 51.2689 50.5545 52.2977 55.1211 55.3181 53.5974 50.927 0 
59.4709 55.3475 55.5862 52.7958 51.7494 49.6561 48.4782 50.6589 49.5824 50.2811 0 
59.4937 51.006 51.5694 52.2885 47.1366 47.4192 48.1644 48.9899 51.4049 0 
59.49 56.0891 55.198 53.1207 52.5625 50.969 49.4788 47.6159 48.9335 49.4058 0 
59.4816 58.4029 56.3153 53.2299 51.6104 51.5805 50.6985 51.2875 49.5242 49.2795 0 
59.4975 61.753 55.8336 53.1406 52.2583 53.482 50.7567 49.2428 49.79 50.4317 0 
59.4967 55.6071 53.9442 53.4257 52.0599 49.8681 48.739 48.8576 49.5115 0 
59.5121 58.4831 54.1337 49.7821 49.9448 50.8534 52.1892 50.9578 50.8148 49.4176 0 
59.4875 57.7363 53.9565 56.8861 54.7069 52.1208 51.3048 51.2788 48.8963 49.067 0 
59.4964 51.0487 52.23 51.1149 52.6708 54.2422 51.6052 52.5801 51.9569 50.6718 0 
59.4901 58.7504 58.9483 52.9849 51.4256 51.0843 50.8732 51.531 51.0872 49.7473 0 
59.5157 63.5592 57.8211 51.6038 50.6026 49.4099 49.0701 50.4909 49.1298 49.1979 0 
59.4778 54.9021 52.6859 51.2365 51.2173 51.9902 50.5483 52.9449 51.6797 49.9998 0 
59.4844 55.5184 55.7166 51.9594 48.7721 48.9505 49.0916 50.3488 50.2647 49.3723 0 
59.493 51.1603 54.6189 49.838 47.7084 49.0014 48.6286 46.8052 48.082 0 
59.4924 59.3815 54.0015 52.5524 52.9431 52.8572 52.4084 50.9725 50.6284 0 
59.5043 57.7342 55.7868 54.9207 52.2804 53.0767 53.3375 51.1634 49.5115 50.4914 0 
59.4684 53.6065 51.2362 48.2928 46.1405 48.5179 48.8863 49.0178 50.4767 50.374 0 
59.466 53.5584 52.9917 52.1351 49.3472 51.4626 50.2022 49.4817 50.4442 49.5668 0 
59.5039 55.9256 54.9116 54.2073 53.9109 52.1167 50.8232 51.2184 51.563 49.6747 0 
59.4903 56.6701 50.0604 51.7255 48.9329 50.9164 50.197 49.7631 49.9126 49.3912 0 
59.487 49.2182 49.9646 51.2441 49.7175 45.8359 46.971 47.3985 48.001 0 
59.4718 56.1109 51.2012 48.7694 47.8634 48.1437 44.6091 45.5938 47.8998 48.0963 0 
59.4854 52.8112 50.1683 52.0064 51.9824 52.1236 50.3338 49.551 48.6166 0 
59.4956 63.4105 59.3236 57.7609 55.3568 54.0342 53.0983 51.3494 50.712 50.4085 0 
59.5027 55.2841 58.7593 59.2525 57.5591 53.4721 50.7512 51.9553 51.213 0 
59.5085 55.879 49.8598 51.6767 51.2746 51.8178 51.011 49.7334 49.4279 48.6414 0 
59.4964 54.0268 53.1626 52.2884 53.041 50.2192 49.8628 49.3311 48.605 48.4645 0 
59.4973 52.8971 53.324 48.3053 48.936 49.0601 47.0642 46.5214 0 
59.4904 54.6749 50.3162 52.313 50.4512 48.9341 49.1218 47.5897 48.5468 49.3895 0 
59.5098 53.0923 54.1147 54.8935 52.176 51.7832 51.359 51.3894 48.3163 48.573 0 
59.489 52.7887 59.4061 56.3322 52.6428 52.6396 52.0971 51.362 0 
59.4692 55.3138 57.3234 56.6752 54.815 54.1541 53.4492 50.9199 49.2889 48.6127 0 
59.4949 61.3695 59.3403 53.0975 49.565 49.2864 50.5172 50.7183 50.449 50.1935 0 
59.5111 57.113 52.3478 50.6737 49.1127 51.7805 51.9928 50.298 47.8655 49.5668 0 
59.4836 55.6151 54.8428 53.0894 49.5619 49.3469 49.4775 48.6333 47.2472 0 
59.4996 58.2563 60.3017 57.0245 56.1622 55.6327 53.4457 51.0549 50.711 51.2089 0 
59.4909 53.5736 51.4424 51.0359 49.4649 49.666 49.5759 49.344 50.1278 0 
59.4971 59.4821 56.4561 55.475 55.8914 55.9968 52.439 50.4865 50.3856 49.5054 0 
59.4763 60.8937 59.1276 56.03 55.2614 54.2716 52.4615 52.0208 50.8196 0 
59.494 53.1303 52.851 49.327 49.7158 49.7018 48.6741 49.3098 0 
59.4852 58.8803 55.6164 52.38 50.0478 50.0486 48.1774 49.303 49.4983 49.5974 0 
59.5037 51.9385 52.0814 53.2548 50.8497 52.5335 52.3341 50.0206 50.7104 50.2896 0 
59.4908 58.5497 55.9578 51.6781 52.5057 51.2108 49.5178 49.5735 49.5708 0 
59.5129 57.0979 55.3711 56.5967 53.8551 52.2222 50.3081 51.0133 49.5007 49.3285 0 
59.4802 56.8259 52.0914 48.8268 52.005 49.2629 49.5569 51.2003 0 
59.4962 53.5074 54.8796 53.9593 52.8541 55.49 52.9108 50.3821 49.3213 50.5184 0 
59.4751 53.7711 52.9589 52.7301 50.9324 48.3063 48.1518 48.6318 49.6953 0 
59.5009 57.1146 56.1927 54.9523 55.5439 54.5659 52.4699 50.2659 48.0535 48.2747 0 
59.4721 50.8171 51.238 48.6019 50.1692 50.2033 50.246 52.026 50.8601 49.1099 0 
59.5269 53.5814 52.3741 50.7935 50.468 50.2551 51.1605 50.8368 51.1105 49.8634 0 
59.4634 58.5758 59.0118 55.0272 52.0887 48.6722 50.7873 50.5562 49.3945 49.8886 0 
59.4914 54.9021 54.12 54.253 53.4276 49.3407 49.8608 49.6896 50.7973 0 
59.4942 56.3946 57.3337 56.6351 51.8423 50.1407 51.2803 50.3645 49.1474 48.721 0 
59.4842 55.06 53.1526 51.0317 52.934 50.9403 49.9285 47.7714 46.9758 47.6154 0 
59.489 49.9816 46.5392 50.5778 55.6966 54.7128 51.4908 51.3127 49.7184 49.3094 0 
59.4839 50.6578 48.3116 48.3786 47.7709 46.709 45.3927 46.5644 48.7892 48.9785 0 
59.4884 54.0944 50.1849 49.363 49.1202 50.91 50.7408 50.9459 50.227 50.4505 0 
59.5321 57.0538 51.6501 52.3366 53.2853 51.7033 51.8723 51.1738 50.5485 49.1879 0 
59.4842 52.0955 50.8591 49.4484 49.8658 50.3663 49.7607 50.9199 0 
59.5018 63.0958 55.2872 57.4932 56.0236 54.3181 54.0277 52.3346 50.8913 49.6421 0 
59.4949 54.286 56.6824 54.2718 54.513 51.0009 50.677 50.0123 48.2771 48.2425 0 
59.4819 56.9369 52.4472 48.5773 50.6511 52.1118 50.3252 48.3026 46.9046 48.0326 0 
59.5032 63.7171 57.9262 57.8002 53.5085 54.4631 53.5488 52.5332 50.6994 49.7544 0 
59.488 59.8926 62.0778 57.2592 56.6104 53.5551 51.4151 50.3102 50.8803 49.8139 0 
59.5066 58.1883 54.106 51.0427 50.1158 49.8165 49.6768 50.1083 50.5314 0 
59.4932 54.4534 54.1586 51.2634 49.7297 52.257 48.6928 47.4387 48.9607 48.487 0 
59.5362 60.8568 60.8034 58.5592 55.8754 52.4677 50.3209 49.5367 48.4672 48.5571 0 
59.4933 63.312 54.5719 54.0853 53.2398 52.7127 53.2502 50.7309 52.4853 0 
59.4863 58.512 53.424 51.7197 51.024 53.5142 52.0895 50.3165 50.116 49.2308 0 
59.4775 60.6545 56.2806 52.8585 52.9146 50.3701 49.1999 50.2138 50.4159 50.1717 0 
59.4851 58.8018 55.5971 55.5159 53.927 53.5043 50.7323 49.7347 48.9401 50.1182 0 
59.4755 60.9173 57.9512 54.6088 50.8805 51.9566 49.6231 49.7798 49.1483 48.0114 0 
59.4939 60.1109 55.9489 56.8825 52.1053 52.1867 50.6983 48.448 49.6067 0 
59.487 54.2592 52.7629 49.416 47.0423 48.2659 48.621 47.6594 48.3136 48.8314 0 
59.5182 56.654 56.7367 51.7671 50.0889 51.4013 53.226 53.7853 51.0284 50.1617 0 
59.4563 56.01 53.8289 53.9243 52.8596 52.8603 52.9031 50.2349 49.1801 48.9244 0 
59.5135 64.9589 59.5669 54.0918 47.5908 51.4424 50.2675 0 
59.4768 58.2016 59.6546 58.0802 56.5326 54.2776 52.2012 50.6606 50.3808 49.9121 0 
59.4859 58.6736 57.6507 55.2662 52.2262 50.2598 49.8953 50.735 49.7191 50.6102 0 
59.5051 54.8557 47.9743 48.2773 49.9569 50.6577 50.2728 49.1568 48.7603 48.2674 0 
59.5293 48.6306 48.6174 50.5829 50.295 48.4406 50.2684 49.5456 49.7457 48.2029 0 
59.4815 56.7593 54.4437 51.8854 52.6042 50.635 49.1656 0 
59.5124 58.6697 56.808 53.2241 50.8099 46.8862 46.9853 0 
59.4751 55.7956 52.6753 54.0517 52.8333 52.3438 53.2311 52.1391 51.1078 0 
59.5183 58.4693 56.244 53.4505 53.3902 54.7443 53.7184 53.0458 51.2706 50.7931 0 
59.5304 53.6739 52.9059 55.6378 53.8398 52.4458 53.5633 51.2874 49.9928 49.1623 0 
59.4918 55.0039 51.5313 52.9337 54.0513 53.5744 53.8978 52.4553 50.4034 0 
59.5146 59.4355 56.7478 58.1526 59.6703 55.2675 54.0955 53.4624 51.454 0 
59.4971 55.8757 56.631 55.2091 53.8726 51.4833 49.0549 50.5385 50.2002 0 
59.5136 55.6115 53.3837 54.6881 53.9531 52.4642 51.9242 51.774 49.5554 49.9999 0 
59.4984 58.313 56.8266 52.4421 50.5963 50.3256 49.1968 48.5687 49.2722 0 
59.4487 53.4488 48.4599 48.108 45.0106 48.7139 49.5823 50.0504 50.3263 49.3956 0 
59.5024 55.0177 54.8344 52.1011 52.7057 50.6387 51.0741 51 50.3533 48.5508 0 
59.5184 60.0599 56.6997 56.6135 55.8728 53.2246 52.029 52.0996 52.3245 0 
59.5169 55.2749 58.1274 53.9563 54.6889 52.5693 51.0142 50.2852 49.4413 0 
59.5099 58.1396 54.3968 55.4308 54.5834 53.6118 53.8702 53.1781 51.1396 50.1039 0 
59.4858 58.3719 57.839 57.3378 56.7628 55.3718 52.8295 52.2817 52.9767 51.0328 0 
59.5349 46.891 47.1929 49.5403 53.1802 53.7435 50.6814 50.1615 49.3563 48.6021 0 
59.4923 58.035 55.7946 56.3251 56.2768 53.971 52.9433 53.5595 51.0656 50.1232 0 
59.4783 52.571 52.6212 54.1808 52.7764 52.2517 52.3631 51.4287 49.4097 0 
59.4858 57.4406 53.0154 51.2435 50.3355 48.9702 49.433 50.3508 50.7109 49.1649 0 
59.4727 58.2431 53.3792 52.6768 51.2476 49.7655 48.4725 47.1091 48.7372 49.1894 0 
59.4922 56.0407 57.8931 55.9662 54.4294 51.7172 52.0458 51.3544 51.0758 49.8846 0 
59.5223 58.7347 54.1575 55.7687 54.7004 53.333 51.5408 50.6299 51.5783 50.0879 0 
59.5118 51.7441 52.7602 55.1711 51.5786 48.747 49.6224 51.5491 50.0724 50.3071 0 
59.4939 56.0559 55.2934 54.2315 52.3047 52.5121 50.6979 51.1594 52.5064 50.5937 0 
59.4995 54.3482 53.8631 56.3895 52.5991 51.5345 49.1654 49.5092 49.0989 48.2014 0 
59.5117 51.0959 47.0958 49.8807 52.089 52.1232 48.8544 48.4681 48.047 48.8279 0 
59.4764 52.9535 51.001 52.8598 50.1984 51.4059 50.7101 49.3587 48.6599 47.8848 0 
59.496 57.9977 53.1355 52.8325 52.0192 49.8261 49.342 50.5927 49.5361 48.2308 0 
59.4859 54.4592 54.3762 52.0794 49.8484 50.0397 49.7497 50.3727 51.2517 49.426 0 
59.4909 52.2812 47.2683 48.8455 48.111 49.2558 49.8593 49.1816 0 
59.5107 54.3751 51.9518 52.8259 49.6052 48.4812 48.2098 48.668 47.6372 49.5612 0 
59.4924 55.966 54.2457 54.7302 55.0139 51.5685 50.0066 48.4933 47.8981 0 
59.4827 57.1303 55.8688 53.2499 51.8395 50.1535 50.014 50.2931 48.747 49.5495 0 
59.4862 57.8684 57.3432 55.5298 55.4332 52.8464 51.0853 52.0998 52.1478 49.4454 0 
59.4726 53.525 50.0562 51.5369 50.5077 50.7218 52.2485 52.6544 51.7229 50.4066 0 
59.5069 52.0734 52.6755 51.845 49.8015 52.0754 51.3059 50.3022 50.2362 50.3506 0 
59.5174 55.0103 52.5244 48.6739 48.7689 47.3537 47.2105 48.2115 49.7509 50.1247 0 
59.4957 56.6247 56.6137 52.2746 47.003 47.5431 47.9082 49.5563 49.706 50.8947 0 
59.4794 60.9958 55.7824 53.6832 51.0295 50.8369 50.3633 49.0841 49.6525 49.3982 0 
59.4957 47.2419 49.7857 49.3949 51.3119 52.0944 50.7468 49.4444 48.9649 48.9882 0 
59.4728 54.1745 53.8065 51.1053 50.9764 49.169 47.1562 48.0513 47.8422 47.967 0 
59.5163 54.8437 53.6081 53.2664 53.186 51.691 52.4695 52.4698 50.9901 0 
59.4914 57.8867 53.4306 52.2363 51.6483 50.881 50.8629 50.6892 49.6513 0 
59.4952 57.6823 54.5765 52.9363 51.0897 52.1835 48.921 49.5549 49.0534 48.6963 0 
59.5036 53.0071 51.713 51.339 50.9674 51.4573 50.8721 50.8226 49.5262 49.7692 0 
59.495 54.9422 53.1968 50.7906 49.6802 50.674 48.5275 47.9576 48.9102 49.5955 0 
59.4941 60.1308 58.4479 58.0686 57.9279 55.992 51.4064 50.24 49.2651 48.3334 0 
59.4727 52.1478 50.2046 50.8383 49.0733 49.8855 50.4837 49.9179 49.9242 48.6305 0 
59.4999 58.7984 54.5288 52.449 50.2361 51.2783 50.8739 49.998 49.2284 48.745 0 
59.4629 59.4968 55.1136 54.9331 50.7886 48.209 49.7527 50.6885 50.4169 48.9279 0 
59.498 54.9068 53.5679 54.2668 51.0267 52.0698 50.9822 49.9515 50.6364 49.7505 0 
59.4988 58.9106 58.6926 56.6441 54.0409 51.8529 51.468 49.3667 0 
59.4855 60.5174 54.2585 52.4166 54.7317 52.9966 52.1013 49.8182 48.895 49.1325 0 
59.4943 57.2912 52.0994 53.3563 53.0781 51.2538 49.9704 50.4219 49.3928 48.5745 0 
59.507 57.9374 51.119 46.4685 46.0226 46.6445 44.4995 45.4549 47.2483 48.8101 0 
59.4981 58.6023 54.9585 52.1409 51.0077 49.9492 48.427 48.4919 47.938 49.0095 0 
59.5054 55.7255 50.1243 49.4343 49.1629 51.0538 50.0914 50.2966 49.1586 0 
59.4983 53.4571 48.2677 48.9946 48.6249 48.9687 50.2949 50.8052 50.9262 0 
59.5051 54.2579 52.8813 55.6726 54.8352 53.0905 51.7899 50.7773 51.1437 0 
59.5216 52.8921 49.5365 49.0484 48.1327 47.6702 47.377 48.7057 49.644 0 
59.4802 56.7542 54.5781 53.2531 54.4016 52.233 51.0038 52.2245 50.1137 49.9889 0 
59.5046 54.7236 52.5883 53.2036 53.4022 54.2976 53.1996 51.1112 51.427 50.2948 0 
59.469 53.8214 54.3247 55.9597 53.6891 51.6964 51.6299 49.6552 48.7549 0 
59.4854 53.3469 49.9299 51.138 48.9977 48.3477 47.4777 48.8389 48.6666 0 
59.4957 54.711 49.8701 48.8866 50.6669 50.1284 51.1196 51.2789 49.5804 49.3738 0 
59.4771 57.0704 57.1595 54.4583 53.729 54.0066 53.3603 51.1794 50.0002 48.6582 0 
59.4714 54.4102 51.5004 50.1267 48.5077 47.6531 48.4144 50.2449 48.5262 0 
59.4848 58.0368 51.0816 49.8982 49.6703 49.8795 49.0015 47.9475 47.358 49.1649 0 
59.4921 56.973 56.1191 55.0923 54.1412 51.798 51.4009 49.2002 48.6387 0 
59.4826 52.5913 52.414 53.3805 53.1576 53.2315 52.0202 50.9288 49.5657 48.9611 0 
59.47 58.2891 53.7415 54.4553 51.8261 51.3458 50.7922 50.6764 49.6642 48.0437 0 
59.4949 55.7689 51.3041 50.9973 48.2436 47.978 48.7654 47.6913 48.1758 47.7326 0 
59.4988 50.9441 53.6674 53.4931 54.0416 53.2033 50.0963 51.2046 50.2418 50.2817 0 
59.4763 59.3368 53.2818 54.8075 53.2633 49.7529 51.2769 53.4081 51.1076 51.0983 0 
59.5068 57.6046 54.5969 55.2574 54.0451 54.3773 53.8371 52.9742 51.1264 49.5855 0 
59.507 55.0885 51.02 49.3698 51.2621 49.2495 49.1516 49.0144 50.2638 49.8962 0 
59.4814 53.2076 56.7203 53.9722 53.0832 51.2832 48.399 49.4459 0 
59.4885 55.7051 52.2455 53.8189 52.9983 51.9978 50.4362 51.1023 50.4269 50.7143 0 
59.4892 54.608 53.0039 54.2811 51.7275 49.0639 50.4088 48.7807 48.64 49.1541 0 
59.5004 55.2671 52.7955 50.9946 48.9829 47.7545 47.9219 49.3458 48.637 47.9362 0 
59.4984 54.4471 49.1993 50.4341 51.0785 53.4917 51.2629 49.9458 50.2415 0 
59.5098 50.231 47.9267 51.0726 52.6254 50.6832 49.3377 48.8408 47.8704 48.0105 0 
59.5065 51.7279 51.3425 50.8753 51.1909 50.0666 52.0841 50.7751 50.0472 49.0551 0 
59.4854 57.4507 57.6956 53.9774 50.4371 50.8824 51.5044 50.0206 49.0236 47.5159 0 
59.4725 54.2363 52.2142 48.7337 47.7831 47.8657 47.1323 45.7384 0 
59.5081 59.9978 56.4162 54.2533 50.9703 51.708 50.5902 49.7654 49.8551 50.3292 0 
59.5067 58.7472 55.6106 52.7334 50.6011 50.4271 48.3857 47.84 49.0988 0 
59.5015 55.7248 56.2042 53.2899 53.0813 52.6446 48.7776 48.6324 49.7139 49.1135 0 
59.5139 56.3958 52.4073 51.5723 52.7025 53.1815 50.6831 49.4305 49.6275 49.1946 0 
59.504 61.6897 54.6746 52.5767 51.7201 50.6457 49.6311 49.5706 49.8757 51.3748 0 
59.4864 57.9202 53.3873 51.5095 51.6293 51.6935 50.2817 50.7331 49.7099 49.6483 0 
59.5069 54.9611 52.9165 56.431 54.2161 53.0267 54.7656 53.8556 51.1386 49.8462 0 
59.5048 58.5162 54.2574 50.5866 50.4443 51.6235 49.5368 50.0665 50.3735 0 
59.4855 56.3787 53.5333 50.8421 49.5907 50.1601 49.9747 48.8269 48.1833 47.8432 0 
59.4816 55.4707 51.8333 51.0831 48.7926 50.7298 51.307 50.8048 0 
59.4962 56.94 51.2753 51.1503 51.246 49.4337 49.8643 51.4658 51.2977 50.2532 0 
59.4977 60.9997 62.6678 56.9675 55.8906 54.7275 53.6479 52.5915 50.4321 49.7912 0 
59.5057 61.0003 53.3504 51.5043 51.268 50.7038 49.4141 50.551 49.2841 48.9175 0 
59.4911 56.0631 57.0759 56.131 53.7007 52.1647 54.3386 52.196 50.1659 49.2736 0 
59.5008 55.462 51.3997 51.2339 50.383 52.6938 53.7126 52.0214 0 
59.4865 56.4936 49.6904 48.4884 48.3425 47.5056 47.4889 47.4636 47.8148 49.2531 0 
59.5055 52.8964 51.3466 50.3604 46.8962 46.2344 47.6213 46.067 48.9329 48.406 0 
59.5051 56.9191 53.5249 54.1397 54.0437 52.1177 51.4443 50.6331 50.2646 49.901 0 
59.4916 57.2807 54.2204 49.3901 48.8746 48.8567 48.155 0 
59.4948 54.684 55.185 51.8787 51.0909 50.6412 51.7314 52.0549 51.4569 0 
59.5173 54.9131 50.5996 52.3808 52.3656 51.3888 48.6397 50.1161 48.7158 47.8826 0 
59.4841 57.7155 55.5733 55.1183 53.7665 51.0037 49.5699 49.1055 0 
59.4853 52.4136 49.0525 51.4969 50.8702 51.9378 53.1451 50.5043 50.3938 49.4255 0 
59.4687 53.9535 52.5687 49.64 48.6657 47.7943 46.992 47.4063 47.4079 48.1148 0 
59.5132 56.5182 53.7922 51.0406 50.1169 50.8862 50.9063 51.0168 49.6868 49.6971 0 
59.4662 56.909 55.7656 54.7596 55.2135 56.0551 52.9882 52.1001 50.9494 0 
59.5101 53.3595 53.671 55.4329 54.9724 52.2235 53.6788 51.2411 50.1814 49.1275 0 
59.4751 53.4899 53.0731 49.0757 49.5224 49.7036 50.7506 50.9532 50.1074 49.7916 0 
59.5122 57.4575 58.9174 52.954 55.4936 54.6646 55.0386 52.2189 50.4666 49.2053 0 
59.4804 53.7191 54.3035 52.0659 51.088 53.0909 52.2912 50.9897 49.2295 49.4514 0 
59.4934 59.8464 57.9179 55.4653 52.726 52.4995 50.6071 50.9392 49.9203 49 0 
59.4799 54.9392 50.4279 51.6023 51.8626 50.2538 49.9001 47.2255 48.0724 48.3077 0 
59.5105 55.6537 58.4436 56.2305 54.0332 52.3679 51.1544 52.3932 51.0228 49.574 0 
59.5161 56.0021 53.1895 53.7472 52.0048 48.2491 48.3209 47.6354 48.7788 0 
59.4813 52.8686 57.755 53.9895 55.2919 53.9735 53.6574 51.7348 50.3506 49.101 0 
59.5123 50.8186 48.0712 50.4196 49.1428 49.361 49.2686 50.8549 50.244 49.9245 0 
59.4981 56.2946 56.1484 55.6711 55.3183 55.2129 54.1065 53.273 52.0483 0 
59.5114 54.6402 55.3891 59.2228 57.2899 57.3549 56.0864 54.0001 50.8989 0 
59.5038 60.0751 56.1368 55.9813 55.9031 53.57 51.9395 51.2349 49.0247 0 
59.4783 58.627 53.5128 53.9234 52.8162 50.3587 52.2297 50.0302 50.231 49.7045 0 
59.4805 58.0803 54.9128 50.4682 47.6837 48.8955 49.8892 49.7889 0 
59.4957 51.3082 52.3289 49.2849 49.2864 51.3842 50.5452 50.5654 50.6767 49.5165 0 
59.503 58.1468 57.3443 52.9572 50.4069 50.8198 50.265 50.2802 49.7044 0 
59.5095 54.3859 50.8403 48.125 50.8339 49.6869 48.6815 47.3748 47.8118 49.5356 0 
59.5269 52.9679 50.8391 52.3158 52.536 53.7213 53.753 51.0288 51.7694 0 
59.4663 55.6306 48.0248 50.6358 49.4785 48.277 48.2748 47.9461 46.1716 0 
59.4591 58.2275 51.0602 52.4164 53.7882 53.0418 50.2856 49.9623 47.361 47.7289 0 
59.4828 57.314 54.7722 52.7924 54.3745 52.5387 51.1078 51.0141 0 
59.4998 54.8596 50.9753 49.1987 50.4072 49.4524 49.9162 50.1158 50.9019 49.8352 0 
59.4984 55.4597 52.0897 51.7616 46.716 48.3457 49.6958 47.1379 47.6151 49.1104 0 
59.4935 60.8184 57.6061 55.5624 52.0151 50.1714 48.3647 49.0645 50.1883 49.9451 0 
59.5115 54.8103 52.7898 53.2175 54.4019 53.0856 52.5174 51.295 49.9814 49.8035 0 
59.4785 55.492 56.4754 55.0534 51.0848 52.245 51.6056 51.6494 51.3563 49.1613 0 
59.4817 52.0815 51.8262 50.6885 46.66 44.3781 43.9307 45.6093 46.8134 48.8609 0 
59.5179 45.9638 50.0566 46.4982 48.9213 50.0668 51.586 50.1031 48.4069 0 
59.5129 53.8098 46.8539 48.7863 48.2909 48.021 49.955 51.8126 50.5348 48.9534 0 
59.5009 57.8104 53.5422 53.7545 53.1428 51.3449 51.3019 50.0332 50.3087 50.9011 0 
59.489 52.9801 54.6046 54.4626 55.4328 51.9605 51.5714 51.169 0 
59.4968 53.5871 52.1051 55.8768 55.4315 54.2406 53.6343 51.8386 51.4323 51.3846 0 
59.4855 50.3691 50.3811 50.9128 47.8021 46.9669 48.3813 50.0947 50.1814 50.3764 0 
59.507 60.5669 57.6801 54.3114 50.5799 51.6348 53.6557 51.3241 50.4451 0 
59.4742 60.1891 53.8406 53.9844 51.3889 51.4654 50.0681 50.05 50.2608 49.6691 0 
59.499 57.0651 55.1095 51.7406 51.4936 49.4068 49.5459 50.5983 50.1624 49.695 0 
59.5042 60.7829 54.8555 50.926 49.3184 48.9962 50.7734 51.7338 50.8731 50.0165 0 
59.4897 51.34 49.55 50.0105 50.3395 48.5493 49.29 46.8316 47.3431 48.769 0 
59.5435 61.4268 57.6069 54.5893 52.7605 52.2632 50.6467 50.3871 49.1182 49.4086 0 
59.5011 59.3785 56.187 54.7885 51.0268 51.9611 51.0638 49.059 48.9289 49.2922 0 
59.5084 56.5659 52.5093 51.2043 51.4529 52.0325 50.5975 50.7246 50.9413 0 
59.524 56.3537 48.9277 49.3394 49.5163 47.8824 46.0609 49.0314 50.5937 0 
59.4611 55.6788 54.2338 52.3113 50.6399 49.6139 50.9544 50.4023 48.5702 0 
59.4804 58.2611 56.3583 52.1511 53.9965 50.7579 50.3201 51.1841 50.1666 49.129 0 
59.5045 58.2896 53.7366 56.4506 55.6494 54.3374 52.4831 49.9235 48.6144 48.3012 0 
59.4855 58.3789 52.5271 51.4647 49.6851 49.6339 48.5873 48.6437 50.0348 48.829 0 
59.4775 51.1531 51.334 49.182 47.9309 47.0451 48.7455 50.4168 49.7403 49.2459 0 
59.508 55.2901 56.6144 53.0007 52.006 50.992 49.7766 47.4032 47.6635 49.1666 0 
59.5172 51.938 51.5464 52.0943 51.2828 50.3334 52.8548 52.1036 50.9898 50.0086 0 
59.4794 51.7747 47.6327 49.7512 50.627 50.2295 47.309 47.0521 47.5314 47.9355 0 
59.4984 54.7625 51.118 50.3638 50.4066 49.448 50.1558 49.2584 49.1923 49.4493 0 
59.4775 58.5977 59.9577 58.9072 54.9389 53.5569 52.5833 51.6968 49.7356 48.5464 0 
59.5181 59.3815 58.7348 55.7807 55.3988 54.0723 52.6404 52.4767 49.2412 49.5449 0 
59.4762 57.7134 56.898 50.5847 51.2635 49.5037 49.2114 48.0548 48.9339 49.4751 0 
59.5006 61.4986 60.9669 58.3457 51.6071 51.913 53.2781 53.1843 50.1544 0 
59.4895 58.0168 56.0604 53.2554 50.945 50.5981 50.4139 50.4502 49.5318 50.086 0 
59.5119 57.6523 56.4819 55.7844 52.3051 50.1042 52.5498 51.7648 0 
59.4899 54.1751 52.9038 52.54 49.9622 51.5438 52.1322 52.7273 50.8941 49.828 0 
59.5041 58.5584 56.3299 53.6974 51.4919 52.7893 52.6308 49.3014 48.7284 0 
59.4869 56.1258 56.2681 54.3445 51.0291 50.8363 49.3454 49.2517 49.4938 0 
59.4843 60.1417 58.447 54.6868 50.6633 51.7551 50.5401 50.9213 50.121 0 
59.5065 57.6821 57.4893 57.7497 55.6078 54.1169 52.7311 53.0328 51.6296 50.4832 0 
59.5051 53.6717 53.7685 54.71 51.2293 52.2113 51.0608 50.2524 49.5815 0 
59.5122 52.6798 57.1194 53.818 54.7001 51.7072 51.2672 51.1952 51.3309 50.4296 0 
59.5037 51.9547 50.0412 51.2627 49.5002 51.2461 48.9095 48.6104 47.587 0 
59.4988 55.7792 56.1598 58.0959 53.9989 52.8474 52.5375 51.7061 49.5761 50 0 
59.5007 62.4266 57.1137 55.1791 56.2994 54.902 52.2976 51.3419 50.0354 49.1895 0 
59.4921 55.8866 53.9205 52.9539 55.3272 53.5998 53.1027 51.5515 50.4413 47.8664 0 
59.4984 52.2308 50.3229 47.207 47.3258 48.4551 46.0939 48.5679 48.4355 49.0001 0 
59.4997 56.6046 52.5165 51.0915 49.2846 47.8033 49.6132 47.7195 48.7825 48.3443 0 
59.5148 51.8202 46.4832 44.1612 46.4744 48.7527 49.5951 50.8336 49.4798 0 
59.486 59.2771 58.7169 55.7728 53.9431 51.7578 50.9903 48.9612 48.9232 48.9756 0 
59.4692 59.2363 57.5955 57.7563 55.7882 56.4229 53.4046 51.3811 48.3175 49.6593 0 
59.4786 56.7806 54.4938 55.1385 54.886 53.8055 51.6964 51.7311 0 
59.5006 58.5926 52.4052 55.1008 52.0199 49.7759 49.3033 50.3204 49.8004 0 
59.5075 52.9515 51.7668 51.3484 47.8882 48.0023 49.6911 49.4977 48.8996 49.2896 0 
59.5007 54.2782 54.473 51.1432 51.9294 49.155 49.3284 49.7451 51.5092 49.6386 0 
59.4688 61.3073 57.906 56.4004 56.0026 54.1339 52.1981 51.0871 50.5586 49.2688 0 
59.5283 56.7184 55.9083 53.9586 53.8201 51.58 49.1739 50.1269 49.4219 0 
59.5023 58.964 55.9905 54.87 53.2713 51.2582 50.756 50.8673 50.0073 49.5165 0 
59.4946 57.9709 55.2528 55.0846 55.4064 51.602 51.0793 51.8498 51.0467 49.3334 0 
59.4831 56.8684 51.7778 52.4407 53.6288 54.3772 50.801 49.8544 48.2681 0 
59.4764 57.4133 53.2143 52.1912 52.1403 51.4648 50.4259 51.3794 50.2876 0 
59.5242 53.3056 54.4381 57.736 57.703 55.6863 53.791 52.0995 50.3533 49.8839 0 
59.4688 56.0755 51.9252 48.4127 47.9519 45.9352 46.8874 46.1327 48.1287 48.095 0 
59.4925 55.2356 55.4872 51.4121 53.5461 53.2047 52.5682 52.9323 52.6923 0 
59.4884 53.5576 49.8683 47.8549 47.4323 47.7126 48.8978 49.6934 49.0724 0 
59.5034 56.4535 53.6266 51.0337 50.2609 47.0819 48.4489 48.1804 49.0052 48.7313 0 
59.4774 59.0362 52.4444 50.7835 52.9273 50.6853 50.9696 50.0822 51.6988 50.4945 0 
59.495 54.969 54.8844 54.6875 53.8553 51.2518 52.7336 52.1848 51.6308 51.0413 0 
59.5072 57.615 55.2724 51.4169 49.1551 50.9043 50.0326 50.005 51.0078 0 
59.484 49.0089 48.7671 49.3596 49.3496 49.4635 49.2649 49.3067 49.2623 47.4088 0 
59.4907 55.7541 57.5198 53.4655 49.6537 48.5306 48.0707 48.1217 48.524 0 
59.4954 51.7677 47.7809 47.1268 48.3754 47.9726 49.5696 49.4081 49.0782 49.9849 0 
59.5131 54.0762 53.7828 50.1883 47.5866 47.127 47.4416 48.4852 49.3836 49.2623 0 
59.5219 56.104 52.9226 52.4288 50.363 48.519 46.4776 48.5195 47.8643 49.6267 0 
59.505 55.2086 49.956 46.3383 47.0358 48.2281 46.589 47.4562 47.6152 47.9954 0 
59.4955 59.8059 55.9443 53.2005 55.1664 53.6383 53.789 52.5238 49.958 48.2911 0 
59.4787 57.3271 57.3912 57.6269 54.6256 52.6588 51.1025 49.9664 49.5993 0 
59.5155 59.9999 53.7894 52.7377 50.4137 50.9952 49.2002 48.8773 46.775 48.1393 0 
59.4896 60.3012 53.7638 51.0926 49.0722 48.9091 48.802 49.0061 47.3378 48.2833 0 
59.4839 56.9056 52.3226 52.7383 49.6928 46.4849 47.2281 47.1513 48.1243 49.1749 0 
59.478 48.6562 48.1492 47.9002 49.796 49.7598 48.3635 50.1091 0 
59.5126 51.4166 47.0037 45.2548 46.8082 47.906 48.6727 50.4506 48.8059 49.0806 0 
59.4961 56.7866 53.0825 51.9431 50.5823 51.2511 50.6943 49.4524 0 
59.4943 56.8267 54.9102 52.7764 54.4267 50.9862 51.908 50.7395 50.175 50.2779 0 
59.5057 58.9705 57.063 55.0918 53.9166 52.3401 51.6163 48.8391 48.4775 48.5284 0 
59.4946 60.0425 52.0097 50.0551 48.7915 47.4461 46.8067 48.1805 47.6658 48.2411 0 
59.4956 60.1627 55.2777 51.7281 49.4322 48.6398 46.85 48.2586 49.9558 47.7986 0 
59.5195 56.4212 53.2783 51.8157 49.4713 49.3396 47.6587 49.3761 49.1209 50.086 0 
59.5218 58.5436 54.3858 52.5639 47.6328 46.1076 46.3846 47.7452 0 
59.4962 52.5961 53.3706 49.2704 50.3334 46.9897 48.8871 45.4094 45.1486 48.5413 0 
59.4995 54.5341 53.1347 53.5652 51.8033 49.6685 50.3095 48.8784 47.807 47.3823 0 
59.485 56.982 53.497 49.4233 50.8902 49.9382 49.2433 47.9092 49.2414 48.1859 0 
59.4909 56.371 53.8835 54.156 52.9704 51.0766 51.0527 50.4704 48.818 49.5607 0 
59.5163 54.7287 51.4256 50.4448 50.9027 49.5492 51.3017 49.9334 50.2358 49.2368 0 
59.4948 57.1588 58.5938 57.0457 54.7182 54.3078 53.572 49.8109 49.9745 49.8406 0 
59.4969 54.9086 50.8781 49.446 51.3708 51.2424 50.6828 50.3064 50.5644 48.8062 0 
59.5149 58.8146 55.6772 55.6166 53.3725 53.2574 50.6525 50.2791 49.1275 50.0104 0 
59.482 51.0011 50.473 49.8962 50.1443 50.1553 50.0373 0 
59.4965 59.6055 59.0749 54.5267 52.4454 51.8626 50.3143 50.3735 49.9527 50.3407 0 
59.491 54.2068 50.6456 51.0326 50.7683 46.953 48.066 49.5622 49.4664 50.5519 0 
59.5005 52.8856 50.1 49.6114 51.9111 51.4052 50.4548 49.7649 47.7654 49.2264 0 
59.4781 52.3267 57.3296 55.7269 54.3413 51.1048 50.649 48.8742 47.7365 49.0221 0 
59.5062 55.8373 53.2032 53.4011 50.3991 52.5892 50.0508 48.8208 48.8597 49.7097 0 
59.487 52.3153 53.4245 48.8663 48.0836 48.5263 46.5521 46.6142 47.4446 47.868 0 
59.5016 56.4272 57.4522 55.3726 54.8268 53.1766 50.0236 50.9146 51.3704 51.2527 0 
59.4999 55.6054 51.4051 52.171 50.6732 49.6614 47.6118 50.2411 51.1136 49.6374 0 
59.5064 57.3821 55.6411 54.5588 53.7068 52.7192 51.791 51.36 51.5309 48.6704 0 
59.5008 55.6691 58.1742 59.5842 58.3136 56.9475 53.0832 52.0648 50.8015 48.3259 0 
59.4886 50.575 50.8237 48.8293 49.9837 50.9029 53.4461 52.671 51.3017 0 
59.521 52.0795 49.7031 48.0469 47.6822 46.292 49.0972 47.4838 0 
59.4738 56.75 54.3207 50.7501 51.2361 49.8602 50.9822 50.7061 50.5911 49.4413 0 
59.4644 55.5315 53.3314 53.029 52.8724 52.0888 50.6351 50.8815 49.6429 48.9783 0 
59.4768 54.3644 52.9999 52.8918 50.4027 49.3781 49.1054 49.0272 48.9659 48.7336 0 
59.5027 57.3894 59.1257 56.6794 56.2558 52.4351 50.4042 50.3057 49.7865 49.3186 0 
59.5049 59.252 57.8372 56.8886 55.389 51.994 51.6284 50.887 50.7594 0 
59.517 58.7574 51.3744 53.4263 52.059 52.1197 49.598 49.8329 48.8236 48.2011 0 
59.4961 58.1641 52.2714 53.4478 53.2871 50.7397 49.9609 50.4133 50.1538 50.0614 0 
59.4846 57.462 53.8548 54.1977 54.6252 52.9683 52.3177 52.562 50.5788 49.3411 0 
59.4927 56.0283 52.4142 54.1266 52.7971 50.3425 48.7183 47.7742 48.732 48.979 0 
59.5041 49.2947 45.7059 46.3836 44.7319 45.9826 47.1884 47.0098 47.4618 48.3031 0 
59.4987 55.9117 50.5062 52.2454 50.0083 50.6645 51.4442 48.2091 49.294 50.0226 0 
59.483 56.9932 56.9921 55.2412 52.2581 49.8118 50.6312 50.6114 48.9488 0 
59.4816 56.0956 59.6395 55.8158 53.6874 50.4899 49.1424 49.4518 49.7244 48.3668 0 
59.5053 52.4064 53.1259 48.07 48.7513 48.3304 47.2639 47.6273 47.1765 0 
59.4482 54.8238 53.8967 53.7858 49.463 51.5422 52.5377 51.9357 51.205 51.1119 0 
59.4945 58.3148 54.9209 55.8935 53.4133 52.3233 50.4064 50.9067 49.5265 0 
59.5105 59.2282 59.2232 50.7377 50.1071 46.9351 47.0477 48.1097 47.2963 0 
59.4754 52.4846 52.6631 53.2268 52.4316 49.4984 50.5959 50.6298 49.3552 48.9801 0 
59.5076 54.8299 52.898 51.9338 51.4073 53.2238 53.229 51.83 50.1455 49.4187 0 
59.4937 59.7993 58.7825 55.7063 54.7242 52.7085 50.8821 52.0794 51.6332 0 
59.4882 57.0931 51.7487 48.8023 47.5698 48.4764 48.5866 46.9443 48.5421 49.1336 0 
59.4908 60.2305 54.5865 55.5409 54.4767 52.5269 51.6492 52.9428 50.7972 49.3333 0 
59.4544 58.4594 55.6495 49.8797 51.2626 50.1364 50.7063 48.8245 48.842 49.2526 0 
59.4955 60.4486 59.3917 58.5117 57.5724 54.7469 54.3436 53.4726 50.9598 50.1978 0 
59.4803 56.255 51.5002 50.0415 51.428 50.5639 51.0904 52.1101 50.4667 49.6914 0 
59.514 56.9909 51.9735 49.7517 50.0466 48.0456 47.1213 48.4869 47.9695 48.2969 0 
59.4896 59.7727 56.0607 54.5234 51.2057 51.3386 51.6892 51.8053 49.8471 50.6418 0 
59.5249 54.2495 53.6383 49.9394 49.7614 48.748 50.0636 48.5065 47.2346 48.2637 0 
59.4861 55.0854 52.7252 52.6399 51.6206 51.3836 50.7881 50.425 50.6647 0 
59.5095 58.0426 55.5062 54.2409 54.6866 51.6614 50.9372 50.2596 48.7935 0 
59.4764 58.8131 56.5333 54.1642 53.7852 51.9484 51.0083 52.5906 49.4349 49.1812 0 
59.4583 63.2112 59.253 56.5515 53.0257 52.9711 50.8931 51.3432 51.1279 48.9177 0 
59.5038 57.113 56.8337 52.5529 53.2709 50.7868 50.1632 50.7485 48.8775 49.0765 0 
59.4985 58.055 54.8143 56.2077 55.1767 55.5997 53.9998 53.2138 51 49.871 0 
59.4712 54.417 50.056 51.1553 50.8268 49.1811 49.8602 48.7752 48.2911 49.0549 0 
59.4917 53.2269 50.9597 50.5365 51.347 49.1417 48.6579 48.5448 47.9642 0 
59.4925 54.6487 56.5285 54.4003 51.9405 50.4682 48.8151 48.4108 48.2806 0 
59.4824 53.5841 52.0125 50.7761 50.3443 49.9356 50.9603 51.7039 50.3443 0 
59.5061 55.1258 50.244 47.3557 48.0756 46.9484 46.51 46.5311 47.8131 48.0698 0 
59.4724 53.9789 56.9535 52.0083 51.1305 50.6037 51.9611 51.1203 50.3898 0 
59.506 53.3593 50.7093 46.868 47.7276 47.3646 48.2866 49.2641 49.1177 49.9157 0 
59.5009 50.8039 52.3387 51.2281 48.1525 47.2289 48.5473 50.1977 50.3794 49.8304 0 
59.4765 53.5849 49.5352 48.2138 47.7958 45.5384 47.5086 47.1642 46.5782 47.967 0 
59.4707 49.7208 49.524 51.967 50.3417 51.5725 50.3497 50.7324 51.3115 48.3398 0 
59.4993 52.7553 50.5785 49.5719 51.5389 52.2409 48.0771 49.2595 51.4072 0 
59.513 55.2056 53.0926 49.2931 48.4562 48.6936 50.9079 50.8242 48.6208 49.8925 0 
59.5089 62.3671 58.6468 57.1405 55.3655 51.972 52.8744 52.9391 51.221 49.8902 0 
59.4969 53.7959 57.1864 57.3082 54.9405 51.9779 52.5981 50.2915 49.254 48.6987 0 
59.5115 56.0652 56.1026 54.8935 56.554 53.2435 54.3591 53.2314 50.557 50.0538 0 
59.4901 53.5043 53.8227 54.3208 52.3971 54.3838 53.7661 52.3455 50.2184 49.5699 0 
59.4864 59.7737 55.4665 52.5558 50.1454 50.7976 49.3108 50.0523 48.8722 49.3949 0 
59.4989 52.9295 47.2655 48.1111 48.7957 48.9819 49.7574 49.6759 47.2236 48.944 0 
59.5122 51.0647 52.5043 51.6782 50.919 48.657 48.867 49.2532 49.99 49.1324 0 
59.4897 52.864 53.6935 50.2978 47.8835 47.4293 46.6826 47.8316 48.7042 0 
59.4827 56.3231 56.4977 53.1995 53.4729 53.2895 52.126 51.3678 50.9396 49.1074 0 
59.4773 53.4859 54.5328 54.9028 53.6415 54.5134 52.4501 51.04 51.4558 50.3811 0 
59.5034 54.2795 50.6377 48.5333 47.6433 49.1033 48.3637 48.1068 47.0595 0 
59.4834 59.4674 57.4692 55.6392 50.8416 50.1829 50.9695 50.8534 50.7134 48.7622 0 
59.5276 55.7007 50.3216 52.3905 49.8399 50.8702 48.891 49.5732 47.9088 49.1639 0 
59.492 51.9771 52.6717 56.0496 51.1053 52.9485 52.0013 51.3443 48.3364 48.9341 0 
59.5108 50.9736 52.6761 52.3401 51.1223 53.7144 52.3729 51.7659 50.9264 0 
59.481 50.3152 48.8121 46.8264 49.5723 48.162 47.923 48.4246 47.1419 0 
59.4712 53.8564 51.3914 46.5993 46.9583 46.4879 47.1629 47.2949 48.7453 0 
59.4965 61.9497 59.1139 57.5766 55.8428 54.5074 53.9107 53.3138 51.6712 49.7672 0 
59.486 53.9021 53.3569 49.8993 50.8988 51.5343 51.8199 50.0827 48.4931 47.4091 0 
59.4957 53.131 53.9587 50.4196 50.4649 50.0235 51.2065 51.6685 50.926 49.4506 0 
59.4985 52.889 47.0552 46.5126 48.3747 49.742 48.924 50.0019 48.9295 49.022 0 
59.509 49.6806 54.9306 53.4237 52.9543 51.1206 49.9375 48.7483 48.8683 0 
59.4623 52.1268 47.9482 47.746 49.9909 49.8367 50.2126 50.7564 0 
59.4925 59.0134 54.2184 51.4536 52.5469 50.3763 47.8382 48.0783 48.7471 50.3441 0 
59.4713 51.5792 52.4083 52.0921 53.5403 52.1967 50.7896 50.6211 49.1532 49.2211 0 
59.4958 54.8968 50.1046 47.964 47.3719 51.0339 50.8407 49.6585 48.9445 48.1541 0 
59.5281 53.1713 49.497 53.585 50.9412 53.5811 52.8505 50.3645 49.3156 50.0551 0 
59.4776 56.2582 55.7902 52.8535 50.26 48.3094 47.8576 47.7671 49.6175 49.5165 0 
59.505 53.0793 51.9372 50.3505 49.4257 46.7007 46.8921 48.3668 48.4853 49.4644 0 
59.4883 56.9356 55.5497 54.2856 54.483 52.0258 49.9998 50.6498 48.0748 48.5165 0 
59.5159 59.0802 58.3792 58.7608 58.244 53.548 51.4671 49.4245 50.4499 0 
59.4978 50.9975 50.4388 51.2354 50.5024 52.7742 49.0486 47.9334 49.21 49.415 0 
59.5145 54.0365 54.014 53.6185 53.1123 52.2555 50.4883 50.4287 49.5031 0 
59.5183 52.6967 50.4047 47.9496 49.6591 46.4819 46.3393 48.4431 49.0886 48.9359 0 
59.5005 59.5308 57.6661 55.3977 51.8931 52.8654 50.2345 49.9307 48.4725 0 
59.4961 61.7229 57.56 53.768 49.9353 48.2703 48.0419 48.8668 48.3896 0 
59.4913 55.7132 53.7216 53.1315 50.6536 48.8772 47.1938 48.7547 49.0234 47.7801 0 
59.4796 53.1836 53.4969 51.6941 49.3955 49.5984 50.3833 50.3477 49.9025 49.3998 0 
59.4975 59.587 59.3463 57.1278 51.9998 51.2227 51.9087 51.1884 50.257 49.0175 0 
59.4928 53.4086 51.9732 52.2984 53.9016 54.2774 51.5548 52.5202 52.4597 50.0769 0 
59.4917 55.8149 52.4602 52.7784 52.863 49.2015 47.0516 45.7362 48.8666 0 
59.5191 55.943 52.9393 52.6767 53.0148 53.5606 52.8711 51.9002 50.5605 0 
59.5014 59.9864 57.1953 54.7727 54.5079 53.3047 50.6559 49.1534 49.9012 49.0175 0 
59.5129 56.9581 55.5759 56.5245 52.8811 51.5769 50.4367 49.5067 47.7772 49.8027 0 
59.4888 57.7275 55.5805 56.1029 55.115 52.033 50.748 49.8404 49.439 48.7487 0 
59.5001 51.6767 50.627 47.7055 48.9848 48.7407 49.1897 49.1308 48.0851 49.6236 0 
59.4865 55.9084 57.388 53.6432 50.9203 52.2588 51.5095 51.0314 49.8948 0 
59.5015 53.0903 50.7713 48.0674 51.8832 52.4814 52.1602 48.8925 49.344 0 
59.492 57.528 53.037 52.4837 51.3944 50.423 48.5865 48.8115 49.9956 0 
59.4898 50.1797 49.3832 49.2304 48.7024 49.0476 51.0787 49.6907 49.3241 0 
59.4866 53.9968 49.5612 47.3931 47.8817 47.794 48.5402 47.5422 47.7848 48.3148 0 
59.4819 49.6505 52.0965 53.769 55.1178 52.9728 52.4933 52.7238 50.6062 49.9823 0 
59.5076 59.5244 55.5978 52.9925 53.3411 54.4788 53.6845 51.4815 50.5434 0 
59.4823 54.2318 55.0946 57.5601 57.7097 56.0843 54.6057 53.2337 52.5087 51.4278 0 
59.4923 59.1867 52.419 51.7409 55.1611 54.5139 51.457 51.999 52.8 0 
59.5041 55.1282 55.3994 53.708 51.0106 53.3448 53.4293 51.6473 50.7509 49.2623 0 
59.512 53.9242 49.35 50.7731 49.3942 47.3946 46.0478 48.1128 46.5681 0 
59.4993 59.8993 56.4744 54.5052 50.8451 49.3023 50.547 51.123 49.5625 49.2951 0 
59.5044 55.8094 54.7521 55.3152 52.0767 50.2559 49.1799 49.3966 48.0399 49.1203 0 
59.4861 59.5396 52.0001 49.6489 46.6871 47.342 47.6684 48.9445 0 
59.5339 54.4912 50.8223 53.5708 53.7364 52.3645 50.58 50.2788 49.1226 48.9678 0 
59.5046 53.3859 50.9769 50.518 48.4473 48.9395 48.5686 48.2739 48.5817 48.3081 0 
59.4998 52.0697 53.248 54.9525 54.2303 53.1554 51.769 52.2371 50.1799 0 
59.4849 57.6765 57.1834 53.3521 53.2808 52.9839 53.0455 53.4368 51.8896 49.967 0 
59.4943 54.3675 55.3888 50.889 51.8897 52.6259 50.8212 49.4991 49.7823 49.021 0 
59.4963 59.1019 59.1045 59.1131 55.2627 54.9338 52.4068 51.5808 50.4022 49.6776 0 
59.4931 55.0914 51.9571 56.6822 54.3574 52.1944 50.666 49.2982 48.3718 49.055 0 
59.5017 56.7269 56.6994 54.241 52.6439 51.3875 49.4163 49.2721 49.0599 50.1123 0 
59.5057 55.3871 52.6848 52.9675 54.1001 52.1587 51.6062 48.9585 47.965 48.9103 0 
59.4873 55.1807 51.8146 49.2572 48.4416 49.204 47.2719 46.7068 45.6037 47.1506 0 
59.4911 53.4631 54.5545 53.8308 50.981 50.1 50.209 49.3746 49.3664 49.5469 0 
59.4973 58.4503 53.4713 53.525 53.2702 52.9437 50.7682 51.5506 50.8008 49.5371 0 
59.4841 55.2833 53.1284 52.4511 54.2736 54.3175 50.3249 48.666 49.8843 48.9423 0 
59.5328 55.786 55.693 53.254 50.639 49.6345 48.9546 49.0305 0 
59.4852 48.8008 45.8651 45.8792 46.7358 49.604 48.2761 0 
59.494 50.9009 46.8752 47.9236 48.3725 50.2122 48.9693 49.734 0 
59.4859 54.9517 55.2162 54.4379 52.7534 51.5462 51.373 48.7802 48.1004 49.1496 0 
59.4991 54.165 55.6139 55.9034 54.1091 52.1551 51.1245 49.3256 49.7448 48.5465 0 
59.4856 56.9954 51.5924 52.3678 49.3711 49.2736 49.8877 0 
59.5048 51.2117 50.9497 50.9502 51.2325 49.5947 51.5667 51.4947 49.7472 48.187 0 
59.4931 56.2768 53.4243 54.1252 55.3541 51.1937 50.1036 49.8238 50.4834 49.4084 0 
59.4942 53.9617 50.9277 49.5719 48.2951 48.5957 48.9415 49.3738 50.3346 48.2615 0 
59.4818 56.1127 53.7687 51.3259 50.7634 50.809 51.5515 51.9 49.8102 48.3147 0 
59.4781 58.0977 56.141 57.4454 51.5464 49.8512 50.9517 50.287 50.1782 0 
59.4775 57.6292 56.456 55.1108 54.0171 54.9369 51.4301 51.7128 51.5269 51.2085 0 
59.5216 57.4681 57.324 54.2265 49.6218 49.0442 48.4834 48.6932 0 
59.4774 52.9727 48.8583 47.5604 49.91 50.9316 48.3247 47.7436 47.4682 48.3465 0 
59.484 50.2648 47.811 49.2146 50.3249 48.2216 48.7913 48.8518 48.0314 47.6668 0 
59.5013 58.6413 53.5242 53.7854 53.1201 53.2038 54.2902 54.2867 0 
59.4924 57.8855 59.381 56.4563 55.6708 53.3155 51.8745 50.7619 49.4234 47.6496 0 
59.4755 55.3264 54.2066 53.0598 50.7615 52.2036 51.6964 50.4132 50.6418 0 
59.5171 53.8039 53.0312 51.8261 49.8477 49.3759 51.509 50.8855 50.101 49.4241 0 
59.4996 59.9395 57.5083 57.8808 56.2601 52.3336 52.6004 53.715 51.1161 50.4286 0 
59.508 57.5732 57.5062 58.8263 53.9518 53.6082 50.755 50.0966 51.7467 49.43 0 
59.5215 61.6441 57.0888 56.5164 54.1773 50.0475 50.3517 49.5979 50.4793 49.8387 0 
