28.9969 40.0742 41.1366 0 
28.4992 0 
28.9951 0 
28.4974 32.8337 0 
28.5036 32.442 38.8462 0 
28.5056 39.0145 42.6568 44.8663 44.7881 48.0653 0 
28.9867 37.8686 0 
28.0125 0 
28.5045 0 
28.9923 40.6553 42.1722 45.9755 0 
28.0138 38.2435 45.9741 0 
28.4992 39.9213 41.6672 42.3736 0 
28.5012 41.8604 43.8751 0 
28.0082 33.1008 42.8249 42.373 0 
29.0059 40.9929 41.6482 43.1612 44.9257 47.9112 0 
28.4966 0 
28.5008 0 
28.4973 0 
28.497 0 
28.9986 41.8622 0 
28.9985 37.4593 42.6992 41.6247 0 
28.4995 35.6574 37.1023 39.5193 40.4094 41.9269 44.2443 0 
28.5013 38.6667 42.7467 43.3385 45.8478 0 
28.4985 39.4746 43.8818 43.9706 0 
28.4977 43.7528 0 
28.4993 31.0084 0 
28.4998 41.3971 43.5031 49.1281 48.8194 0 
28.4977 38.0152 0 
28.0004 37.8647 39.6679 41.6199 40.6648 45.6131 45.3459 0 
28.4953 0 
28.5024 41.2786 45.0267 45.6749 48.097 46.2539 0 
28.5051 0 
27.9904 36.7233 41.3071 44.9627 44.3803 45.2643 44.8738 44.1736 46.4313 0 
28.4955 0 
28.5036 36.111 44.9853 0 
28.4992 40.6112 46.7911 51.627 0 
28.499 0 
28.4913 0 
28.5009 40.6466 0 
28.4985 36.3375 39.4728 45.7607 0 
27.9935 36.2382 36.462 41.6038 41.8846 42.9716 45.599 0 
28.3819 0 
28.4975 24.9225 31.7793 34.5262 35.8418 39.2073 43 44.4024 0 
28.4987 0 
28.5051 37.0201 0 
28.5009 0 
28.5001 40.1839 0 
28.4991 37.507 40.3459 0 
28.506 0 
28.4964 36.6743 0 
28.5069 0 
28.5002 0 
28.5042 35.3498 34.453 38.6212 37.8827 41.5284 43.6437 0 
28.5015 37.415 0 
28.5 36.5412 43.0655 44.2546 47.2045 0 
28.5008 0 
28.9985 0 
28.4947 34.2662 45.0968 49.4368 0 
28.9527 0 
29.001 37.102 40.7956 0 
28.5037 38.6385 42.3838 41.7862 44.6346 44.1593 0 
29.0001 39.4538 0 
28.4988 0 
28.5002 0 
28.5025 0 
28.4988 0 
28.4979 0 
28.5041 0 
28.3424 42.6916 0 
28.499 36.9244 42.7542 46.9316 44.6835 0 
28.4944 36.1235 0 
28.4973 0 
29.0119 38.8602 0 
28.5023 36.5448 38.8081 41.7016 43.5965 44.367 48.4106 0 
28.4943 34.9691 38.159 0 
28.5022 36.7546 39.1775 0 
28.9894 0 
28.5019 0 
28.504 34.3628 0 
28.4982 42.5119 0 
29.0089 0 
28.9769 35.5454 38.4018 42.628 44.1106 46.6799 0 
28.0041 38.3183 44.3067 40.1862 41.1913 0 
28.497 0 
28.502 0 
28.4998 30.5748 40.9333 42.424 0 
29.0025 0 
28.4999 32.1087 38.3533 40.8609 45.3338 0 
28.0113 0 
28.4996 33.3223 38.2152 40.505 0 
28.0047 28.6219 33.9961 38.9448 44.5683 46.1048 0 
28.4929 36.4444 0 
28.5013 38.6994 37.2022 42.7632 45.0064 45.6368 0 
28.4974 0 
28.4977 36.503 40.7013 47.6684 49.0447 49.1804 49.0595 49.9977 0 
28.4988 37.1081 0 
28.5006 0 
28.5045 0 
28.504 0 
28.4945 34.2108 41.7686 44.6089 46.3344 45.0191 0 
28.5027 0 
28.4981 0 
28.9999 32.7955 37.4001 42.7476 44.6586 44.6918 0 
28.4988 35.8259 38.6954 43.2994 46.4594 46.8462 0 
28.5008 0 
28.501 0 
28.5004 0 
28.4992 34.3851 34.3565 0 
28.504 35.0119 44.9968 48.7153 47.7845 0 
28.5002 0 
28.9758 31.3162 0 
28.5017 0 
28.5012 31.9974 40.3505 45.166 45.0957 45.9855 46.5095 49.5273 0 
28.1191 32.9665 38.8224 40.5641 0 
28.4998 33.434 34.6662 0 
28.0012 0 
29.0033 34.6481 39.4672 40.6851 44.4663 46.5951 48.2742 0 
28.2395 0 
28.0021 0 
28.9917 35.9501 42.5256 0 
28.5005 0 
28.5008 31.3358 0 
29.0021 0 
28.5028 0 
28.4982 37.0532 35.6294 0 
28.9975 38.2376 43.6477 47.297 45.3807 0 
29.0016 36.9841 40.6151 43.9631 0 
28.9982 39.9184 46.2624 42.5784 42.7592 0 
28.5068 38.2134 45.5402 50.4526 52.3485 0 
28.4961 36.116 36.8866 0 
28.5022 38.8998 41.2928 43.5 44.7345 45.919 0 
28.0002 0 
29.0015 34.7885 31.8863 35.7855 37.6932 40.2166 44.0012 45.1367 0 
28.5014 41.001 36.0897 0 
29.0001 37.5208 0 
28.4982 39.4359 0 
28.0019 39.1535 40.9169 0 
29.0057 40.3021 45.0253 49.848 48.3735 0 
28.0129 37.1331 0 
28.9996 34.7406 0 
28.0162 34.2702 0 
28.0009 41.6803 42.9979 45.2232 0 
28.4984 0 
28.5027 31.8705 37.9211 44.8471 47.0379 47.7688 0 
28.5003 0 
28.9976 39.2508 40.9253 45.4561 0 
29.0019 40.984 46.0456 0 
28.4991 0 
28.0085 33.8813 40.0157 43.6139 43.2513 45.1156 46.3144 0 
28.4988 0 
28.5 34.094 41.0535 42.8462 42.7675 43.4223 43.9195 0 
28.4977 39.2282 45.3585 0 
28.4973 36.4733 42.1389 41.8168 45.3623 45.1853 46.7966 0 
28.0038 39.5674 0 
28.999 35.5039 38.025 0 
28.5034 34.3055 36.8502 39.3882 43.5019 0 
28.4959 34.4163 40.2049 44.4091 44.8136 45.9606 0 
28.4963 35.8774 0 
28.4998 36.8247 41.5899 41.4694 43.6087 45.3823 45.656 0 
28.497 0 
28.4953 0 
28.0075 0 
28.5025 0 
28.0016 33.9242 37.4167 36.651 41.8836 0 
28.0052 37.3846 41.3098 45.5804 47.1235 47.7544 49.2618 47.6814 0 
28.4995 0 
28.9916 35.6997 43.4501 47.5546 49.7001 0 
28.5081 37.4659 0 
28.5258 35.441 41.5656 44.2548 48.2462 49.5943 48.9015 49.2984 0 
28.5011 31.6921 37.0804 41.6983 41.6259 43.1365 0 
28.4957 36.1697 0 
28.0012 0 
28.5006 0 
28.4985 32.3551 39.608 0 
28.4974 0 
28.4998 0 
28.5015 0 
28.975 34.6111 39.3143 43.9101 0 
28.5048 0 
28.4996 35.0103 44.7002 48.8189 0 
28.0213 0 
28.0137 34.0784 0 
28.9929 41.4404 0 
28.5009 0 
28.0056 38.8154 0 
28.5034 0 
28.5065 43.054 46.7062 0 
28.4998 0 
28.4981 0 
28.4965 41.3164 0 
28.4982 0 
27.9975 37.4841 50.9517 0 
28.5007 35.3742 0 
28.5009 0 
28.4998 0 
28.4977 37.4684 44.8218 43.7568 46.2612 45.6292 45.2141 45.443 0 
28.502 0 
28.4946 0 
28.4954 39.6147 0 
28.5001 0 
28.4936 38.6775 0 
28.0022 33.6345 35.6019 37.5425 43.8806 44.7493 0 
27.9971 39.5754 0 
28.501 37.7642 0 
28.4975 39.4769 44.8594 0 
28.0214 40.7213 44.5649 43.482 0 
28.5005 40.2648 41.588 0 
28.4996 40.5319 40.1383 43.1542 0 
28.5007 35.883 0 
28.5 41.2129 42.1804 43.4143 0 
28.9796 0 
28.4933 0 
28.4976 34.8282 42.3567 44.4752 0 
28.4987 0 
27.9966 0 
29.0056 0 
27.9947 0 
28.99 38.1292 0 
28.5012 0 
28.4996 0 
28.0027 0 
28.4991 33.8637 38.2002 0 
28.499 0 
28.5026 0 
28.7961 37.6911 0 
28.9963 0 
28.5141 0 
28.5034 0 
28.0082 34.9438 41.2482 41.6171 46.7367 0 
28.5003 0 
28.5012 0 
28.5011 33.5026 40.0451 39.8402 0 
28.502 33.9238 0 
28.0077 0 
28.5033 38.0938 44.1345 44.0059 44.2098 0 
28.0046 37.2871 0 
28.5009 0 
28.5027 0 
28.5053 0 
29.0028 0 
28.5032 36.5879 0 
28.4965 29.6914 32.2429 38.0743 0 
28.5034 37.3001 41.8685 0 
28.0744 37.8586 0 
28.0049 40.8737 43.5857 0 
28.5021 0 
28.4993 40.3622 43.2679 46.6377 0 
28.5013 0 
28.4556 32.546 36.9086 0 
28.497 0 
28.4999 0 
28.9925 0 
28.5029 0 
28.5032 29.9961 40.795 42.5962 0 
28.4956 42.2004 47.6397 54.1992 54.0267 52.1428 51.1753 0 
28.0023 0 
28.4997 37.759 36.247 36.2731 42.0439 0 
28.494 43.1044 0 
28.5018 35.1352 0 
28.5046 33.2125 0 
28.4991 31.8596 39.0151 0 
28.4923 36.8076 39.934 39.0508 42.2298 45.3869 0 
28.989 0 
28.4978 36.7053 0 
28.0153 0 
28.5006 33.3015 35.9047 38.1865 44.5647 43.6353 44.6885 46.3709 48.0021 0 
28.5014 0 
28.4972 0 
28.9948 0 
28.4974 37.2908 41.2005 43.7554 44.3776 45.6679 46.1331 0 
28.5048 28.9973 37.3568 40.4466 40.1963 43.9946 45.9931 0 
28.9923 0 
28.4957 0 
28.4951 35.499 37.4449 39.3962 43.3843 45.9209 44.6638 0 
28.7119 0 
28.5005 36.8614 42.0852 0 
27.9981 35.2347 40.6048 43.9893 0 
28.4945 0 
28.4975 38.0193 39.5769 41.9153 44.5203 0 
28.9968 0 
28.0168 41.5892 0 
28.5007 35.6448 0 
28.9979 0 
28.5026 37.0218 43.09 44.1357 44.704 0 
28.4988 33.1609 0 
28.4988 37.0481 46.9946 47.7085 48.3792 48.2001 47.994 0 
28.4292 0 
28.5011 37.0425 0 
28.5042 37.1496 41.8442 41.9601 46.9836 48.8546 0 
28.503 0 
28.4989 37.3848 0 
28.0135 39.8677 43.2947 0 
29.0021 36.0766 0 
28.4973 0 
28.5002 0 
28.0048 35.8597 0 
28.4968 28.116 34.612 0 
28.5003 0 
28.0063 0 
28.9988 0 
28.504 38.4939 0 
28.5015 31.917 40.5417 0 
28.4916 35.3527 44.6504 48.5236 48.0625 48.6362 0 
28.5003 0 
28.0178 35.3117 0 
28.4972 38.3179 44.4593 46.2003 47.7938 0 
28.9865 39.1015 44.5144 46.3151 0 
29.0006 37.1765 0 
28.4991 32.6435 0 
28.5027 33.7484 41.9528 43.4926 0 
28.4997 40.7405 0 
28.5017 32.5462 41.0711 43.5203 44.8473 45.8933 0 
28.4971 41.7971 40.8097 45.3199 45.3712 45.9666 44.5995 0 
28.5009 40.2888 48.3927 47.8545 0 
28.502 41.9465 0 
28.4972 0 
28.5027 41.7449 43.1656 42.7829 0 
28.4991 0 
28.4955 0 
28.9973 36.5758 36.2466 0 
28.4987 0 
28.0171 32.0448 37.4036 42.331 0 
28.4989 37.0302 37.2261 41.2977 46.2875 45.9628 45.9975 0 
28.5015 35.2691 34.6126 39.257 43.7593 43.8602 45.7154 47.5546 0 
28.5018 37.1879 39.7492 40.8489 44.7078 45.6308 0 
28.4987 34.2079 39.3106 43.162 44.1645 0 
28.5022 0 
28.5032 33.5004 40.0529 41.5248 42.2362 0 
28.4926 0 
28.4973 28.9049 0 
28.497 0 
28.5031 34.2481 40.8342 0 
28.5006 43.2542 47.3931 48.9803 0 
27.9993 32.0934 36.4832 36.8811 37.6098 0 
29.0017 36.3031 40.7079 44.2249 0 
28.4942 40.8228 35.3539 39.9437 41.1658 41.6961 0 
28.5042 34.2117 43.9559 0 
27.9918 34.2873 0 
28.9968 0 
28.9898 29.321 36.7078 0 
28.501 0 
28.0029 40.2812 0 
29.0038 0 
28.5006 37.5629 0 
28.5008 29.7722 35.771 39.0453 40.8033 39.7702 0 
27.997 0 
28.5029 0 
28.983 34.5187 36.1795 38.3933 40.5244 0 
29.0008 33.9704 0 
28.497 0 
28.4974 41.4866 43.4554 49.4962 0 
28.4972 37.7649 0 
28.4955 0 
28.503 38.8583 37.6562 42.3179 42.8196 43.7635 46.3559 0 
28.5027 32.5771 38.9478 40.7168 43.3814 0 
28.0193 36.7532 41.7315 42.0307 42.5345 45.7061 0 
28.5021 30.8072 0 
28.4936 31.0055 38.976 43.3641 45.2697 46.2027 0 
28.5028 29.968 31.9398 36.5536 40.789 43.077 45.9952 0 
28.5028 0 
28.4926 29.2702 33.8329 37.265 0 
29.003 33.8645 38.6042 42.3107 43.7766 45.146 45.6206 46.4208 46.0156 0 
28.5017 37.5902 0 
29.0022 0 
28.9897 34.2729 0 
28.4973 40.0603 43.8148 43.7133 43.7223 43.1405 46.3586 0 
28.4951 0 
28.4986 49.9323 0 
27.9953 0 
28.5035 35.477 36.5553 39.2231 42.709 46.0024 47.2136 46.7706 47.6216 0 
28.5005 42.3146 0 
28.5027 0 
28.4986 37.3769 0 
28.0065 38.0131 45.0323 50.4156 50.9137 0 
28.5024 0 
28.9963 31.1063 36.5543 39.8931 0 
28.4912 33.0693 43.5123 0 
28.5025 39.3565 0 
28.4989 41.2658 0 
28.5005 36.5791 37.5292 45.915 0 
28.4955 42.0854 0 
28.5 41.6691 48.8742 0 
28.4987 40.3173 0 
28.4986 40.3134 40.341 45.8897 0 
28.5032 34.5011 37.7224 39.4353 0 
28.5021 36.1709 0 
28.4975 0 
27.9922 37.851 42.5213 44.6356 46.6523 0 
28.4963 39.8215 38.4402 40.8503 40.6651 43.0434 0 
28.5044 35.2044 38.3428 0 
28.5059 38.4656 38.8168 36.7299 41.1527 43.0773 45.8877 0 
28.4987 33.7843 36.5812 38.801 39.931 41.9769 0 
28.4979 33.7593 0 
28.4997 0 
28.9834 0 
28.4999 0 
28.0064 42.5024 0 
28.4975 29.6654 30.9133 0 
28.5015 39.8306 45.3015 0 
28.9774 0 
28.5023 31.5523 0 
28.4985 38.2814 48.9572 50.7262 51.1996 0 
28.5014 34.7164 0 
28.9958 32.7896 36.5025 39.2744 43.9332 46.552 47.4597 48.2328 47.8766 48.0954 0 
28.4665 0 
28.5039 33.4862 0 
28.4973 34.2657 39.5439 0 
28.9973 38.7054 0 
28.4974 0 
28.5001 41.9096 0 
28.4949 0 
28.5015 36.8671 41.3349 42.5442 43.4975 0 
28.4997 36.6057 43.8745 0 
28.5023 38.8658 0 
28.2174 36.5553 0 
28.5021 0 
28.9956 37.9237 44.2267 42.3077 0 
28.4977 38.2133 40.2662 40.4389 41.544 0 
28.5013 40.5 44.5897 0 
28.0101 32.8998 39.3543 42.7729 44.7361 0 
29.004 38.7355 0 
28.4996 35.7905 0 
28.4993 34.6918 41.4702 45.7217 49.1802 48.4547 0 
28.5046 38.1839 45.4546 0 
28.5259 0 
28.5009 0 
28.5037 32.1555 37.8792 41.049 44.3571 45.0051 0 
28.4967 40.4008 43.9168 47.0385 0 
28.5016 36.7406 0 
28.5007 0 
28.5001 37.9402 42.5093 0 
29.0047 39.0617 39.6219 43.7999 44.5627 0 
28.4982 35.0424 41.4527 0 
28.4983 28.7084 36.3953 38.8762 39.0612 41.2632 43.7111 0 
28.5003 33.826 37.0928 36.7855 39.0053 42.4844 0 
28.4962 0 
28.4994 41.1183 0 
28.0005 39.4622 0 
28.0169 33.7377 37.3434 39.2378 40.5004 42.0968 42.471 45.3206 0 
28.5014 37.5088 0 
28.9874 33.5685 38.3364 40.553 43.7366 45.7174 0 
28.4973 37.0736 40.9313 0 
28.4938 37.1293 43.4107 44.503 46.1546 45.642 46.4819 46.6115 0 
27.9898 35.204 38.3978 41.2008 0 
28.9993 0 
28.4958 37.0444 43.7327 0 
28.9984 34.4788 0 
28.5015 36.5222 43.1512 0 
28.4985 0 
28.9845 41.5006 44.858 0 
28.5059 33.8229 35.5175 0 
28.5016 39.4675 0 
28.0095 30.0705 34.0939 35.2862 39.7124 42.0331 41.6501 0 
28.5027 0 
28.496 0 
28.4949 41.9825 44.4428 0 
28.5012 0 
28.4964 38.4173 37.3011 43.4067 0 
28.9792 0 
28.4967 30.71 38.4434 42.1688 46.4263 47.268 47.5183 48.8278 0 
28.4985 0 
28.4733 0 
28.9917 34.9044 42.7784 0 
29.003 36.2833 42.916 47.5656 0 
28.4982 35.6374 41.5621 0 
28.5027 37.4292 0 
28.4947 0 
28.5045 0 
28.4996 37.4296 0 
28.9682 31.8557 36.8848 39.931 44.1736 46.5971 0 
28.4985 29.687 0 
28.4998 37.1729 41.3715 47.3241 48.5923 47.7789 0 
28.5044 34.1646 41.7713 0 
28.9826 41.2109 0 
28.493 37.0629 0 
27.9958 37.3746 0 
28.5 34.0346 0 
28.5009 0 
28.0122 38.0725 37.666 0 
28.4981 37.4707 38.4493 43.2405 46.1746 0 
28.5031 39.7049 0 
28.499 33.2556 0 
28.0048 33.5283 0 
28.0117 37.7372 0 
28.9759 35.8878 41.8408 42.6962 45.8795 0 
28.999 34.5942 36.9322 42.4678 44.3751 47.0849 48.9097 50.0888 0 
28.3513 0 
28.4999 36.9201 37.6277 0 
28.0174 37.2209 41.0589 0 
28.502 31.1106 38.439 39.3086 43.58 0 
28.4993 34.9002 38.0744 41.1142 45.9694 0 
28.4979 36.5898 39.0791 44.7157 0 
28.5 37.9292 42.788 45.6517 47.4378 0 
28.5021 36.9645 44.8421 48.7046 49.7 48.015 49.2328 0 
28.5039 39.5221 43.1344 0 
28.503 37.2164 38.7966 0 
29.0071 0 
28.9975 33.5706 38.3522 42.2911 44.5545 47.1348 46.7268 0 
28.5043 36.4245 38.1669 43.6209 44.7935 45.4656 0 
28.4991 29.3538 35.7464 39.2215 0 
28.4984 0 
28.5027 32.3106 36.0279 40.8575 39.0843 40.3873 43.8135 0 
28.4987 0 
28.4969 0 
28.4979 33.7327 38.6348 0 
28.5023 36.7459 0 
28.499 37.8186 0 
28.5 0 
29.0058 37.1029 0 
27.9971 33.6452 40.1281 0 
28.4954 29.7777 40.9987 0 
28.5017 0 
28.5042 0 
28.5017 31.5999 0 
28.4997 43.8541 0 
28.4987 30.1842 39.6418 40.5676 0 
28.4945 0 
28.0012 0 
28.4996 36.9329 0 
28.0268 0 
28.9975 38.0366 0 
28.5057 37.8075 44.9735 42.7143 0 
28.4934 42.0265 41.8883 0 
28.5033 39.2806 38.489 42.0213 44.7908 0 
28.5036 29.1681 33.0448 38.62 38.946 0 
28.9483 35.236 0 
28.5022 33.7163 37.9614 40.656 0 
28.4996 39.2645 40.1049 0 
28.5057 39.7659 0 
28.5094 35.9007 38.1513 39.9239 41.3009 43.0173 0 
28.7119 35.191 0 
28.007 26.8993 33.3779 0 
28.4975 0 
28.501 43.8163 0 
28.4999 38.3665 0 
28.9801 32.3547 40.447 42.7699 46.6865 47.1525 47.7128 0 
28.499 0 
28.9828 37.5065 41.0782 40.7649 43.4061 0 
28.4939 39.9812 44.0344 0 
28.5033 0 
28.4941 38.8781 0 
28.4942 0 
28.5003 33.8592 38.398 43.8453 44.376 46.087 0 
28.5065 36.569 44.1774 0 
28.5029 31.1778 36.7269 43.7892 44.6126 45.9513 45.7686 45.6462 0 
28.496 37.8788 0 
28.9941 32.1649 39.3201 0 
28.0012 36.0613 41.7483 41.9929 0 
28.4969 34.609 37.5032 41.1472 43.8703 0 
28.4986 0 
27.9983 33.9618 47.0209 49.8884 46.8154 46.3354 46.9408 0 
28.5042 0 
29.0023 31.5998 37.6818 40.3934 0 
28.4988 36.1267 0 
28.5028 0 
29.0028 36.4888 0 
28.5034 0 
28.9981 40.9023 0 
28.5128 34.0639 0 
28.992 38.6226 0 
28.4971 26.0448 28.5247 29.4601 0 
28.5021 0 
29.0005 42.469 40.5701 0 
28.4979 34.4401 0 
28.0105 0 
28.5045 0 
28.4967 41.761 41.3398 45.5427 46.0141 46.8938 46.607 0 
27.9956 36.3781 0 
28.4981 0 
28.9915 44.6643 39.9612 44.6091 0 
28.5033 31.5535 0 
28.4947 40.0044 0 
28.5003 30.8425 0 
28.0086 39.7162 0 
28.4942 0 
28.4996 35.9933 0 
28.4978 0 
28.5036 29.6593 31.4703 35.0776 39.9963 43.9581 0 
28.0185 39.5104 0 
28.4991 40.2917 39.7318 0 
28.5004 0 
28.3587 0 
28.5037 37.622 41.3919 0 
28.4964 35.9129 43.2054 44.5828 43.9411 0 
28.4971 41.552 42.6865 0 
28.9829 37.2408 41.3818 44.0212 44.3768 43.7679 45.2791 0 
28.5019 34.5924 0 
28.4992 35.0362 36.8285 42.1729 42.6667 0 
27.9913 0 
28.4977 34.3574 35.5686 0 
29.0037 40.4664 40.9398 44.5099 43.8456 44.1983 44.8704 0 
27.9915 0 
28.4985 0 
28.997 36.206 0 
28.5008 0 
28.4976 36.9898 40.6019 42.0799 40.9736 42.4628 0 
28.4976 37.7843 43.1828 0 
28.5061 32.6667 39.5073 41.0268 41.4079 0 
28.4999 34.6703 34.836 37.0571 0 
28.5034 33.837 39.0023 41.8438 43.6772 43.3478 45.9557 0 
28.0042 34.1391 42.063 45.9 0 
28.0072 0 
28.9791 38.265 0 
28.5017 37.2709 42.8352 0 
28.5026 38.8239 45.0485 0 
28.5003 0 
28.9915 35.6674 36.8265 36.8999 39.5672 40.9888 0 
28.992 34.4141 0 
28.5002 33.272 0 
28.5005 0 
27.9833 29.3945 38.1622 45.7735 0 
28.5036 0 
28.5022 0 
28.4973 34.5485 0 
28.5015 36.3524 42.0003 44.2247 45.0359 0 
28.9949 37.9697 39.7927 40.5995 43.5028 0 
28.0037 0 
28.5003 36.2393 0 
28.5064 34.4684 38.2652 42.3582 44.8559 0 
28.5027 43.4607 0 
28.5016 32.5656 36.8831 42.4338 0 
28.4989 39.3891 0 
28.5008 0 
29.0061 0 
28.5017 0 
28.0095 33.3607 36.568 0 
28.497 37.5013 42.8549 44.4782 43.7615 0 
28.4989 0 
28.4981 39.7417 0 
28.5004 0 
28.4997 37.8706 42.5961 0 
28.9936 35.1496 39.5906 42.7921 46.0076 46.0175 46.9601 47.2465 0 
28.5029 33.5374 40.9685 0 
28.501 0 
28.9937 0 
28.4969 0 
28.4987 36.8227 42.6018 0 
28.4977 0 
28.5003 36.0413 0 
28.5008 38.1252 43.2738 0 
28.4967 0 
28.5128 26.8421 0 
28.9929 35.6349 45.0059 43.8779 0 
28.0067 36.2715 0 
28.5024 0 
28.9858 31.583 0 
29.0026 0 
28.5009 0 
28.5005 37.4655 39.6679 0 
28.5036 0 
28.4995 0 
28.5 0 
28.4991 0 
28.5017 43.0028 0 
28.0054 38.6954 42.3767 0 
28.4996 40.5397 0 
28.9948 0 
28.5039 0 
29.0025 36.8573 38.9785 39.4781 43 0 
28.4952 31.7377 0 
28.4954 38.3227 40.8711 47.3868 44.889 46.9688 0 
28.4988 36.9336 39.7209 41.0782 45.5458 0 
28.5001 0 
28.4994 0 
29.0016 42.6241 0 
28.0105 37.6928 41.4546 45.7519 45.0706 0 
28.5006 42.1651 0 
28.4991 36.036 0 
28.5007 36.4229 0 
29.0004 41.4701 0 
28.5014 0 
28.5043 39.7766 0 
28.4984 37.8366 0 
28.504 39.6242 41.3091 43.6252 45.5644 44.9153 45.9764 0 
28.4989 35.85 43.4943 0 
28.4979 37.5629 0 
28.5012 41.4277 0 
27.9999 47.168 50.7708 0 
28.9941 35.3513 0 
28.5026 34.413 41.2481 0 
28.996 27.8751 0 
28.4967 37.6481 40.2873 0 
28.5015 0 
28.4979 0 
28.4977 0 
28.5006 39.1223 39.349 41.0931 42.7925 42.0164 43.5915 45.9802 0 
28.4965 40.1562 45.8102 0 
28.0098 0 
28.9935 42.0705 40.4816 38.2533 44.7185 0 
28.9958 0 
28.4992 0 
28.5042 36.1968 40.1277 0 
28.9856 39.4028 37.907 44.0613 46.7497 0 
28.4981 38.8656 41.1403 47.2991 0 
28.502 36.5954 42.9512 42.8373 0 
28.4948 0 
28.9808 39.4177 48.4247 0 
28.0006 0 
28.5002 36.1048 40.3727 42.4258 0 
28.5024 45.7925 45.4725 0 
28.0112 39.0175 39.4633 40.6594 0 
28.5 34.6216 43.8449 0 
28.0142 36.6384 43.665 0 
28.499 38.7708 43.6642 0 
28.5093 34.8194 0 
28.4965 0 
28.5057 37.5746 39.4767 44.8702 47.726 47.1029 48.3797 47.2461 0 
28.9857 39.2958 0 
28.5026 39.1765 42.7978 45.2275 0 
28.5001 33.0866 38.003 41.1963 0 
28.5075 39.3316 0 
28.499 39.0979 0 
28.4983 36.4479 0 
28.5027 0 
28.4978 30.2478 0 
28.4996 35.4865 0 
28.5014 37.8678 39.7514 43.4502 45.3987 47.2607 47.3527 46.9901 0 
29.0045 0 
28.999 36.6559 42.982 0 
28.0012 35.2527 0 
28.496 37.7127 0 
28.4989 37.9344 0 
29.0012 31.3626 35.1752 40.9534 46.4823 0 
28.4966 32.6731 40.9617 0 
28.4992 33.2162 44.4087 45.7108 44.7458 0 
28.9823 0 
28.0096 39.8704 0 
28.498 38.0259 45.428 0 
28.5001 0 
28.4962 0 
28.5027 33.2086 0 
28.5042 0 
28.0226 33.5616 41.8012 0 
28.5011 0 
29.0042 0 
28.502 33.7606 36.782 39.4233 38.6486 0 
28.0055 40.2914 0 
27.9991 40.6282 52.1812 47.5149 47.8293 48.1475 48.4381 49.0192 0 
28.4964 0 
28.4988 30.4967 0 
28.9996 38.0918 0 
28.5002 38.011 42.6985 44.3165 0 
28.4972 37.0976 40.6055 41.8807 0 
28.0161 34.412 0 
28.0056 0 
28.4973 0 
29.0032 34.3265 36.755 0 
28.5012 37.1553 38.3939 38.8876 42.2992 44.3781 0 
28.5001 0 
28.5022 36.5335 0 
27.9989 36.4319 39.3971 0 
27.9964 33.3709 0 
28.4945 0 
28.0046 36.895 45.2668 43.587 43.2526 42.2108 43.7725 0 
28.498 35.9669 0 
28.0017 0 
28.993 42.0138 43.9349 46.8148 48.1729 47.8729 0 
28.498 43.626 47.344 47.5151 0 
28.4951 40.346 42.5696 0 
28.4974 35.6901 43.7833 0 
28.4974 28.7029 34.1335 35.8302 0 
28.4974 34.1794 35.7379 39.1892 40.6084 44.4141 45.6822 48.2845 0 
27.9954 0 
28.5037 0 
28.5015 39.3706 0 
28.4992 0 
28.4898 37.5071 41.6908 0 
27.9959 0 
28.5018 40.8914 41.3653 43.9123 45.3461 0 
28.0079 0 
28.4976 41.6617 44.2054 0 
28.5007 37.4708 45.0362 47.3397 50.4689 0 
28.499 36.7491 0 
28.497 0 
28.5028 42.8786 0 
28.5004 34.6384 0 
28.4967 34.8038 39.5602 0 
28.5063 36.3173 42.6655 46.1807 0 
28.994 37.9237 34.6839 41.969 43.9638 45.0655 47.2293 46.6505 46.1809 0 
28.5027 40.7988 0 
28.5008 36.8474 0 
28.5004 36.3462 0 
28.4965 0 
28.9888 0 
27.9979 38.5843 38.5588 42.0159 41.9939 0 
28.9748 0 
28.4974 0 
28.5001 0 
28.5036 0 
28.4958 0 
28.4995 35.4742 44.0415 43.6137 43.9099 45.0287 0 
28.0119 38.4877 41.7295 44.155 45.7686 46.7272 0 
28.4976 35.4127 35.9414 39.3422 43.4469 0 
28.4985 29.3665 29.936 0 
28.5001 35.5816 35.2903 37.6585 40.4899 44.8958 44.9584 0 
28.5016 36.0705 0 
29.0062 36.2089 41.2957 42.6032 44.2488 43.9122 0 
28.4991 27.9534 0 
28.4945 35.3957 43.4453 46.6236 0 
28.5045 38.1206 0 
28.5029 0 
28.5 36.7796 0 
28.5004 0 
28.505 31.476 38.186 45.5525 44.6797 0 
28.4917 30.9029 0 
28.5019 0 
28.9995 0 
28.5031 0 
28.0047 0 
28.4978 45.0647 47.9797 49.08 48.0772 48.3836 48.2116 0 
29.0032 34.3508 37.9878 38.7379 42.82 0 
28.5029 42.2286 40.7329 43.6852 47.7298 48.2293 48.8412 0 
28.5005 0 
28.4944 49.7709 0 
28.4996 35.3751 39.35 42.0527 44.6039 47.0013 47.5755 46.5545 0 
28.9968 32.9203 0 
28.5008 0 
28.5021 40.0076 42.0316 0 
28.5023 0 
28.9969 37.4913 42.6055 43.4354 44.114 45.6593 0 
28.4976 34.3301 39.7867 38.8387 37.4101 0 
28.5008 0 
28.4937 0 
28.4946 35.5993 43.8955 45.6838 47.0625 0 
28.5028 37.766 42.8796 39.7004 41.4525 43.9135 44.3643 46.798 0 
28.5 34.8981 41.2063 0 
28.006 0 
28.4991 37.4158 39.8884 39.2884 0 
28.5058 32.4513 41.1762 45.7126 46.5516 47.0934 0 
28.4965 38.0143 0 
28.4957 38.9861 0 
27.9991 0 
28.0216 36.408 0 
28.5043 35.1258 0 
28.9917 30.7494 34.527 38.5398 39.982 40.6006 43.3653 0 
28.9845 32.1668 34.5 36.8334 41.3015 42.5218 44.2368 0 
28.9902 37.8349 0 
28.4985 34.8598 39.6725 0 
28.4964 34.0407 0 
28.9933 39.556 40.956 0 
28.5013 41.8452 0 
28 0 
28.4983 31.9869 0 
28.4993 0 
28.5045 31.8937 40.9741 42.3364 0 
28.9969 41.9311 0 
28.9935 43.319 0 
28.4982 37.2856 43.7075 47.1779 0 
28.5001 38.0639 43.369 44.9806 45.3387 47.8229 46.4556 0 
28.4983 0 
28.5036 36.7858 39.8951 41.0846 44.0344 0 
28.0169 0 
28.9782 38.4532 43.8447 42.7433 44.7713 48.2923 48.1702 49.8854 0 
28.5039 35.5577 0 
28.4999 37.9111 38.8316 42.2176 45.1223 0 
28.5 38.7552 0 
28.4992 45.9313 0 
28.5061 40.2614 41.6043 44.8507 0 
28.9996 36.5177 0 
28.4983 0 
28.502 36.9841 42.2992 43.7084 44.9938 47.337 48.26 0 
28.4988 0 
28.983 39.3501 0 
28.5013 33.2147 36.7609 42.1417 46.325 45.525 48.6249 0 
28.0103 40.591 42.8212 46.5587 45.7316 46.8934 0 
28.4997 33.4138 38.4097 44.2409 0 
28.4975 34.8289 42.7625 47.1135 52.6275 0 
27.9939 32.6598 40.7498 0 
28.5011 32.2836 32.524 36.0001 38.9082 41.0156 42.8515 0 
28.5064 36.4896 41.2878 44.5814 43.6348 46.4763 48.8566 48.7415 0 
28.5024 41.08 45.5704 46.788 49.3982 0 
28.5038 33.2219 0 
28.9715 0 
28.5023 0 
28.5055 41.7974 0 
28.4937 0 
28.4959 33.2836 35.712 0 
28.5005 0 
28.0027 0 
28.4945 35.2002 0 
28.4535 0 
28.5036 34.0676 0 
28.5021 0 
29.0065 39.7456 0 
28.4993 0 
28.5047 32.4384 37.7526 43.8864 45.1869 44.746 47.4917 0 
28.4983 31.6797 40.11 0 
28.5033 33.7838 38.6443 41.4251 41.4719 42.7599 0 
28.5033 35.638 0 
28.5005 32.7631 39.5216 0 
28.4996 0 
28.9903 39.5855 44.9411 0 
28.9789 37.0558 43.2131 45.9717 47.9805 0 
28.5028 37.2288 0 
28.4952 0 
28.0032 39.608 38.8053 42.8791 43.2206 0 
28.4991 27.2216 0 
28.4946 35.856 0 
28.5036 0 
28.4965 0 
27.9963 33.1481 42.4593 43.5222 0 
28.5031 36.5113 41.4437 44.2754 43.8894 0 
28.5008 32.5853 33.7832 38.348 41.7142 43.4307 43.7052 0 
28.4996 34.0432 35.3662 40.058 45.4502 45.8135 0 
28.4953 0 
28.9862 0 
28.5076 40.3315 41.8835 0 
28.5023 0 
28.5077 37.0182 42.6146 44.9208 46.5459 46.2972 47.65 48.277 0 
28.9631 0 
29.0052 37.2712 45.0682 0 
28.498 37.8746 0 
28.4966 0 
28.497 31.0565 36.8018 41.0566 46.3035 48.8685 0 
28.5 0 
28.5012 0 
28.9918 0 
28.498 0 
28.0065 32.3878 39.1096 40.6223 44.1498 45.9528 47.3064 45.7652 0 
28.4985 37.6919 43.79 0 
28.502 38.6812 41.2714 0 
28.4995 38.3039 0 
28.4987 31.9693 37.8316 38.8785 40.4958 40.0872 43.3812 0 
27.9958 35.9171 0 
28.4963 31.4276 40.5339 0 
28.5003 0 
28.0022 35.3038 38.2593 42.628 45.3279 0 
29.0026 42.0155 42.7545 43.8119 46.0767 46.625 47.64 0 
28.4992 35.0015 36.2668 39.2353 43.3947 44.2461 0 
27.9977 33.5823 0 
28.9937 35.7999 34.942 0 
28.0032 31.9645 40.6906 0 
28.5014 36.0742 44.2689 46.2327 0 
28.505 35.4386 39.3664 41.5279 42.6406 46.9757 47.257 0 
28.4996 36.6476 39.7022 41.9408 0 
28.9944 38.7444 36.7851 40.5204 0 
28.9901 0 
28.9993 39.1255 0 
28.9928 35.5048 38.7759 43.0196 0 
28.5057 32.6255 40.6849 0 
28.4966 38.6385 42.977 42.7301 46.7289 46.5678 0 
28.4988 0 
28.4951 37.5947 40.0321 0 
28.5067 31.727 35.8613 43.8019 46.8676 0 
28.4986 35.9435 38.8798 44.1028 46.6026 0 
28.5 36.5284 40.4879 42.3106 0 
28.5045 31.3505 39.5052 43.185 45.4422 45.5198 0 
28.5016 0 
28.5002 0 
28.5007 40.0029 0 
28.9852 30.371 0 
28.0083 35.0983 0 
28.9605 35.6232 41.1125 45.7292 0 
28.5081 0 
29.0024 0 
28.4956 38.4596 0 
28.4999 38.8728 0 
28.4984 0 
28.0097 35.9793 37.3577 41.1608 0 
28.5009 36.7276 0 
28.4968 0 
29.0006 0 
28.9957 40.7239 41.9344 48.0818 48.4172 0 
28.4958 32.7693 40.5001 42.9522 44.8156 44.947 0 
28.4984 0 
28.9788 0 
27.9976 0 
28.4988 36.732 39.7509 42.7171 42.855 45.3334 47.2799 0 
28.5017 30.9333 40.2414 42.4191 39.6161 41.2364 0 
28.0081 0 
28.5001 40.8374 0 
28.9962 34.4928 45.4119 49.0114 0 
28.5013 38.1766 42.5894 48.359 51.8447 52.1029 0 
28.0038 32.5616 33.7214 39.2769 39.8425 43.8345 45.523 45.9093 0 
28.4954 36.9594 47.7983 0 
28.4984 35.111 0 
28.5024 36.0478 37.5012 41.4196 0 
28.5041 33.9 0 
28.5028 41.986 44.172 46.4078 45.2555 46.7166 46.1336 48.3162 0 
28.5039 37.1658 43.7702 0 
28.5031 34.4727 41.7277 41.8079 43.403 0 
28.5049 39.3324 0 
28.0266 33.8034 42.118 0 
28.5004 37.6387 42.4871 44.6774 46.5976 0 
27.9957 36.3084 0 
28.4987 36.422 0 
28.5101 34.7281 40.5011 44.2872 45.5556 44.7483 44.1858 45.0057 0 
28.5034 35.2259 42.5368 42.0655 46.0917 48.3092 0 
28.5021 37.9233 0 
28.5006 37.0082 0 
28.5032 0 
28.4967 0 
28.5005 28.4616 36.7187 41.0763 41.7501 0 
28.4999 38.1051 40.3158 43.2951 44.3213 45.5197 45.9293 48.3056 0 
28.4981 0 
28.5046 35.6041 0 
28.4993 0 
28.5013 0 
28.4857 37.7556 0 
28.503 37.6562 40.7167 43.7738 44.1897 45.6354 0 
