59.4913 59.5343 59.4634 59.4822 59.4791 59.4523 59.4577 59.4988 0 
59.505 59.477 59.4565 59.4392 0 
59.5251 59.5122 59.4777 0 
59.4808 59.4938 59.5096 59.5129 59.5101 59.476 59.4833 59.5231 59.4964 0 
59.5224 59.4987 59.4896 59.5201 0 
59.4993 59.4604 59.5056 59.5083 0 
59.501 59.501 59.498 59.4405 59.4758 0 
59.4995 59.4914 59.5127 0 
59.5367 59.5163 59.4817 59.4817 59.4774 59.5092 0 
59.5219 59.4614 59.493 59.5149 0 
59.4919 59.4956 59.4611 59.492 59.485 59.4507 59.45 59.4852 0 
59.5207 59.5293 59.4923 0 
59.4959 59.4906 59.5502 59.4937 59.4973 59.503 59.5168 59.4823 0 
59.5021 59.4759 59.4348 59.5366 59.5069 59.4867 59.4461 59.4745 0 
59.4996 59.5044 59.4796 59.4798 59.5038 59.4673 59.503 59.4956 0 
59.4622 59.4914 0 
59.5053 59.4988 59.4813 0 
59.5253 59.459 59.482 59.4928 0 
59.4954 59.5059 59.4826 59.5093 59.5233 59.5225 0 
59.4923 59.4623 59.4905 59.5143 59.4938 0 
59.5275 59.4627 59.4952 59.4618 0 
59.5076 59.4739 59.4888 59.515 59.4458 59.5057 0 
59.476 59.4463 59.5035 0 
59.4942 59.4884 59.4651 0 
59.5237 59.5142 59.4986 59.4854 59.4801 0 
59.519 59.4627 59.5384 59.4536 59.4961 59.4709 0 
59.5285 59.5203 59.5057 59.5064 59.5146 59.5139 0 
59.5044 59.5227 59.4813 59.5307 59.4394 59.4744 59.4918 59.5338 0 
59.4573 59.5136 59.5373 59.4969 59.5153 59.5176 59.5299 0 
59.5017 59.4978 59.4979 59.4802 0 
59.5085 59.5163 59.4611 59.4991 59.5118 59.4815 0 
59.5018 59.5527 59.5059 59.4942 59.4877 59.4713 59.4988 59.5364 59.5096 0 
59.5152 59.4935 59.5239 59.5101 59.4984 59.5061 59.507 0 
59.4621 59.5037 59.4624 59.4773 59.509 59.506 0 
59.4893 59.5043 59.488 0 
59.5092 59.4828 59.4371 0 
59.5244 59.4537 59.4899 59.4974 59.4407 0 
59.5298 59.4785 59.4683 59.5702 59.4969 59.4858 59.4681 0 
59.5261 59.4817 59.5182 59.4739 0 
59.4925 59.467 59.5287 59.5045 59.496 59.489 0 
59.5049 59.5033 59.5213 59.5003 59.4812 59.4836 59.5171 59.5053 59.528 0 
59.5203 59.4959 59.5012 59.5288 59.4518 59.5113 0 
59.4935 59.4857 59.4609 0 
59.5061 59.5019 59.4921 59.4967 59.5401 59.5312 0 
59.4818 59.5263 59.4864 59.4938 59.4865 59.4734 59.5001 59.5109 0 
59.5174 59.4802 59.4877 59.4856 59.4979 59.4776 0 
59.4859 59.5033 59.453 59.5418 59.4844 0 
59.5541 59.4906 59.4586 59.4679 59.4901 59.4743 59.5063 0 
59.5436 59.4971 59.4872 0 
59.4932 59.4791 59.4732 59.5127 59.5204 59.4949 0 
59.5635 59.4846 59.5003 59.5422 59.5085 59.4904 0 
59.5435 59.4645 59.5242 59.5242 59.4947 0 
59.507 59.511 59.5016 0 
59.5022 59.4943 59.4948 59.4955 59.5092 0 
59.5097 59.4958 59.4397 59.5235 59.4826 0 
59.5194 59.4896 59.4993 59.4669 59.5073 59.4917 59.4813 59.5081 0 
59.4956 59.4781 59.4976 59.4725 59.4928 59.4842 0 
59.5101 59.5139 59.482 59.4814 59.4954 59.499 59.4753 59.5076 0 
59.5591 59.5007 59.5072 59.4902 0 
59.5028 59.4858 59.5092 59.454 59.4728 0 
59.523 59.5185 59.5252 59.4788 59.4971 59.5015 0 
59.5052 59.4645 59.5288 59.5212 0 
59.51 59.5198 59.4511 59.531 59.5022 59.5101 59.5093 0 
59.5314 59.5033 59.5067 59.4818 59.4786 59.4946 0 
59.5027 59.4842 59.4911 59.4957 0 
59.4568 59.4832 59.4782 59.4915 59.4899 59.5286 0 
59.5031 59.4846 59.4991 59.4952 59.459 0 
59.5182 59.4897 59.4843 59.4958 0 
59.4756 59.4539 59.5125 59.4946 59.5156 0 
59.5069 59.5021 59.5348 59.4825 59.4715 0 
59.5255 59.5011 59.4911 59.5101 59.5144 59.5027 59.5177 59.4546 0 
59.5296 59.5331 59.5044 59.4989 59.5785 0 
59.5399 59.4774 0 
59.5222 59.5033 59.5041 59.4966 59.4557 0 
59.5355 59.5059 59.4868 59.4915 59.5234 59.466 0 
59.5298 59.5026 59.477 59.501 59.5018 0 
59.5157 59.4819 59.4894 0 
59.4919 59.4868 59.4729 59.4986 59.4935 59.4449 0 
59.4448 59.5239 59.4956 59.464 59.4618 0 
59.5219 59.5049 59.5148 59.4335 0 
59.5133 59.4419 59.483 59.517 59.4816 0 
59.4907 59.4801 59.499 59.487 59.4809 0 
59.4614 59.5292 59.5013 59.472 59.464 0 
59.5025 59.5023 59.4923 59.4691 59.5064 0 
59.4666 59.4555 59.4916 0 
59.4797 59.5113 59.4914 59.4919 59.4878 0 
59.4919 59.4771 59.4852 59.4845 59.5017 59.4927 0 
59.4846 59.5045 0 
59.4623 59.5508 59.5005 0 
59.499 59.525 59.4397 0 
59.4673 59.4826 59.5016 59.4964 59.4716 0 
59.5208 59.476 59.5236 59.4858 59.4757 0 
59.5169 59.5281 59.4778 59.5506 59.4472 0 
59.5339 59.4765 59.4703 0 
59.4812 59.4912 59.4931 59.4898 59.4829 59.4864 0 
59.5291 59.4999 59.495 0 
59.5207 59.4851 59.4971 0 
59.5128 59.4938 59.4674 59.4677 59.4898 0 
59.5002 59.5207 59.5062 59.4961 59.4782 59.4821 0 
59.4568 59.5115 59.4953 59.4978 59.5154 0 
59.5503 59.5052 59.4553 59.5087 59.4916 59.4602 59.4923 0 
59.5129 59.4725 59.5231 59.4798 59.5413 0 
59.5213 59.4734 59.4868 59.5191 59.5009 59.478 0 
59.4925 59.4991 59.5117 59.4735 59.4802 59.52 59.4852 0 
59.502 59.502 59.499 59.5314 59.5019 59.4998 59.4791 59.4811 0 
59.5335 59.508 0 
59.5073 59.4839 59.4835 59.4693 59.5366 59.5056 0 
59.5499 59.5072 59.487 59.4831 59.4986 59.4847 0 
59.5106 59.5211 59.4553 59.4989 59.5121 59.4929 59.5085 0 
59.5444 59.4871 59.5284 0 
59.5258 59.5047 59.4974 59.488 59.4448 0 
59.486 59.4962 59.4689 59.4808 59.5027 0 
59.4809 59.4927 59.4925 59.4752 59.4802 59.4724 0 
59.523 59.4992 59.5016 59.5088 0 
59.5026 59.5029 59.5054 59.4791 59.5001 59.501 59.4854 0 
59.4884 59.5023 59.5025 59.5025 59.5058 0 
59.5195 59.4448 59.53 59.5081 59.51 59.472 59.4729 0 
59.4806 59.5129 59.4974 59.5046 59.4603 59.5026 59.4583 0 
59.4915 59.5198 59.5392 59.5066 59.5047 59.4815 0 
59.4843 59.5046 59.5222 59.5288 59.5153 59.5059 59.5021 0 
59.5396 59.4884 59.5122 59.5123 59.5112 0 
59.4778 59.502 59.4872 59.4801 59.539 59.474 59.4815 59.4874 0 
59.5021 59.5131 0 
59.4878 59.5152 59.4793 59.4964 59.5039 59.4906 59.4917 59.5033 0 
59.4774 59.5024 59.4836 0 
59.514 59.4932 59.491 59.4896 59.4937 0 
59.5209 59.4503 59.5125 59.5372 59.5419 59.4988 59.4772 59.4857 0 
59.4947 59.5353 59.4927 59.501 59.5024 59.4919 0 
59.4871 59.4993 59.5047 0 
59.5221 59.4649 59.5074 59.4936 59.5036 59.4653 59.4957 59.477 59.5128 0 
59.516 59.474 59.518 59.4935 59.5265 59.3993 59.4376 0 
59.5245 59.5067 59.4617 59.4923 59.5021 59.4726 0 
59.52 59.4932 59.4742 59.4948 59.4936 59.4859 59.4853 59.5368 0 
59.5106 59.4657 59.5061 0 
59.5072 59.517 59.4738 59.4744 59.4833 59.4836 0 
59.505 59.4431 59.4969 59.472 59.4943 59.5054 59.5087 0 
59.5253 59.4877 59.5137 59.4766 59.4467 59.4894 59.4892 0 
59.4876 59.4765 59.5031 59.4836 0 
59.5017 59.4888 59.5228 59.5109 59.48 0 
59.4799 59.4895 59.4468 59.4306 59.4775 59.49 0 
59.5182 59.4311 59.4402 59.4646 0 
59.4788 59.4974 59.4932 59.5055 0 
59.5133 59.4891 59.4828 59.4326 59.4911 0 
59.5213 59.4888 59.4947 59.4515 59.4972 0 
59.5267 59.4859 59.497 59.5118 59.4797 59.4864 59.4484 0 
59.4951 59.5116 59.4909 59.5078 59.4627 59.4871 59.4909 59.5048 59.5049 0 
59.5037 59.4924 59.495 59.4998 0 
59.4976 59.498 59.5163 59.4794 59.5113 0 
59.4856 59.5001 59.5176 59.5271 0 
59.4715 59.4943 59.4767 59.4888 59.4976 59.4991 59.5066 0 
59.522 59.4864 59.5081 59.5041 59.5012 59.5073 59.481 0 
59.5236 59.4882 59.5103 59.4765 59.5187 59.5128 59.4873 0 
59.4868 59.4888 59.4878 59.4615 59.473 0 
59.5174 59.5018 59.5284 59.4903 59.5258 0 
59.5173 59.4563 59.5065 59.5216 59.5034 0 
59.5023 59.5184 59.5326 59.508 59.4651 59.4772 0 
59.5523 59.4901 59.5065 59.5015 59.4923 59.4997 0 
59.4866 59.5023 59.491 59.4861 59.4661 0 
59.4788 59.4971 0 
59.4781 59.488 59.5184 59.5062 59.5227 59.4931 59.4925 59.5182 59.5199 0 
59.5203 59.481 0 
59.5113 59.4778 59.4705 59.509 0 
59.5 59.4593 59.5155 59.5087 59.4588 59.4965 59.5028 59.5022 0 
59.4789 59.5116 59.4827 59.5076 0 
59.5002 59.4449 59.4711 59.488 59.5053 0 
59.5264 59.4753 59.5093 59.4911 59.468 59.4704 0 
59.4709 59.4414 59.4812 59.4422 0 
59.481 59.5106 59.5168 59.491 0 
59.4937 59.5087 59.4933 0 
59.4995 59.4744 59.4915 59.4993 59.4655 59.4894 59.5088 0 
59.5351 59.4848 59.5004 59.5059 59.4954 59.4507 59.5073 59.4778 0 
59.5103 59.4831 59.4849 59.4848 59.4939 0 
59.5087 59.4933 59.4974 59.4784 59.499 59.4695 59.5008 59.4788 0 
59.5456 59.5159 59.4506 59.5141 0 
59.4535 59.5151 59.498 59.4949 59.483 0 
59.5433 59.4736 59.4924 59.5079 59.5024 0 
59.5315 59.5027 59.5511 0 
59.4754 59.5085 59.5047 59.5222 0 
59.4909 59.489 59.5035 59.4683 59.4776 59.5083 59.515 59.4817 0 
59.5094 59.4906 59.4882 0 
59.493 59.4588 59.5025 59.5348 0 
59.4912 59.4881 59.5 59.507 59.4989 59.5118 59.4831 0 
59.536 59.5105 59.4997 59.5019 59.5036 59.4916 59.5061 0 
59.5021 59.5505 59.5017 59.4706 59.5058 59.498 59.473 59.4911 0 
59.5033 59.4974 59.4831 59.4709 59.5099 59.4639 0 
59.4862 59.4903 59.513 59.5427 59.4707 59.4555 59.5 0 
59.4848 59.513 59.4962 0 
59.4886 59.4904 59.4642 59.471 59.5074 59.5034 59.462 0 
59.483 59.4921 59.4798 59.5025 59.4876 0 
59.5294 59.4896 59.494 59.497 0 
59.5112 59.5098 59.5075 0 
59.5103 59.4889 0 
59.4952 59.4919 59.5022 59.5101 59.5057 0 
59.5043 59.4834 59.5034 59.4866 59.4896 0 
59.4871 59.4818 59.4821 59.4863 59.5194 0 
59.5103 59.4913 59.4998 0 
59.4559 59.5082 59.462 59.5113 59.4656 59.4676 59.5095 0 
59.5149 59.5197 59.5046 59.5338 59.4853 59.4904 0 
59.4998 59.4979 59.5242 59.4781 59.4994 59.4667 59.4885 59.5104 0 
59.5198 59.4653 59.5396 59.4672 0 
59.4974 59.5052 59.499 0 
59.5083 59.5064 59.4807 59.4821 59.5053 59.5286 0 
59.4825 59.4949 59.5006 59.4954 0 
59.4919 59.5088 59.517 59.4662 59.515 59.4889 59.4683 0 
59.4956 59.4728 59.5267 59.4676 0 
59.5314 59.4924 59.4993 59.4897 0 
59.5205 59.4519 59.4905 59.5001 59.5242 59.5029 0 
59.503 59.5204 59.5473 59.4699 59.4943 59.5324 59.4814 59.447 0 
59.5058 59.5013 59.4845 59.4844 59.5019 59.5035 59.4977 0 
59.5074 59.5056 59.509 0 
59.4813 59.5693 59.4504 59.4934 59.4743 59.4928 59.4934 59.5226 0 
59.5039 59.4974 59.5081 59.4771 0 
59.5278 59.5394 59.5061 0 
59.4975 59.493 59.5079 59.4788 59.5113 59.5053 59.4761 59.4989 0 
59.5557 59.4891 59.5439 59.4941 59.5142 0 
59.5271 59.4955 59.4872 59.4801 59.4959 59.4567 59.5218 59.5022 0 
59.489 59.5069 59.4841 59.4897 59.5412 0 
59.5062 59.5055 59.4988 59.5014 59.5062 59.5116 0 
59.5296 59.4844 59.4796 59.4872 0 
59.4777 59.4902 59.487 59.4814 59.4966 59.4964 0 
59.5091 59.5494 59.4851 59.5146 59.4904 59.5049 59.4583 0 
59.5365 59.5253 59.4783 59.4971 59.5363 59.4978 59.4842 0 
59.5272 59.5072 59.5023 59.4906 59.4499 59.4495 59.4872 59.5079 0 
59.482 59.4951 59.4909 59.4549 59.5249 59.4831 59.4922 0 
59.4833 59.4736 59.5113 0 
59.5209 59.5077 59.5589 59.5075 59.4901 59.4963 59.4338 0 
59.4833 59.5118 59.5015 59.4988 59.5255 59.5208 59.4146 59.4997 0 
59.5018 59.4582 59.4949 59.4648 0 
59.5104 59.4943 59.461 59.5099 59.4863 59.4906 0 
59.5286 59.4822 59.5434 59.5098 59.5207 59.5022 59.489 59.5153 0 
59.5326 59.5002 59.4862 59.5006 59.4796 59.5128 0 
59.501 59.4956 59.5122 59.5054 59.5061 59.4885 59.4801 0 
59.5065 59.4843 59.4816 59.4795 59.4735 59.4938 0 
59.5152 59.4846 59.4665 0 
59.4876 59.5369 59.4799 59.5091 59.4812 0 
59.5062 59.5024 59.4604 59.5023 0 
59.4685 59.5391 59.5127 59.4754 59.5097 0 
59.5257 59.4913 59.4867 0 
59.4875 59.4814 0 
59.5113 59.4879 59.4812 59.5159 59.4919 59.5001 59.4997 0 
59.5259 59.4449 59.5119 59.4975 59.5308 0 
59.5128 59.4747 59.4526 59.4957 59.4575 0 
59.5077 59.518 59.441 0 
59.5006 59.5205 59.5328 59.5226 0 
59.5094 59.4995 59.4975 59.4695 59.498 0 
59.4741 59.4851 59.5163 0 
59.498 59.4915 59.4921 59.4704 59.4968 59.5109 0 
59.4914 59.4896 59.5073 59.4534 59.5101 59.5289 0 
59.5187 59.4985 59.4907 59.4822 59.5004 0 
59.5148 59.5003 59.4314 59.5092 59.5015 0 
59.5067 59.4599 59.5041 59.4915 0 
59.5006 59.4874 59.5065 59.4672 59.5311 59.4947 59.5013 59.5052 0 
59.4882 59.4831 59.5252 59.4665 0 
59.4878 59.4728 59.5011 59.5876 59.5199 0 
59.4898 59.5088 59.4689 0 
59.5312 59.4575 59.4726 59.5144 59.4966 59.4486 0 
59.526 59.541 59.5249 59.5243 59.4489 59.4987 0 
59.4677 59.5089 0 
59.5034 59.4632 0 
59.4882 59.5315 59.5111 59.5019 59.4734 59.4668 0 
59.4647 59.4229 59.4838 59.4947 59.5147 59.5224 0 
59.4853 59.4954 59.5267 59.4873 59.5122 59.4792 59.4964 59.4931 0 
59.5367 59.5055 59.5202 59.4891 59.4958 59.5283 59.5253 0 
59.5105 59.509 59.4156 59.5052 59.5103 59.498 0 
59.5035 59.4886 59.5051 59.4926 0 
59.5379 59.4877 59.5135 59.4617 59.4913 59.5154 0 
59.5096 59.5178 59.4409 59.5363 59.5343 0 
59.513 59.4773 59.5007 59.4947 59.5201 59.4489 59.467 59.5314 0 
59.5041 59.4876 59.4719 59.4804 59.4775 0 
59.4975 59.4818 59.5052 0 
59.5033 59.4835 59.4601 59.4845 59.4948 59.5155 59.4975 0 
59.5181 59.497 59.4545 59.4913 0 
59.518 59.5129 59.4987 59.4913 59.493 0 
59.5049 59.479 59.53 59.4468 59.5341 59.4929 0 
59.515 59.5118 59.517 59.5066 59.5022 59.5147 0 
59.4829 59.5445 59.5166 59.4995 59.4966 59.5151 59.4335 0 
59.4769 59.4921 59.4692 59.488 59.4812 59.4909 59.5237 0 
59.5043 59.5012 59.4924 59.5327 59.4885 59.51 59.4816 59.4646 0 
59.5081 59.4818 59.4831 59.5092 0 
59.502 59.5008 59.4848 59.5056 59.5019 59.4896 59.4924 59.4834 59.5245 0 
59.5181 59.5115 59.5354 59.4918 0 
59.5056 59.5099 59.5081 0 
59.508 59.49 59.5005 59.5095 59.493 0 
59.5161 59.5203 59.4917 59.5136 59.4981 59.5011 0 
59.5156 59.4964 59.4905 59.5006 59.518 0 
59.5122 59.4846 59.4876 59.5009 59.5123 59.5037 0 
59.5257 59.4865 59.4893 59.4765 59.4974 0 
59.4939 59.4854 59.4819 59.5231 59.4418 59.4613 0 
59.5055 59.5025 59.4485 59.525 59.4252 59.4889 59.5023 59.4867 0 
59.5364 59.4946 59.4537 59.5166 59.5132 59.4817 0 
59.501 59.4862 59.4895 59.4904 59.4774 59.4762 0 
59.5404 59.4999 59.4802 0 
59.5245 59.4655 59.4559 59.4897 59.4668 59.4525 0 
59.5281 59.4919 59.4709 0 
59.4768 59.4859 59.5126 0 
59.505 59.5447 59.5244 0 
59.5136 59.4993 59.5057 59.4939 59.5138 0 
59.5002 59.5068 59.5137 59.5401 59.4904 59.4507 59.5205 0 
59.4962 59.5143 59.456 59.4968 59.434 59.4935 0 
59.5202 59.5112 59.5002 0 
59.5013 59.487 59.4569 59.4741 59.4938 0 
59.4674 59.4899 59.5022 59.5055 59.5006 0 
59.5269 59.5011 59.5275 59.4848 59.4927 59.4977 59.4687 0 
59.5113 59.4892 59.5143 59.4824 59.3865 0 
59.4884 59.4959 59.4886 59.4977 0 
59.5385 59.4954 59.4811 59.5043 59.4908 59.4872 59.4852 59.4839 0 
59.4923 59.4863 59.5178 59.5117 59.4626 0 
59.5186 59.5551 59.4807 0 
59.5273 59.504 59.5122 59.4862 0 
59.5211 59.5148 59.5001 59.4873 59.502 59.515 0 
59.5471 59.4881 59.5203 59.4688 0 
59.5068 59.5084 59.4948 59.4921 59.4987 0 
59.4658 59.506 59.4233 59.4596 59.4798 59.508 0 
59.5098 59.4348 59.4543 59.4725 59.4758 59.5038 59.5133 0 
59.4882 59.4872 59.5202 59.5091 59.5122 0 
59.5011 59.4923 59.4696 59.5504 0 
59.5009 59.5118 59.4579 59.4546 59.48 59.445 59.5061 59.4879 59.4703 0 
59.525 59.4713 59.49 59.514 59.5047 59.4862 0 
59.5371 59.4984 59.486 59.4965 59.4966 59.4886 59.4751 59.4622 0 
59.5065 59.4904 59.5122 59.4774 0 
59.4763 59.5347 59.505 59.511 59.4887 59.5039 59.4964 0 
59.5189 59.5127 59.5196 59.4747 59.5072 59.5084 0 
59.4828 59.5206 59.5128 59.463 59.4747 0 
59.5168 59.4859 59.5226 59.5217 0 
59.5439 59.497 59.4944 59.4911 0 
59.4949 59.4596 59.4785 59.534 59.4972 0 
59.488 59.4815 59.5017 59.5065 59.4944 59.4886 0 
59.5073 59.4986 59.5037 59.4822 59.4635 59.481 59.4882 59.5069 0 
59.4644 59.5047 59.5103 59.4918 59.4879 0 
59.5336 59.455 59.4722 59.4989 59.4796 59.505 0 
59.4881 59.5029 59.4577 59.5394 59.4515 0 
59.5338 59.4988 59.4968 59.5045 0 
59.513 59.4754 59.4657 59.473 59.5351 59.4735 0 
59.5304 59.4737 59.493 59.4803 0 
59.5043 59.5044 59.5098 59.4836 59.5019 59.4862 59.4807 0 
59.4914 59.5106 59.4926 59.5156 59.4471 0 
59.5048 59.5066 59.5172 59.5104 59.4876 59.5083 59.4713 0 
59.5464 59.5134 59.4645 59.4245 59.4767 59.4852 0 
59.4938 59.5036 59.5162 59.4498 59.493 59.4589 59.5104 0 
59.47 59.4926 59.4666 59.5014 59.4599 59.4467 0 
59.4841 59.4941 59.4781 59.4619 0 
59.503 59.4892 59.4868 59.4757 59.4916 0 
59.5341 59.5153 59.4855 59.5036 0 
59.526 59.4592 59.493 59.4907 0 
59.5027 59.4918 59.4694 59.538 0 
59.5276 59.4992 59.491 59.4692 59.5051 59.5181 0 
59.5041 59.505 59.5156 59.5219 59.4869 59.5073 59.5031 59.5052 0 
59.5411 59.494 59.4927 59.5032 59.5375 59.4723 59.4971 0 
59.5405 59.5129 59.4971 59.5006 59.4942 59.4525 59.494 0 
59.498 59.4941 59.4894 59.5188 0 
